JOB 0
COORDS  1.5341580000e-01  6.0247300000e-02 -4.6985700000e-02 -5.5290570000e-01 -8.5168480000e-01 -8.9844080000e-01 -1.9710785000e+00 -8.8215550000e-01 -8.5187280000e-01 -2.6790224000e+00 -1.5181000000e-02  3.0844800000e-02 -1.9711524000e+00  8.7945290000e-01  8.8616360000e-01 -5.5264590000e-01  9.0865190000e-01  8.6751470000e-01  1.6693748000e+00  3.1343700000e-02 -2.6841800000e-02  2.3391617000e+00 -2.3623990000e-01  1.1495836000e+00  2.3795034000e+00  1.7193880000e-01 -1.2012087000e+00  8.1240000000e-04 -1.5344677000e+00 -1.5719224000e+00 -2.5246954000e+00 -1.5883727000e+00 -1.5008828000e+00 -3.7866714000e+00 -4.0749800000e-02  5.6622800000e-02 -2.5252821000e+00  1.5506881000e+00  1.5708585000e+00  8.3790000000e-04  1.6053977000e+00  1.5268055000e+00  3.3898385000e+00 -2.1848940000e-01  1.2323317000e+00  1.7835360000e+00 -3.8044040000e-01  2.0312455000e+00  3.4281526000e+00  8.1084200000e-02 -1.2526663000e+00  1.8645936000e+00  4.0545430000e-01 -2.0882742000e+00
ENERGY -3.765388085649e+02
GRADIENT -4.2878822400e-04  2.3046665410e-03 -5.3485552010e-03  2.2435965800e-04 -3.4064104410e-03  2.9276957730e-03  1.2602046200e-04  1.8973864100e-04  1.7090836400e-04  1.4839640100e-04 -1.4548283000e-05 -1.1177296000e-05 -5.6916999000e-05  7.9279988000e-05  7.8300637000e-05  1.3261795100e-04  1.5071572600e-04  1.4314504700e-04 -2.8472872800e-04  5.1697136680e-03  3.0958948520e-03  2.0652766200e-04 -4.4693120420e-03 -1.3657615550e-03 -1.3344082700e-04  9.4216595000e-05 -3.2695115000e-05  1.2191707000e-05 -4.2765965000e-05 -5.4520553000e-05  6.0110181000e-05 -3.6486510000e-06 -8.1712270000e-06  9.6815590000e-06  2.0595976000e-05  2.0150808000e-05  1.7528145000e-05  1.4666383000e-05  1.7558112000e-05 -3.5037239000e-05  4.1787418000e-05  2.8521375000e-05 -5.5268780000e-06 -8.4477348000e-05  3.0297150100e-04  7.0394700000e-07  1.1123693000e-05 -4.5761595000e-05  1.9521556000e-05 -3.2988021000e-05  8.7045885000e-05 -1.2974553000e-05 -1.4364607000e-05 -2.1180904000e-05

JOB 1
COORDS  1.5494964401e-01  3.7156272410e-02 -3.1498836079e-02 -5.5909903521e-01 -8.3830413020e-01 -9.1410917274e-01 -1.9779426467e+00 -8.5983254710e-01 -8.7875919072e-01 -2.6828600609e+00 -1.0162480302e-02  2.2895329318e-02 -1.9693118771e+00  8.5667719584e-01  9.0194090558e-01 -5.5033273992e-01  8.7484242097e-01  8.9302805077e-01  1.6713947206e+00  1.0531422820e-02 -2.1622966997e-02  2.3518403746e+00 -1.8316684796e-01  1.1630901063e+00  2.3733911952e+00  1.2285355738e-01 -1.2040207926e+00 -8.0728572695e-03 -1.5050665192e+00 -1.6054403187e+00 -2.5333658427e+00 -1.5427264924e+00 -1.5508398216e+00 -3.7908416213e+00 -2.5384055330e-02  4.2503818330e-02 -2.5211389289e+00  1.5177968502e+00  1.5982101835e+00  4.5938140099e-03  1.5540460409e+00  1.5691270473e+00  3.4029293617e+00 -1.4078649281e-01  1.2298250221e+00  1.8072368976e+00 -2.8970045806e-01  2.0569618039e+00  3.4230771202e+00  4.8712745290e-02 -1.2603936377e+00  1.8492785600e+00  3.1746923109e-01 -2.0950445478e+00
ENERGY -3.765397864724e+02
GRADIENT -1.0459743690e-03  2.1407933590e-03 -2.9689891800e-03 -1.3350378000e-05 -2.0529294580e-03  3.3404562090e-03 -5.8241936900e-04 -1.7063174900e-04 -1.0546087300e-04 -2.1631213400e-04 -2.0467453000e-05  1.6987162000e-05  1.8350811000e-05 -4.0105786900e-04 -4.8349125300e-04  3.0993713200e-04  4.8712248200e-04 -6.7198385600e-04  1.8149508630e-03  2.1606947370e-03  1.3737907620e-03 -5.3709985900e-04 -3.8514480470e-03 -3.7787294900e-04 -1.2190333000e-05  7.2253100400e-04  5.7799847700e-04  1.8529057000e-05  3.1098311800e-04 -1.0676000200e-04 -6.2506198000e-05 -2.7388431000e-05  8.0696590000e-06  1.5588005000e-05 -4.6838345000e-05 -7.1203832000e-05  5.2581150000e-06 -6.9415982000e-05 -7.5792670000e-06  1.4593145100e-04 -6.4125021000e-05 -8.8365367000e-05  2.1901470100e-04  1.4160132200e-04 -4.0137171400e-04 -1.4241631200e-04  3.6793333600e-04  2.3554290700e-04  1.8353829000e-04  1.6235078500e-04 -1.8780661900e-04 -9.8962711000e-05  2.0920695500e-04 -8.1243101000e-05

JOB 2
COORDS  1.5445873263e-01  2.9782543824e-02 -2.8217065531e-02 -5.5657392753e-01 -8.2583338609e-01 -9.3302019858e-01 -1.9750459958e+00 -8.3990196500e-01 -8.9625061534e-01 -2.6796102053e+00 -7.0255463809e-03  2.1841964934e-02 -1.9697485680e+00  8.4122047793e-01  9.2174912621e-01 -5.5109737778e-01  8.5177739973e-01  9.1125802085e-01  1.6687572517e+00  1.0866375696e-02 -2.1524285463e-02  2.3533595481e+00 -1.3699425044e-01  1.1676529171e+00  2.3677236240e+00  8.4289228272e-02 -1.2090014896e+00 -7.0181698905e-03 -1.4823117151e+00 -1.6354699442e+00 -2.5329792740e+00 -1.5064084740e+00 -1.5824727993e+00 -3.7877011116e+00 -2.0645519180e-02  3.8028439382e-02 -2.5207660997e+00  1.4905521953e+00  1.6297612201e+00  5.2715604234e-03  1.5166046212e+00  1.6003521272e+00  3.4036808307e+00 -8.7517430796e-02  1.2370775922e+00  1.8091129884e+00 -2.2520827043e-01  2.0634000491e+00  3.4173974894e+00  1.0480746416e-02 -1.2610494408e+00  1.8426760585e+00  2.4058265504e-01 -2.1067295414e+00
ENERGY -3.765403605699e+02
GRADIENT -1.7221849880e-03  1.6226836860e-03 -2.4426122100e-03  1.0088045980e-03 -3.0652652070e-03  1.6807897560e-03 -2.8273637000e-05  6.1962641100e-04  6.2680772300e-04  6.7381647100e-04 -1.0977310600e-04 -7.0382796000e-05 -8.4636578900e-04  7.1800916300e-04  6.9158821400e-04 -8.2354510000e-05 -3.3465011000e-05 -1.2485472810e-03  1.2705186230e-03  2.4940092740e-03  1.1553540850e-03 -1.2984669800e-04 -3.5768786940e-03 -9.5861413000e-04 -4.1814037000e-04  7.2979694900e-04  2.2169786000e-04  1.3816925400e-04  1.5619520900e-04 -1.9076170000e-04  1.6068338800e-04 -1.9789422000e-05 -1.6739803000e-05  7.4688100000e-05  8.7532798000e-05  1.0564037900e-04 -4.6140491000e-05  5.8848508000e-05  6.2320967000e-05 -7.6233033000e-05 -9.6448763000e-05  1.6044589000e-05  1.3148458100e-04  5.5548312000e-05  2.7766366500e-04 -1.1732206800e-04  2.6566751600e-04  1.0483071400e-04  1.5462211600e-04  1.2086727300e-04  1.1150745100e-04 -1.1287337100e-04 -3.2245095000e-05 -1.1425824700e-04

JOB 3
COORDS  1.5539710334e-01  2.4727007941e-02 -1.9677855449e-02 -5.5889592224e-01 -7.9715061509e-01 -9.5399337572e-01 -1.9771024634e+00 -8.1185419089e-01 -9.2722831677e-01 -2.6804305925e+00 -5.6728022727e-03  1.5928661072e-02 -1.9654890470e+00  8.0907093026e-01  9.4336983333e-01 -5.4717876506e-01  8.2156131720e-01  9.4409906189e-01  1.6663652076e+00  1.1803328443e-02 -1.9414169942e-02  2.3575266286e+00 -6.5996057523e-02  1.1730815345e+00  2.3595226026e+00  2.2059425248e-02 -1.2131576620e+00 -9.1416525208e-03 -1.4369504305e+00 -1.6714841267e+00 -2.5341372591e+00 -1.4545913083e+00 -1.6365253508e+00 -3.7887430735e+00 -1.4117663390e-02  2.9826355695e-02 -2.5177390164e+00  1.4381034635e+00  1.6684181799e+00  6.6699131834e-03  1.4661286586e+00  1.6543748828e+00  3.4074001995e+00 -7.7384743616e-03  1.2351258083e+00  1.8188565889e+00 -1.2293958101e-01  2.0742113487e+00  3.4084982546e+00 -5.6233665501e-02 -1.2642892296e+00  1.8310441137e+00  1.2446343497e-01 -2.1161514335e+00
ENERGY -3.765410966696e+02
GRADIENT -2.0701924830e-03  9.4361105800e-04 -1.9062421360e-03  4.9258683900e-04 -1.8565724330e-03  1.8682422650e-03 -2.8206021300e-04 -2.6670282600e-04 -3.7230815300e-04 -4.6125834800e-04  2.6129644000e-05  8.1061565000e-05  6.9316196100e-04 -8.9211854000e-04 -1.1259586940e-03  1.5593236600e-03  1.5147660260e-03  7.3266002900e-04  1.0162292190e-03  3.2465696030e-03  1.1420195660e-03 -3.3873263900e-04 -3.2206376800e-03 -6.5711822500e-04 -8.5922144800e-04  5.7067955700e-04 -2.9514792300e-04  2.7061741000e-05  9.8247627000e-05 -8.2670727000e-05 -7.5199740000e-06 -1.6793706000e-05 -8.6483910000e-06 -2.1517465000e-05 -8.9933370000e-05 -8.7083008000e-05  1.9769836900e-04  2.7422802000e-05 -6.8447447000e-05  2.1288157700e-04 -7.8741174000e-05  2.0866956400e-04  1.9400044000e-05  1.0114808100e-04  4.3506612400e-04 -9.2075188000e-05  1.4753211500e-04  2.5424770000e-05  3.5343318000e-05  2.1902364000e-05  1.9656608100e-04 -9.0458615000e-05 -2.7912498700e-04 -6.8802950000e-05

JOB 4
COORDS  1.5900426367e-01  3.2259646100e-02 -2.6543438447e-02 -5.6131046914e-01 -7.8829961282e-01 -9.5808464255e-01 -1.9793367853e+00 -8.0517949890e-01 -9.2764679465e-01 -2.6869802307e+00 -5.8065014307e-03  1.8171836800e-02 -1.9748477820e+00  8.0628799257e-01  9.4961267976e-01 -5.5657667680e-01  8.1651632199e-01  9.3938814261e-01  1.6693664771e+00  1.8395236348e-02 -1.9772292930e-02  2.3616790875e+00 -5.6519687951e-02  1.1725729991e+00  2.3685086710e+00  1.2248069267e-02 -1.2105082001e+00 -1.4674039198e-02 -1.4298458279e+00 -1.6763367074e+00 -2.5354157381e+00 -1.4477838655e+00 -1.6378133824e+00 -3.7952678234e+00 -1.8860631308e-02  3.2328455626e-02 -2.5254889678e+00  1.4302338240e+00  1.6804086534e+00 -5.1272634035e-03  1.4601045592e+00  1.6521610567e+00  3.4122165106e+00 -3.3756191373e-03  1.2240220472e+00  1.8284069161e+00 -1.1279147058e-01  2.0767468810e+00  3.4167175181e+00 -7.5628038499e-02 -1.2587892704e+00  1.8445374111e+00  1.1321887781e-01 -2.1160606629e+00
ENERGY -3.765411121146e+02
GRADIENT  2.2154691350e-03  1.1876778750e-03 -2.9171337280e-03 -8.0722563700e-04 -1.1810684850e-03  2.6887322720e-03  2.5773780000e-05 -7.3645314000e-05 -1.3570610300e-04 -6.6111960000e-06 -1.0346289000e-05 -2.3760760000e-05 -6.4255527000e-04  7.6599776100e-04  9.6003159700e-04 -1.2444565410e-03 -1.2948998210e-03 -1.8716168380e-03  9.7104662100e-04  4.1054492170e-03  1.2473115630e-03 -8.3191537000e-05 -3.3925667590e-03 -1.5703009200e-04  4.2643224000e-05  2.2613268100e-04  3.4980528600e-04  7.6970412000e-05  5.4445310000e-05  2.3381803900e-04 -9.6059300000e-05  2.7194829000e-05  3.5870709000e-05  4.4724250000e-06  5.5021021000e-05  8.4053280000e-05 -1.9531112100e-04  5.9270417000e-05 -2.6142759000e-05 -9.2775964000e-05 -2.5957864200e-04 -9.1676688000e-05 -2.1707219000e-05  1.2866976600e-04 -3.0133366300e-04 -3.3900275000e-05 -4.9081623000e-05 -5.5271850000e-05 -4.3102212000e-05 -4.7536319000e-05 -1.2043095300e-04 -4.0196046000e-05 -3.0298395700e-04  1.2053418800e-04

JOB 5
COORDS  1.5509594839e-01  3.4159644168e-02 -2.8894718628e-02 -5.6052678322e-01 -7.8980764672e-01 -9.6161246527e-01 -1.9782225259e+00 -8.0701603972e-01 -9.2758670136e-01 -2.6832833596e+00 -7.4127598099e-03  1.9777910892e-02 -1.9712432787e+00  8.0615829855e-01  9.5001840807e-01 -5.5325547521e-01  8.2098694725e-01  9.4071047986e-01  1.6651065934e+00  1.6407047383e-02 -2.1626076597e-02  2.3554291761e+00 -5.7256820268e-02  1.1722286231e+00  2.3671033580e+00  1.1251896256e-02 -1.2109970958e+00 -1.3327361540e-02 -1.4307812754e+00 -1.6801180504e+00 -2.5356901584e+00 -1.4501850515e+00 -1.6361315228e+00 -3.7915177348e+00 -2.1465641091e-02  3.5970207513e-02 -2.5228582428e+00  1.4287264460e+00  1.6811790682e+00 -4.9272078726e-04  1.4663447619e+00  1.6510760583e+00  3.4060818368e+00 -7.0398336788e-03  1.2249935156e+00  1.8209246440e+00 -1.1048490488e-01  2.0759017094e+00  3.4153925482e+00 -7.7752662825e-02 -1.2564177594e+00  1.8464295759e+00  1.2060417986e-01 -2.1175682868e+00
ENERGY -3.765411492376e+02
GRADIENT -2.3038659500e-04  1.4402845630e-03 -2.7902045320e-03  5.4053719000e-05 -2.2799683990e-03  1.3843145320e-03  2.2297653200e-04  1.8480067100e-04  2.2446753200e-04  1.5971395700e-04  3.3166076000e-05 -1.4288466000e-05 -1.4712543100e-04  7.0799573000e-05  1.7552052500e-04 -5.5640872000e-05  1.7126520600e-04 -6.2164672000e-05  1.6228127300e-04  3.3883142370e-03  1.0929055010e-03 -2.2116581500e-04 -3.2226498850e-03  8.1456941000e-05  1.4611776000e-04  3.2765425700e-04  1.5473946500e-04 -1.0383939000e-05 -1.1752692000e-04  1.5146660000e-06  4.6730936000e-05 -5.5051560000e-06  5.6152140000e-06  9.8947030000e-06  2.6615823000e-05  2.4358614000e-05  9.4186800000e-07  2.0647456000e-05  4.6464770000e-06 -6.1557160000e-05 -1.7315421000e-05  8.2589227000e-05  1.2908820000e-05  1.0644775800e-04 -3.1806552300e-04 -2.3967300000e-05  8.4225336000e-05  2.5822804000e-05  5.2676160000e-06 -8.2552046000e-05 -8.9123347000e-05 -4.2220696000e-05 -1.3147110400e-04  3.8258836000e-05

JOB 6
COORDS  1.5547182642e-01  3.6569969865e-02 -3.0598994472e-02 -5.6213494375e-01 -7.8770791099e-01 -9.6137309798e-01 -1.9799249047e+00 -8.0795878882e-01 -9.2736323522e-01 -2.6838802837e+00 -9.1682887279e-03  2.1443710559e-02 -1.9702746855e+00  8.0511127615e-01  9.5005291433e-01 -5.5227321603e-01  8.2237741900e-01  9.3995061459e-01  1.6653242342e+00  1.6801179979e-02 -2.4470891599e-02  2.3544507102e+00 -5.6037715906e-02  1.1703553855e+00  2.3677651101e+00  9.5034780160e-03 -1.2136536169e+00 -1.4840652989e-02 -1.4270386909e+00 -1.6811935434e+00 -2.5371564059e+00 -1.4516256520e+00 -1.6356717558e+00 -3.7920706069e+00 -2.4119202813e-02  3.9754093277e-02 -2.5216395347e+00  1.4268978281e+00  1.6820562203e+00  5.5898705847e-04  1.4690539931e+00  1.6490448446e+00  3.4047454749e+00 -1.0204105321e-02  1.2332993437e+00  1.8151562780e+00 -1.0947707675e-01  2.0711227043e+00  3.4162048946e+00 -7.9569222432e-02 -1.2550502831e+00  1.8497428828e+00  1.2251379975e-01 -2.1213455630e+00
ENERGY -3.765411505693e+02
GRADIENT  1.2503567000e-04  1.6219423850e-03 -2.7777567320e-03 -2.0918990300e-04 -1.8539700740e-03  2.0626489380e-03 -1.2828135300e-04 -1.9531765600e-04 -1.9476714400e-04  8.1013208000e-05  4.0841213000e-05  2.6739950000e-05  3.9334738000e-05 -1.2110133100e-04 -1.2324216500e-04  1.0981239000e-04  1.5855310600e-04  6.6159658000e-05 -3.3846015000e-04  3.1876776180e-03  1.2261486980e-03  4.0902975400e-04 -3.0482601670e-03 -6.6817475700e-04 -4.5617103000e-05  3.3706219200e-04 -2.3709706200e-04 -3.8195193000e-05 -2.4006517000e-05  2.4254050000e-05 -2.2472226000e-05 -8.4452940000e-06 -9.9594810000e-06  9.3424210000e-06 -2.0745562000e-05 -3.1197392000e-05  2.2025379000e-05 -6.6124940000e-06  1.5907270000e-06  1.9325130000e-05 -1.5879288000e-05  1.7739007000e-05 -2.2278603000e-05  8.9396830000e-06  5.4585718300e-04  2.6920438000e-05  1.0998273500e-04 -5.4039947000e-05  7.6610480000e-06 -9.8041679000e-05  1.7729621300e-04 -1.8890474000e-05 -7.5311192000e-05 -2.7768191000e-05

JOB 7
COORDS  1.5520857429e-01  3.7582776478e-02 -3.1197553803e-02 -5.6181077838e-01 -7.8700438309e-01 -9.6208674269e-01 -1.9796074325e+00 -8.0715966998e-01 -9.2718123761e-01 -2.6846015864e+00 -9.3001389324e-03  2.1692102641e-02 -1.9710470579e+00  8.0504322553e-01  9.5031859468e-01 -5.5306757749e-01  8.2249286404e-01  9.3970119742e-01  1.6648914895e+00  1.7457959745e-02 -2.4398637421e-02  2.3533745826e+00 -5.5075845351e-02  1.1707454361e+00  2.3678580641e+00  7.6099236121e-03 -1.2132504762e+00 -1.4401778215e-02 -1.4257763513e+00 -1.6823248510e+00 -2.5366690785e+00 -1.4508017002e+00 -1.6356237985e+00 -3.7927957751e+00 -2.4909981450e-02  4.0021515024e-02 -2.5223884272e+00  1.4264931620e+00  1.6826294591e+00 -3.5610940531e-04  1.4693833243e+00  1.6486926343e+00  3.4039811188e+00 -1.0247940475e-02  1.2286708379e+00  1.8160594978e+00 -1.0948720937e-01  2.0726696314e+00  3.4162524979e+00 -8.1321714116e-02 -1.2555655481e+00  1.8499174787e+00  1.2137698074e-01 -2.1208687172e+00
ENERGY -3.765411555804e+02
GRADIENT  1.3133856900e-04  1.6855704040e-03 -2.7598309920e-03 -2.2178322000e-05 -2.0612623030e-03  1.9024095000e-03  6.0039869000e-05  3.5115494000e-05  4.6336341000e-05 -1.8491271700e-04  1.0548384000e-05  1.8719462000e-05  7.4201231000e-05 -7.6226873000e-05 -9.8231297000e-05  3.7672681000e-05  3.0334282000e-05  2.1445762000e-05 -4.0470654000e-05  3.3124475390e-03  1.0202610110e-03 -6.8104302000e-05 -3.1041307410e-03 -1.4612922100e-04  4.5378964000e-05  2.3913579500e-04 -8.3114129000e-05  1.1410332000e-05 -1.1269784000e-05  1.1651187000e-05 -1.1122460000e-06  1.2121317000e-05  5.6604360000e-06 -1.2445492000e-05 -4.4720300000e-06 -5.5469930000e-06  1.9508880000e-06 -1.0310649000e-05 -7.2794160000e-06  1.0395498000e-05 -4.6288690000e-06  4.1426170000e-06 -1.2014809000e-05  5.0135598000e-05  4.4070957000e-05  1.1373638000e-05  5.8427648000e-05  2.2341139000e-05 -1.3914574000e-05 -7.8733962000e-05  3.6086673000e-05 -2.4939450000e-06 -8.5675552000e-05 -8.5689360000e-06

JOB 8
COORDS  1.5419172278e-01  3.8396414935e-02 -3.1490530750e-02 -5.6241168224e-01 -7.8666974702e-01 -9.6241528998e-01 -1.9801702451e+00 -8.0749473133e-01 -9.2801995786e-01 -2.6841635783e+00 -9.2551738438e-03  2.1247182149e-02 -1.9720679480e+00  8.0590433720e-01  9.5030883452e-01 -5.5415101866e-01  8.2331633003e-01  9.3943542465e-01  1.6639234131e+00  1.7419798260e-02 -2.3829617392e-02  2.3540968942e+00 -5.4598167993e-02  1.1703192237e+00  2.3664711878e+00  5.7694756812e-03 -1.2128442103e+00 -1.4567287215e-02 -1.4251068774e+00 -1.6826045083e+00 -2.5372822912e+00 -1.4513126834e+00 -1.6362880667e+00 -3.7923355424e+00 -2.5141019593e-02  3.9566076533e-02 -2.5238827269e+00  1.4272583835e+00  1.6823645022e+00 -1.4249991186e-03  1.4705405738e+00  1.6481139813e+00  3.4049695058e+00 -1.1813603949e-02  1.2249206836e+00  1.8187871562e+00 -1.1031279706e-01  2.0733444546e+00  3.4149213884e+00 -8.1921000245e-02 -1.2564995005e+00  1.8481423082e+00  1.2219123501e-01 -2.1198937900e+00
ENERGY -3.765411559263e+02
GRADIENT  8.6643454000e-05  1.7494050390e-03 -2.9643310650e-03 -1.1837864400e-04 -2.0153861420e-03  1.9912088190e-03 -1.8849734500e-04 -2.0107385900e-04 -2.1300046200e-04  4.2633231700e-04  1.2041570000e-06 -7.9864080000e-06 -1.3887277400e-04  1.5354239000e-04  1.8363661800e-04 -6.0442387000e-05 -7.1061949000e-05 -4.1805924000e-05 -1.0786817500e-04  3.3249831470e-03  1.1397992620e-03  5.1279223000e-05 -3.0820685010e-03 -1.3518053900e-04  8.5117815000e-05  1.4456262800e-04  2.3270684600e-04 -2.0015487000e-05  5.8266200000e-06 -2.5764120000e-06  3.9913080000e-06 -2.1585670000e-05 -2.6782616000e-05  3.3590106000e-05 -1.7025140000e-06 -5.8900830000e-06  9.5759210000e-06  1.8811133000e-05  2.6686914000e-05 -2.6851781000e-05  2.4860456000e-05 -7.2926880000e-06  2.2132187000e-05  4.7508406000e-05 -9.8927527000e-05 -1.4083127000e-05  3.3126827000e-05  6.8006150000e-06 -5.7505320000e-06 -5.3660963000e-05 -6.7372434000e-05 -1.1146642000e-05 -6.0616448000e-05  1.3796427000e-05

