JOB 0
COORDS  1.5117140000e-01 -1.0614000000e-03  3.4014000000e-03 -5.5635560000e-01 -1.0346896000e+00  6.9241520000e-01 -1.9771736000e+00 -1.0227905000e+00  6.8031850000e-01 -2.6799502000e+00  5.7352000000e-03 -9.9767000000e-03 -1.9657315000e+00  1.0309234000e+00 -6.9343890000e-01 -5.4480010000e-01  1.0358069000e+00 -6.9238750000e-01  1.6824865000e+00 -5.5789000000e-03  1.0157900000e-02  2.3710498000e+00 -6.7078150000e-01 -9.7919860000e-01  2.3687163000e+00  6.5767570000e-01  1.0024755000e+00 -7.1178000000e-03 -1.8326637000e+00  1.2283926000e+00 -2.5341291000e+00 -1.8190990000e+00  1.2113772000e+00 -3.7877657000e+00  8.4266000000e-03 -1.5187200000e-02 -2.5137964000e+00  1.8299482000e+00 -1.2296399000e+00  1.3357900000e-02  1.8314849000e+00 -1.2225355000e+00  3.4243503000e+00 -7.1191690000e-01 -1.0272899000e+00  1.8285392000e+00 -1.1728916000e+00 -1.7290755000e+00  3.4220465000e+00  6.8825200000e-01  1.0577090000e+00  1.8253314000e+00  1.1618375000e+00  1.7503657000e+00
ENERGY -3.765347376912e+02
GRADIENT  7.7387507000e-05  6.4904030000e-05 -1.0548092100e-04 -1.9797140000e-06 -7.6798440000e-05 -1.0152375000e-05 -4.0932280000e-06  1.2223000000e-08  2.7678547000e-05  7.3352922000e-05 -5.0936650000e-06 -1.1100383000e-05 -1.5551728000e-05  2.8359017000e-05  5.6128590000e-06 -2.7035539000e-05 -8.8313260000e-06 -5.6874580000e-05 -2.7217123000e-05 -2.1807801000e-04  1.6950182300e-04 -3.8420474000e-05  1.3342301900e-04 -9.5555009000e-05 -4.0887634000e-05  1.9263408600e-04  1.3125518000e-04 -7.8102590000e-06  3.7852680000e-06  2.2673008000e-05  4.0023420000e-06 -5.4594220000e-06  2.9773250000e-06  2.0618080000e-06 -8.1993300000e-07 -1.1996930000e-06  2.2042310000e-06  1.6739960000e-06 -3.9381300000e-06 -4.8478430000e-06  1.4663720000e-05  9.1420350000e-06 -4.5700483000e-05 -8.6256644000e-05 -5.3224092000e-05  2.4443313000e-05  9.6735500000e-07  1.4478430000e-05 -6.1950260000e-06 -5.4653160000e-05 -4.8309135000e-05  1.4261832000e-05  1.6470060000e-05  3.1475110000e-06

JOB 1
COORDS  1.5135593365e-01 -2.1975164468e-02 -9.6152398925e-03 -5.6152450390e-01 -1.0264377034e+00  7.1594727513e-01 -1.9822964752e+00 -1.0035695651e+00  7.0985670853e-01 -2.6807142265e+00  1.1773184761e-02 -3.9623071452e-03 -1.9610144749e+00  1.0146490195e+00 -7.1424620500e-01 -5.4006227369e-01  1.0082098237e+00 -7.1965722795e-01  1.6827607951e+00 -2.4135226141e-02  1.0355332061e-02  2.3840051334e+00 -6.2597430556e-01 -1.0101117301e+00  2.3576073192e+00  6.1551013477e-01  1.0255356493e+00 -1.6199009381e-02 -1.8121273641e+00  1.2736126902e+00 -2.5428279937e+00 -1.7802398114e+00  1.2656516397e+00 -3.7884887871e+00  2.3469890175e-02 -3.9454054962e-03 -2.5050331124e+00  1.8063665555e+00 -1.2651993029e+00  2.1755595043e-02  1.7891733589e+00 -1.2675093757e+00  3.4380843224e+00 -6.4544612590e-01 -1.0558820704e+00  1.8521166284e+00 -1.0976623988e+00 -1.7869128562e+00  3.4101444520e+00  6.6200227595e-01  1.0848651180e+00  1.8047558420e+00  1.0848588539e+00  1.7889801333e+00
ENERGY -3.765347073390e+02
GRADIENT  2.1730758000e-05 -1.4111619000e-05 -2.7045155300e-03  1.4222820500e-04 -3.5672362000e-05  2.1344624000e-05  5.2379044000e-05  2.1435074400e-04 -1.0096943000e-05 -1.9963721800e-04 -1.4383940000e-05 -5.2554329000e-05  2.7308495000e-05 -5.0086344000e-05  3.1072879000e-05 -1.7746611000e-04  5.5460540600e-04  1.2364898990e-03  7.1740850000e-06 -2.7818504930e-03  2.6755599560e-03 -1.2608493000e-05  4.4922086600e-04 -2.2475305500e-04  1.6095510900e-04  8.0453237000e-04 -9.8193402500e-04  8.8056390000e-06  1.2646563000e-04  1.6259276200e-04  6.8129660000e-06  2.2056205000e-05  2.6249691000e-05 -1.0426032000e-05 -1.9464910000e-06  7.4240380000e-06 -2.6383368000e-05 -6.7777034000e-05 -5.0478689000e-05  1.0050200000e-05  3.2251541000e-05  8.2831214000e-05  4.8057030000e-05 -3.5481074000e-05  1.5110229200e-04 -3.4485006000e-05  2.9799697800e-04 -1.9113731800e-04  1.1826585000e-05  3.3401003600e-04 -6.0472780000e-05 -2.5481535000e-05  1.6702786900e-04 -1.1911865000e-04

JOB 2
COORDS  1.5138952323e-01 -3.2738639152e-02 -1.7347292552e-02 -5.6372457890e-01 -1.0181878780e+00  7.3162002696e-01 -1.9844589219e+00 -9.8984296313e-01  7.2953991844e-01 -2.6812197801e+00  1.5690153547e-02  3.8266393524e-04 -1.9591265987e+00  1.0033585940e+00 -7.2856397323e-01 -5.3821515521e-01  9.9060903059e-01 -7.3889684519e-01  1.6829358552e+00 -3.2782056129e-02  7.5602549290e-03  2.3922634970e+00 -5.9487379852e-01 -1.0297925082e+00  2.3512414618e+00  5.8508137913e-01  1.0402195995e+00 -1.9882186389e-02 -1.7954437410e+00  1.3023791998e+00 -2.5462778834e+00 -1.7538570731e+00  1.3013379504e+00 -3.7889273358e+00  3.2422780886e-02  3.9988572582e-03 -2.5014391268e+00  1.7890058923e+00 -1.2897933410e+00  2.4984099561e-02  1.7609134842e+00 -1.3002450756e+00  3.4467284170e+00 -6.0053108184e-01 -1.0717052710e+00  1.8677552931e+00 -1.0476310326e+00 -1.8227586276e+00  3.4031549340e+00  6.3839777327e-01  1.1048204312e+00  1.7926419220e+00  1.0285650596e+00  1.8148552836e+00
ENERGY -3.765347398320e+02
GRADIENT -2.7744218900e-04 -1.9928831500e-04 -3.6938091320e-03  2.0233600100e-04  1.0048108500e-04 -6.7331267000e-05  1.0005783000e-05  2.7640263700e-04 -5.7577233000e-05 -3.7489726500e-04 -1.0153082000e-05 -4.6107744000e-05  5.6607416000e-05 -1.8678222800e-04  7.5804117000e-05 -1.2669320500e-04  9.2808816500e-04  1.9943830450e-03  1.9251538700e-04 -3.6448748570e-03  3.4813327950e-03  6.5232290000e-05  4.8071605900e-04 -1.5408417300e-04  2.5478640500e-04  9.4804638300e-04 -1.7992480220e-03  1.6337147000e-05  1.8509966000e-04  1.9523027900e-04 -1.7393370000e-06  4.1306055000e-05  3.2992991000e-05 -1.3415807000e-05 -3.7471640000e-06  1.6744410000e-05 -3.2996285000e-05 -1.0047128700e-04 -6.8641624000e-05  2.4012729000e-05  2.3311416000e-05  1.0061970400e-04  1.7055662100e-04  3.1665086000e-05  3.5600981100e-04 -1.1316643600e-04  3.7132994500e-04 -2.5886925100e-04  3.5456911000e-05  5.7788662600e-04  2.6685536000e-05 -7.4092074000e-05  1.7056771100e-04 -1.3758901300e-04

JOB 3
COORDS  1.5083537106e-01 -3.2666686376e-02 -1.8288723680e-02 -5.6086636118e-01 -9.9133136503e-01  7.6822704943e-01 -1.9814104507e+00 -9.6543402434e-01  7.6447304908e-01 -2.6752984734e+00  1.5531711765e-02 -2.5201754732e-04 -1.9574496142e+00  9.7816804356e-01 -7.6616178279e-01 -5.3679501977e-01  9.6365994210e-01 -7.7912073800e-01  1.6813415771e+00 -2.5500695595e-02  8.4237658360e-03  2.3860433336e+00 -5.2554772072e-01 -1.0636274335e+00  2.3485137272e+00  5.2505259709e-01  1.0799688329e+00 -1.5364800984e-02 -1.7486940097e+00  1.3636809727e+00 -2.5438326527e+00 -1.7092874679e+00  1.3617268017e+00 -3.7829797784e+00  3.2418862973e-02  3.6915130533e-03 -2.5013992999e+00  1.7437946279e+00 -1.3529563788e+00  2.6707092776e-02  1.7117752575e+00 -1.3694968989e+00  3.4396483981e+00 -5.2736304987e-01 -1.1197964422e+00  1.8552778744e+00 -9.4090304792e-01 -1.8725789917e+00  3.4010249756e+00  5.6098466799e-01  1.1453950470e+00  1.7932740067e+00  9.1548254827e-01  1.8849617741e+00
ENERGY -3.765352594447e+02
GRADIENT -1.7663583820e-03 -1.0263316950e-03 -3.8217118030e-03  5.4750619900e-04 -4.6752237400e-04 -3.1594864200e-04 -6.0947420100e-04 -2.1960450900e-04  3.3237415000e-04  1.2285780880e-03 -6.6029134000e-05 -1.0616406000e-05 -4.7139641400e-04  2.2783045300e-04 -2.1123454100e-04  5.2922716400e-04  1.7904394120e-03  2.2004079170e-03  1.1912853310e-03 -2.4694513400e-03  2.5637376170e-03 -2.9947223500e-04 -2.6040855000e-05  3.2780156300e-04 -5.9117768900e-04  2.1953911530e-03 -3.3603403700e-04 -9.3501009000e-05  3.6474513000e-05  1.4928588600e-04  8.1286272000e-05 -2.5014128000e-05  1.3315203100e-04  1.1196043300e-04 -7.4342320000e-06  1.7217610000e-06  8.9332677000e-05  2.7666415000e-05 -1.2777065900e-04 -8.4010310000e-05  2.1118110000e-05 -9.5807127000e-05  6.3471680000e-06 -4.0496102900e-04 -2.1230320900e-04  1.5377143000e-05  1.2387231200e-04 -1.3327717100e-04  1.1577301200e-04  2.6688980500e-04 -6.1497890300e-04 -2.7443840000e-06  2.3014840000e-05  1.7423061400e-04

JOB 4
COORDS  1.5481540734e-01 -6.8625923682e-03 -4.9107346215e-03 -5.5704829482e-01 -9.6276443620e-01  7.8470487888e-01 -1.9779677377e+00 -9.4925986882e-01  7.7316293747e-01 -2.6880596066e+00  1.1259754472e-02 -2.8018268882e-03 -1.9678258170e+00  9.6282964655e-01 -7.8026041072e-01 -5.4678900433e-01  9.5953326532e-01 -7.9145671706e-01  1.6847196486e+00 -4.5242343082e-03  9.8838641691e-04  2.3847431152e+00 -4.9991132408e-01 -1.0762978043e+00  2.3640464907e+00  4.9111376943e-01  1.0913277514e+00 -9.1995165232e-03 -1.7123449091e+00  1.3877744251e+00 -2.5333048163e+00 -1.6935194195e+00  1.3763697425e+00 -3.7960375395e+00  1.7867671614e-02 -2.1689450661e-03 -2.5143858098e+00  1.7140829597e+00 -1.3828645681e+00  9.4473515064e-03  1.6997673191e+00 -1.3983587527e+00  3.4387072850e+00 -5.0793448216e-01 -1.1240964311e+00  1.8536866192e+00 -9.0032381575e-01 -1.8924795224e+00  3.4159402114e+00  4.9706720594e-01  1.1725024362e+00  1.8120602710e+00  8.6400506061e-01  1.9065575101e+00
ENERGY -3.765356536492e+02
GRADIENT  1.0779383800e-04 -8.3419987300e-04  2.2578714500e-04 -1.3003155200e-04 -4.6071423200e-04 -1.3547522010e-03  9.2216409400e-04  1.2168098300e-03 -1.0582871030e-03 -2.9910863450e-03  4.0082876000e-05  4.0769909000e-05  7.1110845700e-04 -1.2284876890e-03  8.8192496100e-04  1.1163581200e-04  9.4559935100e-04  1.9484874700e-03  6.0099524800e-04  1.1157086830e-03 -4.5942035200e-04  2.5493495600e-04 -1.0634518500e-03  8.4875382700e-04  5.1845446100e-04  7.3800822900e-04 -1.8734973550e-03  1.6985932200e-04  6.8029040000e-05 -1.6599094400e-04 -1.1992967300e-04  2.4340821400e-04 -1.1991042500e-04 -2.1759847600e-04  2.8365567000e-05 -2.2718493000e-05 -1.0504261700e-04 -1.7863085300e-04  1.2641981600e-04  1.2652898200e-04 -2.4729769900e-04 -7.2252063000e-05  1.9362738000e-04 -1.7544561400e-04  4.1924544600e-04 -1.1344864400e-04 -2.8265966900e-04  9.9995513000e-05  3.5436971000e-05  4.5065750600e-04  4.9251861700e-04 -4.9727202000e-05 -3.7222415100e-04  4.8617539000e-05

JOB 5
COORDS  1.5173997632e-01  6.4210861808e-02  3.8125127192e-02 -5.4154401081e-01 -9.0162858391e-01  8.3446607411e-01 -1.9606254500e+00 -9.3584061804e-01  8.0119084904e-01 -2.6642591037e+00 -1.0040702823e-02 -2.2220651554e-02 -1.9752768772e+00  9.3728216847e-01 -8.3331592265e-01 -5.5556802450e-01  9.6361295995e-01 -8.2199995140e-01  1.6765523105e+00  5.1454680251e-02  8.8157797874e-03  2.3371970176e+00 -4.3741826026e-01 -1.0966224040e+00  2.3874511307e+00  4.1572533228e-01  1.1309791346e+00  2.0411219676e-02 -1.6239655022e+00  1.4576377846e+00 -2.5097884582e+00 -1.6805760958e+00  1.4098936892e+00 -3.7716501731e+00 -3.4326346759e-02 -3.9952859311e-02 -2.5361045228e+00  1.6458707747e+00 -1.4736626416e+00 -4.6515471585e-03  1.6852720435e+00 -1.4556838049e+00  3.3890499493e+00 -4.7640142873e-01 -1.1638851963e+00  1.7784623060e+00 -7.8024354267e-01 -1.9201824906e+00  3.4360178901e+00  3.3107796465e-01  1.2070186286e+00  1.8639665620e+00  7.6501180565e-01  1.9747422155e+00
ENERGY -3.765357817680e+02
GRADIENT -4.3289083100e-04  1.6611306800e-04  7.3823938560e-03 -7.6744524200e-04 -9.7146220300e-04 -4.0305511050e-03 -2.2551509330e-03 -2.9850058390e-03  2.2246762920e-03  6.1090399970e-03  3.5720872800e-04  1.0232305100e-04 -2.5970900450e-03  2.2433766920e-03 -2.1135354820e-03  3.3567084000e-04 -5.9158782000e-04  2.7471221100e-04  1.2083550990e-03  8.2937610500e-03 -5.4332536200e-03 -1.1646819720e-03 -3.5870995950e-03  1.2058610270e-03 -3.1186062800e-04 -1.5538658400e-04 -4.7344171300e-04 -3.4380396500e-04 -4.1906884800e-04 -4.0041243800e-04  6.0186342000e-05 -3.3578388800e-04  3.0622979200e-04  4.8500546900e-04 -6.7188330000e-06 -1.5843007000e-05  1.7309924100e-04  4.7446748600e-04 -2.2247036600e-04 -3.4951925700e-04 -2.6962743200e-04 -4.2377198100e-04  4.3540020000e-05 -1.7759598900e-04  7.7593094900e-04 -3.4813573000e-05 -9.3440806900e-04  2.8112113900e-04 -5.2062828000e-05 -4.5987658100e-04  3.3097074000e-04 -8.9283647000e-05 -6.4190877500e-04  2.1064373800e-04

JOB 6
COORDS  1.5313498071e-01  5.6226957396e-02  4.0555827780e-02 -5.4272363655e-01 -9.1177371961e-01  8.3217077467e-01 -1.9621799287e+00 -9.3423006616e-01  7.8913890940e-01 -2.6788187425e+00 -1.2060182714e-02 -2.6827010441e-02 -1.9698787193e+00  9.3283694381e-01 -8.2344497051e-01 -5.5005916914e-01  9.6513907010e-01 -8.1251566205e-01  1.6779783526e+00  3.6630029810e-02  1.7029985721e-02  2.3377711650e+00 -4.5182888019e-01 -1.0897465406e+00  2.3893399535e+00  4.2675354335e-01  1.1308123019e+00  1.3722186746e-02 -1.6355648860e+00  1.4588451651e+00 -2.5115815070e+00 -1.6805923592e+00  1.3951941395e+00 -3.7864692345e+00 -3.5110960252e-02 -4.7848651145e-02 -2.5253580523e+00  1.6467176618e+00 -1.4621660267e+00  1.4154247251e-03  1.6947822187e+00 -1.4367418329e+00  3.3883576865e+00 -4.8801030699e-01 -1.1751127983e+00  1.7722817407e+00 -7.8312219628e-01 -1.9133043511e+00  3.4398010428e+00  3.5458054111e-01  1.1922808322e+00  1.8715045788e+00  7.9761427337e-01  1.9689488557e+00
ENERGY -3.765359757892e+02
GRADIENT -1.7308035270e-03  1.2246520970e-03  6.0034559410e-03  1.0355627550e-03 -3.7615781340e-03 -1.6594382890e-03  1.4398124040e-03  1.5945664770e-03 -1.4957352640e-03 -2.5055674290e-03  9.2729669000e-05  9.2840520000e-06  1.1758720410e-03 -1.6433314320e-03  1.3016376070e-03  1.2729120500e-03  1.6698346180e-03 -1.4400718780e-03  5.5392709000e-05  4.5585734140e-03 -4.4818307170e-03  2.9815710000e-06 -2.8762022110e-03  1.4833180040e-03 -8.8864281600e-04  1.0491629830e-03  1.1930231150e-03  1.2766963500e-04 -3.0705325400e-04 -3.5220303000e-05  1.1328415400e-04  1.4091402500e-04 -1.1942984900e-04 -2.1597669900e-04 -5.2741970000e-06 -9.3578380000e-06  1.1567808800e-04 -9.8441721000e-05  1.4726327500e-04  1.0491661900e-04 -7.2942600000e-07 -2.8456571100e-04 -1.7784827300e-04 -5.8843479300e-04 -4.5740734100e-04  1.2870285400e-04 -3.0509261100e-04  2.0552774000e-04 -2.8498055000e-05 -6.6028049600e-04 -6.0244375200e-04 -5.5375330000e-06 -8.7850194000e-05  2.1956171800e-04

JOB 7
COORDS  1.5662534335e-01  4.1349512782e-02  3.2927638025e-02 -5.5315206743e-01 -9.2073111569e-01  8.1921207364e-01 -1.9734200224e+00 -9.4015086648e-01  7.8717529171e-01 -2.6835002817e+00 -8.3005082563e-03 -2.3351556691e-02 -1.9743886969e+00  9.4130680523e-01 -8.1436788096e-01 -5.5405973734e-01  9.6106548099e-01 -8.0115433188e-01  1.6834853610e+00  1.7077689299e-02  1.4543415104e-02  2.3535327791e+00 -4.7152445682e-01 -1.0857862251e+00  2.3919524475e+00  4.3632475947e-01  1.1193910589e+00 -6.9953189192e-05 -1.6475846580e+00  1.4448433634e+00 -2.5243324548e+00 -1.6858874291e+00  1.3928629828e+00 -3.7912086984e+00 -2.4803400578e-02 -4.1618280229e-02 -2.5269012646e+00  1.6641639568e+00 -1.4457446632e+00 -1.5227064488e-03  1.6971237493e+00 -1.4164364299e+00  3.4055745306e+00 -4.9027995610e-01 -1.1602126553e+00  1.7985102476e+00 -8.0382681023e-01 -1.9162163435e+00  3.4435240062e+00  3.9400798596e-01  1.1901199313e+00  1.8646258876e+00  8.2036074207e-01  1.9454486598e+00
ENERGY -3.765359836508e+02
GRADIENT  2.5871222720e-03  2.1064738140e-03  4.3872726720e-03 -1.1487296430e-03 -6.4245836600e-04 -4.1368027730e-03 -5.3680099900e-04 -7.0132152900e-04  5.3506522600e-04 -4.6346849000e-05 -3.0377130000e-06  2.1820695000e-05 -4.0712433600e-04  6.6601211700e-04 -7.0480887400e-04 -1.3131596950e-03 -1.3790382440e-03  1.6534311690e-03 -2.8456840000e-05  1.9414896390e-03 -2.7175088000e-03  4.8165607800e-04 -2.5589251810e-03  1.2296170260e-03  7.6936356400e-04  3.8963287600e-04 -9.5170733700e-04  1.0524492000e-05  2.9185320200e-04 -1.1772628200e-04 -1.8499276800e-04 -5.6235900000e-07 -1.0531787000e-05  7.3815610000e-06 -5.1546490000e-06  3.0414022000e-05 -2.1335612200e-04 -5.4672139000e-05 -1.9170885000e-05  3.6221588000e-05 -1.9962955200e-04  2.5026980900e-04  3.0156488000e-05 -1.8815072200e-04  9.0034667000e-05 -7.6867030000e-06  8.7058817000e-05  4.5384720000e-05 -1.6382582000e-05  1.7881254900e-04  5.8066204400e-04  1.2135441000e-05  6.4182043000e-05 -1.8350706800e-04

JOB 8
COORDS  1.5242372056e-01  5.0091627440e-02  3.5860470448e-02 -5.4729477461e-01 -9.1538492176e-01  8.2748865181e-01 -1.9670199781e+00 -9.3716390076e-01  7.9102625446e-01 -2.6776492018e+00 -1.0402073053e-02 -2.4907504526e-02 -1.9722498489e+00  9.3786470757e-01 -8.2082878813e-01 -5.5237621750e-01  9.6417419623e-01 -8.0977185752e-01  1.6780719233e+00  2.6855666748e-02  1.4279818004e-02  2.3434341596e+00 -4.6300690123e-01 -1.0882137248e+00  2.3887938532e+00  4.2545882484e-01  1.1251090008e+00  8.9974407738e-03 -1.6381590896e+00  1.4552738513e+00 -2.5176538443e+00 -1.6819798470e+00  1.3980185235e+00 -3.7852790205e+00 -3.0467799303e-02 -4.4366902186e-02 -2.5277786841e+00  1.6551111887e+00 -1.4558762720e+00 -1.0392866096e-04  1.6973210365e+00 -1.4290407909e+00  3.3955360476e+00 -4.8287074810e-01 -1.1614152562e+00  1.7870690715e+00 -7.9059111582e-01 -1.9196800823e+00  3.4399509250e+00  3.7181090419e-01  1.1937548312e+00  1.8650116739e+00  8.0181797217e-01  1.9569520575e+00
ENERGY -3.765360500951e+02
GRADIENT -5.1964332300e-04  1.8696227420e-03  5.0810774190e-03  1.7505695500e-04 -2.6016282720e-03 -2.7720635210e-03 -1.7140682000e-05  9.9822720000e-06 -1.2896903000e-05  1.1568405100e-04 -2.1865900000e-06  1.4709130000e-06  7.2313999000e-05 -5.7606104000e-05  3.4133405000e-05  2.1269686500e-04  3.1978587000e-04 -2.4195119000e-04  8.9053559000e-05  3.7477646140e-03 -3.4154311010e-03 -3.9788389400e-04 -3.2225856270e-03  1.0323787410e-03  2.5271246800e-04  1.8030533900e-04 -5.7343635400e-04 -1.4790015000e-05 -3.1842726000e-05  3.5619492000e-05  3.1546041000e-05 -7.8802080000e-06  1.1801503000e-05  8.1491810000e-06 -6.0772330000e-06  8.8757120000e-06  3.1061341000e-05  9.8988040000e-06 -6.0075480000e-06  1.0031790000e-06  3.7280834000e-05 -2.5812881000e-05  6.2963727000e-05  1.9410544000e-05  5.0551731300e-04 -4.8807674000e-05 -1.8069697600e-04  1.1392017000e-05 -4.1316220000e-06  5.1892280000e-06  3.3340075300e-04 -2.3929012000e-05 -9.4718968000e-05 -2.8822903000e-05

JOB 9
COORDS  1.5360083820e-01  5.4616722674e-02  3.9274627960e-02 -5.4702164199e-01 -9.1038126869e-01  8.3067213027e-01 -1.9666397315e+00 -9.3539896761e-01  7.9171405304e-01 -2.6783918238e+00 -1.2298665229e-02 -2.7396785656e-02 -1.9731141677e+00  9.3479309726e-01 -8.2474856894e-01 -5.5323302886e-01  9.6275824300e-01 -8.1099489909e-01  1.6789898262e+00  3.1960567447e-02  1.7686878486e-02  2.3413687892e+00 -4.5865752573e-01 -1.0865621417e+00  2.3903101041e+00  4.2083677788e-01  1.1316656630e+00  9.2781819357e-03 -1.6311830962e+00  1.4606792634e+00 -2.5166006995e+00 -1.6803036420e+00  1.3992144764e+00 -3.7859495162e+00 -3.4703211524e-02 -4.8718336983e-02 -2.5285371421e+00  1.6492064046e+00 -1.4630830453e+00 -1.6133299423e-03  1.6947535204e+00 -1.4321536499e+00  3.3923960502e+00 -4.8273849402e-01 -1.1721968832e+00  1.7784999778e+00 -7.7855867014e-01 -1.9165236602e+00  3.4415778600e+00  3.6055230689e-01  1.1920386121e+00  1.8715281951e+00  7.9638376271e-01  1.9670625676e+00
ENERGY -3.765360529580e+02
GRADIENT  1.6704397300e-04  1.8680714440e-03  5.4320119250e-03 -2.9173970000e-05 -2.4027315090e-03 -3.1436062830e-03  6.4249000000e-07  2.0286552000e-05 -2.0313241000e-05 -4.3860420000e-06 -6.2791520000e-06  5.1434110000e-06 -6.2060270000e-05  7.1360281000e-05 -3.9900639000e-05  3.3262200000e-06 -1.9272097200e-04  1.0070980000e-06  2.8678708300e-04  4.2435575270e-03 -4.0438121660e-03  1.8318484400e-04 -3.1975451680e-03  1.8323618140e-03 -4.6799415200e-04  4.6056640900e-04  4.9856030300e-04  9.3897620000e-06 -6.6269430000e-06 -3.1368672000e-05 -5.4391490000e-06  5.3642170000e-06 -3.4890780000e-06  2.0080390000e-06  4.6167420000e-06 -1.0952835000e-05 -1.6484533000e-05  1.0820464000e-05  9.5373860000e-06 -2.0648620000e-06 -3.5694356000e-05 -3.2680220000e-06 -7.7302971000e-05 -3.4009890100e-04 -3.6542527200e-04  4.2222293000e-05 -1.3780674200e-04  1.3290126200e-04  1.0214330000e-06 -2.9435153900e-04 -3.7967669700e-04 -9.9576740000e-06 -7.4365972000e-05  1.0826046600e-04

JOB 10
COORDS  1.5303872715e-01  5.2329119723e-02  3.7943790606e-02 -5.4790341294e-01 -9.1225109844e-01  8.2965321210e-01 -1.9675677163e+00 -9.3590678125e-01  7.9177456196e-01 -2.6786987028e+00 -1.1541471794e-02 -2.6441522216e-02 -1.9727431950e+00  9.3563192425e-01 -8.2313835965e-01 -5.5284057018e-01  9.6293250546e-01 -8.1041895264e-01  1.6785357339e+00  2.8850680487e-02  1.7060982544e-02  2.3419864392e+00 -4.6240848307e-01 -1.0862431854e+00  2.3895605961e+00  4.2108802439e-01  1.1300926615e+00  8.1870327838e-03 -1.6335110146e+00  1.4593186585e+00 -2.5179047727e+00 -1.6805064882e+00  1.3993108709e+00 -3.7862910635e+00 -3.2733639006e-02 -4.7234372883e-02 -2.5279743310e+00  1.6511502860e+00 -1.4603861625e+00 -9.3240126400e-04  1.6955560238e+00 -1.4306004067e+00  3.3934632930e+00 -4.8125297606e-01 -1.1679560110e+00  1.7818776724e+00 -7.8082701254e-01 -1.9187057854e+00  3.4409181590e+00  3.6635852207e-01  1.1941760657e+00  1.8683930138e+00  7.9933071760e-01  1.9627411535e+00
ENERGY -3.765360611028e+02
GRADIENT -1.3104218000e-05  1.9147289210e-03  5.1305972780e-03 -1.0800685000e-05 -2.4284346680e-03 -3.0505025410e-03 -1.0844291000e-05 -2.6797790000e-06  1.1440342000e-05 -5.6493231000e-05 -7.7170930000e-06  2.2036700000e-07  4.8008071000e-05 -4.1284965000e-05  5.1770120000e-05  8.6080865000e-05  1.5792089000e-05 -8.1764315000e-05  1.3856177600e-04  4.0253813120e-03 -3.6677791060e-03 -1.0861828600e-04 -3.3783329480e-03  1.4668561240e-03 -3.9984292000e-05  2.3151555500e-04  2.1348470000e-05 -2.1488920000e-06  7.9077580000e-06  5.4977900000e-07 -4.5451150000e-06  1.1303880000e-06 -2.7261300000e-06 -2.8974700000e-06 -5.3158580000e-06  3.6682300000e-06  9.3890300000e-07 -5.0168720000e-06  6.0080510000e-06  1.0705706000e-05  8.9431400000e-07  6.0288780000e-06 -2.4464909000e-05 -1.2788789500e-04 -6.4310500000e-07  1.4955228000e-05 -8.4007634000e-05  4.9381349000e-05 -7.2520920000e-06 -7.7601031000e-05  1.7370069000e-05  4.5463940000e-06 -4.3613676000e-05  1.6802105000e-05

JOB 11
COORDS  1.5225483118e-01  5.1118520303e-02  3.7847300713e-02 -5.4846846365e-01 -9.1296717440e-01  8.3037415600e-01 -1.9681313270e+00 -9.3526108040e-01  7.9224019260e-01 -2.6790807882e+00 -1.0750554557e-02 -2.6036976921e-02 -1.9733685435e+00  9.3622582545e-01 -8.2314490207e-01 -5.5345270940e-01  9.6226494143e-01 -8.1010502885e-01  1.6777822138e+00  2.7443443948e-02  1.6936391329e-02  2.3429926604e+00 -4.6429304264e-01 -1.0851262104e+00  2.3880494108e+00  4.1944951593e-01  1.1304627977e+00  7.3672090893e-03 -1.6342895545e+00  1.4602113533e+00 -2.5189370176e+00 -1.6793194423e+00  1.4000057596e+00 -3.7866853268e+00 -3.1562391935e-02 -4.6449992210e-02 -2.5283087502e+00  1.6520125359e+00 -1.4603586913e+00 -1.1671286282e-03  1.6946720176e+00 -1.4301999151e+00  3.3946811803e+00 -4.7830930232e-01 -1.1656167274e+00  1.7847409211e+00 -7.7962399223e-01 -1.9200564958e+00  3.4395711003e+00  3.6758910406e-01  1.1942900470e+00  1.8663681311e+00  7.9928667241e-01  1.9620656829e+00
ENERGY -3.765360626344e+02
GRADIENT -1.3443468300e-04  1.9476759500e-03  5.1437816120e-03  1.0714126300e-04 -2.5882579640e-03 -2.8629552610e-03  6.9133628000e-05  1.1083359700e-04 -9.0277871000e-05  3.0820858000e-05 -1.6318393000e-05  9.2282840000e-06 -7.5281718000e-05  1.1936706500e-04 -1.0908055400e-04  5.5100260000e-06 -6.9669273000e-05  5.0429354000e-05  1.2497940100e-04  3.9873284720e-03 -3.6852509160e-03 -5.3239284000e-05 -3.5241390770e-03  1.4942338900e-03 -5.5883662000e-05  9.4336487000e-05 -9.7862694000e-05  1.5725139000e-05  3.9431950000e-06  2.0721325000e-05  2.1907644000e-05  2.9503300000e-07 -3.9767190000e-06  3.3981460000e-06  1.9571039000e-05 -1.2901517000e-05 -1.2784759000e-05  2.9103430000e-06 -8.2772600000e-06 -1.9127502000e-05  1.1502593000e-05  1.3936994000e-05  1.6059169000e-05 -2.2907022000e-05  8.9954999000e-05 -1.3666406000e-05 -3.7948674000e-05  1.7914962000e-05 -8.6224100000e-07 -2.7057124000e-05  8.2546400000e-06 -6.3040520000e-06 -1.6014281000e-05  1.1988790000e-06

JOB 12
COORDS  1.5168749523e-01  5.1327371937e-02  3.7770890032e-02 -5.4995293434e-01 -9.1174049331e-01  8.3086282850e-01 -1.9696070489e+00 -9.3506158457e-01  7.9358699750e-01 -2.6797260586e+00 -1.0814553617e-02 -2.5667603134e-02 -1.9731029570e+00  9.3520712164e-01 -8.2316464354e-01 -5.5318692589e-01  9.6222493021e-01 -8.1105351784e-01  1.6771753149e+00  2.7271731267e-02  1.8001849548e-02  2.3426379397e+00 -4.6595897063e-01 -1.0833289063e+00  2.3867786513e+00  4.1668192530e-01  1.1329155371e+00  6.0052209489e-03 -1.6325512120e+00  1.4611537398e+00 -2.5203562652e+00 -1.6786827024e+00  1.4019649396e+00 -3.7873351357e+00 -3.1124730631e-02 -4.6475026318e-02 -2.5280903861e+00  1.6505336200e+00 -1.4608292768e+00 -1.0579373072e-03  1.6942945362e+00 -1.4317138228e+00  3.3943123870e+00 -4.7555497464e-01 -1.1650612043e+00  1.7847572783e+00 -7.7555630910e-01 -1.9206972161e+00  3.4384113536e+00  3.6709904192e-01  1.1967248759e+00  1.8647552042e+00  7.9850131103e-01  1.9633894368e+00
ENERGY -3.765360630098e+02
GRADIENT -1.2239276300e-04  1.9127757260e-03  5.0644278110e-03 -9.9941685000e-05 -2.3372179340e-03 -3.0758232930e-03 -1.0586837500e-04 -1.6249734700e-04  1.4166751400e-04  1.1459275000e-05  1.3083982000e-05 -1.5253512000e-05  1.1240307200e-04 -1.5845972200e-04  1.4473056100e-04  2.1367176200e-04  2.0264194100e-04 -1.5856883400e-04  1.5579935600e-04  4.2169431450e-03 -3.7408202300e-03 -1.2949779300e-04 -3.7644309510e-03  1.5541528740e-03 -3.0394664000e-05 -5.1558936000e-05 -4.5903617000e-05 -2.2486982000e-05  1.3895617000e-05  3.9652230000e-06 -1.7983076000e-05 -9.4697700000e-06  4.2594500000e-06  1.6250190000e-06 -2.2509608000e-05  2.2815431000e-05  2.6713213000e-05 -7.4438210000e-06  2.4592280000e-06  2.0159642000e-05  2.2677763000e-05 -7.1611500000e-07  1.5314255000e-05  5.5577401000e-05  8.4342712000e-05 -1.1821571000e-05  2.0619036000e-05 -1.9404123000e-05  1.5609340000e-06  3.7016783000e-05  3.0627984000e-05  4.1297320000e-06  1.4165640000e-05 -1.7375110000e-05

