JOB 0
COORDS  1.5291920000e-01 -2.6791600000e-02  5.7192000000e-03 -5.7939880000e-01 -6.6704620000e-01 -1.0546347000e+00 -1.9961400000e+00 -6.5019910000e-01 -1.0473146000e+00 -2.6996790000e+00  9.8720000000e-03  3.4696000000e-03 -1.9808709000e+00  6.5543430000e-01  1.0528143000e+00 -5.6399920000e-01  6.4112990000e-01  1.0595319000e+00  1.6601721000e+00 -1.9002000000e-02 -9.2549000000e-03  2.3844196000e+00  3.0746590000e-01  1.1239445000e+00  2.3621943000e+00 -3.0313860000e-01 -1.1669810000e+00 -5.2916800000e-02 -1.2129055000e+00 -1.8613795000e+00 -2.5547893000e+00 -1.1559006000e+00 -1.8588497000e+00 -3.8082773000e+00  2.2692900000e-02  3.5444000000e-03 -2.5275293000e+00  1.1776911000e+00  1.8620321000e+00 -2.4975700000e-02  1.1781858000e+00  1.8637322000e+00  3.4359570000e+00  3.3894010000e-01  1.1268733000e+00  1.8962242000e+00  4.1825930000e-01  2.0465689000e+00  3.4136254000e+00 -3.2056230000e-01 -1.1941125000e+00  1.8513276000e+00 -4.4719630000e-01 -2.0724476000e+00
ENERGY -3.765416760362e+02
GRADIENT -1.6617265700e-04 -1.3501436340e-03  9.2425059600e-04  2.6892606000e-05  1.3852328250e-03 -9.2109098600e-04 -8.3158390000e-06 -5.0259830000e-06 -7.4109770000e-06  3.6498037000e-05 -6.0348190000e-06 -4.5124600000e-07  2.7466200000e-05 -2.2623860000e-05 -3.5078789000e-05  7.1787599000e-05  6.2631429000e-05  1.1287675800e-04 -4.4428616000e-05 -1.7154415950e-03  4.5403086300e-04  1.9113197300e-04  1.5256971720e-03 -6.1016841400e-04 -1.3472081900e-04  9.1271786000e-05 -7.9563808000e-05  3.7651290000e-06 -3.6011050000e-06 -1.5401320000e-05  6.3206200000e-06 -3.2768370000e-06 -2.5297000000e-06  1.9721570000e-06 -1.8740980000e-06 -3.3904030000e-06  1.3486604000e-05  5.5912840000e-06  5.7962900000e-07 -2.2011814000e-05  1.5453284000e-05  1.3460761000e-05  2.1006380000e-06  6.1750964000e-05  9.5476383000e-05  5.0140610000e-06  3.1698361000e-05 -4.4326160000e-05 -4.1268600000e-07 -1.3056797000e-05  1.1989972200e-04 -1.7853892000e-05 -5.6801134000e-05 -3.0397300000e-07

JOB 1
COORDS  1.5456890146e-01 -5.5906313689e-02  1.8197031205e-02 -5.8055145906e-01 -6.5373643189e-01 -1.0647241923e+00 -1.9971209492e+00 -6.2274033862e-01 -1.0633283783e+00 -2.6997518257e+00  1.6852978269e-02  6.1444804323e-04 -1.9788887305e+00  6.3094208281e-01  1.0672200241e+00 -5.6223225265e-01  6.0148093476e-01  1.0786819672e+00  1.6617085704e+00 -4.1731709868e-02 -1.8007565417e-03  2.3816751789e+00  3.5944937508e-01  1.1098996734e+00  2.3636823774e+00 -3.4936713309e-01 -1.1536823489e+00 -5.6290925996e-02 -1.1802905917e+00 -1.8855899543e+00 -2.5566657322e+00 -1.1002470823e+00 -1.8911626372e+00 -3.8081508679e+00  4.1176699482e-02 -4.1884752362e-03 -2.5234204946e+00  1.1418156383e+00  1.8851000699e+00 -2.1592530839e-02  1.1184317036e+00  1.8948686260e+00  3.4323581210e+00  4.1191591123e-01  1.1043473965e+00  1.8951549798e+00  5.0726514379e-01  2.0282670803e+00  3.4150098715e+00 -3.4603092163e-01 -1.1891132862e+00  1.8501959697e+00 -5.3262654974e-01 -2.0505140180e+00
ENERGY -3.765411339865e+02
GRADIENT  3.0614610600e-04 -2.5227829210e-03  2.4435503440e-03  1.8890293000e-04  2.6303949360e-03 -1.5582471180e-03 -7.7377173000e-05  1.1515849200e-04  2.4017723400e-04 -1.2717871100e-04 -2.2196910000e-06 -1.6712282000e-05 -1.7551855600e-04 -8.6562170000e-06 -1.0981580000e-05  3.1357619000e-05  2.6136177800e-04 -4.0699610500e-04  6.0937286300e-04 -4.9792785840e-03  7.7053071100e-04 -1.0151453430e-03  2.6953239030e-03 -5.5291396500e-04 -1.1517635100e-04  7.4010029900e-04 -2.1377033800e-04  3.4664850000e-04  1.4725290800e-04  1.0238360800e-04 -6.9669960000e-06 -8.3215306000e-05  6.3342227000e-05  1.9806620000e-06  2.1462158000e-05  3.6534600000e-07 -3.8563556000e-05 -1.5658443000e-05 -7.6968400000e-06  4.9295820000e-04  1.9532435500e-04 -3.0885144000e-04  1.5163019000e-05  2.5476148400e-04 -2.4888649900e-04 -3.1199657600e-04  2.9427684300e-04  9.5275872000e-05  7.2079678000e-05 -1.0809819200e-04 -2.0171467000e-04 -1.9709837800e-04  3.7287198600e-04 -1.8948819200e-04

JOB 2
COORDS  1.5310711968e-01 -6.0469696921e-02  2.6224041320e-02 -5.8175141352e-01 -6.3331204983e-01 -1.0711028607e+00 -1.9980131619e+00 -5.9967369415e-01 -1.0788741113e+00 -2.7043117692e+00  1.8748655983e-02 -5.1132890384e-03 -1.9865195487e+00  6.0849832816e-01  1.0770521082e+00 -5.7015648336e-01  5.7726007866e-01  1.0952189871e+00  1.6615947850e+00 -3.9092973309e-02  6.1535196518e-03  2.3985119669e+00  4.0289534273e-01  1.0913165944e+00  2.3593093130e+00 -3.8774392413e-01 -1.1365067129e+00 -5.7169014751e-02 -1.1437434262e+00 -1.9018306009e+00 -2.5535272892e+00 -1.0570469543e+00 -1.9206896122e+00 -3.8126248020e+00  4.5764077996e-02 -1.4411273760e-02 -2.5338596314e+00  1.1029822738e+00  1.9030831961e+00 -3.6669523352e-02  1.0750093989e+00  1.9276691021e+00  3.4492905658e+00  4.4742303766e-01  1.0684415701e+00  1.9280553520e+00  5.8009728922e-01  2.0125104205e+00  3.4104360924e+00 -3.7725462284e-01 -1.1736826595e+00  1.8450179463e+00 -6.1532938852e-01 -2.0223663722e+00
ENERGY -3.765408434977e+02
GRADIENT  4.6206247100e-04 -3.8121916640e-03  1.1655132280e-03 -5.7920240100e-04  3.3667893510e-03 -1.0046945710e-03 -3.3135780900e-04 -1.2772951800e-04 -3.3494463000e-04  4.7149793000e-05 -5.4269990000e-05 -2.6687225000e-05  6.9597895000e-05 -7.6955136000e-05 -1.3447083600e-04 -4.8422433600e-04  3.5500422600e-04 -3.9234271200e-04  2.7845056200e-04 -3.6910626330e-03  2.5981181250e-03  1.0869414460e-03  2.4537962650e-03 -1.6503398510e-03 -5.7492786600e-04  7.6971855500e-04  2.5076631700e-04  3.9366445700e-04  5.1259418000e-05  2.5847049800e-04 -1.0186463600e-04 -4.1598547000e-05  3.0124370000e-05  1.2579333000e-05 -1.4262186000e-05 -2.8034412000e-05 -3.3921093000e-05  1.3862598000e-05 -2.6251096000e-05  7.8755496000e-05  3.3818097400e-04 -3.5584797700e-04  8.8811282000e-05  3.1467465800e-04 -2.3446891900e-04 -1.5590711900e-04 -1.2208846200e-04 -1.6825376100e-04  1.0154741200e-04 -2.3291844000e-05  2.1295771600e-04 -3.4955062400e-04  3.1064706100e-04 -1.5898994400e-04

JOB 3
COORDS  1.5211402922e-01 -6.3767711712e-02  2.2838268221e-02 -5.8539430869e-01 -6.0066062731e-01 -1.0921601321e+00 -2.0010458920e+00 -5.6014324738e-01 -1.0964123864e+00 -2.7063067939e+00  2.2869945323e-02 -2.4766127917e-03 -1.9870668233e+00  5.7167292833e-01  1.0997100693e+00 -5.7111333276e-01  5.3726295991e-01  1.1142852314e+00  1.6616708223e+00 -3.3739328239e-02  3.8667014281e-04  2.3941574349e+00  4.7679438363e-01  1.0588418586e+00  2.3700004834e+00 -4.5191868584e-01 -1.1128076959e+00 -6.8293028605e-02 -1.0847320313e+00 -1.9430873251e+00 -2.5580706025e+00 -9.8438672125e-01 -1.9543737789e+00 -3.8145693786e+00  5.2933785655e-02 -1.0851194636e-02 -2.5322783911e+00  1.0359272932e+00  1.9444645957e+00 -4.0685340850e-02  9.9652081359e-01  1.9703339080e+00  3.4452954836e+00  5.0890631933e-01  1.0387163735e+00  1.9238946196e+00  7.0390762115e-01  1.9687949561e+00  3.4209521089e+00 -4.2817808253e-01 -1.1420948895e+00  1.8676212225e+00 -7.5779876772e-01 -1.9811081334e+00
ENERGY -3.765405321139e+02
GRADIENT -1.5219768000e-05 -4.2059077040e-03  1.3442271780e-03 -6.7680653000e-04  2.9848579320e-03 -1.9040725280e-03  2.7587167800e-04  2.0044006200e-04  7.0770222000e-05  1.2117670500e-04 -8.5456330000e-05  4.8736080000e-05  9.7792679000e-05  5.2857803000e-05 -1.4933109000e-05 -6.0317763700e-04  5.7256781800e-04  2.6631684000e-05  5.1230921900e-04 -2.1934905760e-03  2.1087597640e-03  6.2778089000e-04  2.5007096030e-03 -1.3582394920e-03 -1.2604787100e-04  2.5251195200e-04 -5.6957303400e-04  9.8488910000e-06 -5.3927846200e-04  2.9237659400e-04 -1.2345169000e-05  6.5121523000e-05 -1.5842996000e-05 -2.1052310000e-06 -2.2423100000e-05  4.0317191000e-05 -2.5557275000e-05  7.3040916000e-05 -3.2875227000e-05 -1.4221076800e-04  2.9397797300e-04 -2.1953070200e-04 -5.8556148000e-05  2.7616232400e-04 -3.3690332800e-04  5.0237140000e-05 -5.7727148200e-04 -4.6073010000e-06  2.6980820000e-06  1.0588173000e-05  4.7438668800e-04 -2.6744608000e-05  3.3984090500e-04  5.2414171000e-05

JOB 4
COORDS  1.5379784874e-01 -4.5355586717e-02  9.2360772709e-03 -5.8522160591e-01 -5.8404431236e-01 -1.1029346673e+00 -2.0014221145e+00 -5.5362097128e-01 -1.0980244037e+00 -2.7019644408e+00  1.8758905429e-02  4.7602438745e-03 -1.9786746032e+00  5.6248383738e-01  1.1072164387e+00 -5.6219545361e-01  5.3844667386e-01  1.1135297379e+00  1.6618999734e+00 -2.6433134325e-02 -1.2656963620e-02  2.3763633883e+00  4.9081497504e-01  1.0550479142e+00  2.3776538890e+00 -4.7039216483e-01 -1.1113317184e+00 -6.9540310752e-02 -1.0535738164e+00 -1.9627953143e+00 -2.5614670899e+00 -9.7621044355e-01 -1.9548487364e+00 -3.8104222519e+00  4.1888690703e-02  4.3023256111e-03 -2.5217270725e+00  1.0122770495e+00  1.9610967700e+00 -2.7721067806e-02  9.8414737932e-01  1.9744555472e+00  3.4280650986e+00  5.0758617011e-01  1.0645248428e+00  1.8859538673e+00  7.4546246839e-01  1.9471371545e+00  3.4287424487e+00 -4.5555839004e-01 -1.1420477219e+00  1.8770578900e+00 -7.9498727635e-01 -1.9740567252e+00
ENERGY -3.765406345611e+02
GRADIENT -4.1872572200e-04 -2.1665793160e-03  2.2648847080e-03  2.7245623400e-04  2.0785668570e-03 -1.5074809080e-03  7.5229351000e-05 -9.3106501000e-05 -1.0812388700e-04 -2.0273880000e-05  1.0448266000e-04  1.2342610200e-04  4.5280055000e-05 -2.2808900200e-04 -4.0343364700e-04  9.3169999300e-04  9.2684245900e-04  7.2203538100e-04 -3.7174716600e-04 -2.5100991950e-03 -4.1151791200e-04 -1.7737067030e-03  2.5888024720e-03 -1.7882719000e-04  7.2134970100e-04  2.9626027000e-05 -5.0646171600e-04 -2.1876863000e-05 -4.7098803100e-04  1.7457202300e-04  3.3074473000e-05  3.2987449000e-05 -4.6788170000e-05  1.0683300000e-06 -3.1909980000e-05 -4.1795301000e-05  7.2543590000e-05  4.6006440000e-06 -8.5861830000e-06  5.5924896400e-04  3.0374130000e-06 -8.0448788000e-05 -5.8670329000e-05  1.9808315300e-04  1.0386883400e-04 -1.2372202100e-04 -3.4433733700e-04  5.0789369400e-04 -2.7087762000e-05 -3.8079719100e-04 -5.5477169200e-04  1.0381851400e-04  2.5226079000e-04 -5.3109483000e-05

JOB 5
COORDS  1.5528422271e-01 -2.8643344911e-03 -3.5622436936e-03 -5.8318673288e-01 -5.4417955483e-01 -1.1133907757e+00 -2.0003130009e+00 -5.3924539049e-01 -1.1053928663e+00 -2.7079592941e+00  7.0125402403e-03  5.9748279110e-03 -1.9879864137e+00  5.4343671314e-01  1.1143387355e+00 -5.7088617914e-01  5.4224237028e-01  1.1128625628e+00  1.6633837461e+00 -3.7897442459e-03 -1.5393489554e-02  2.3953980341e+00  5.1168621596e-01  1.0412687380e+00  2.3710400148e+00 -5.0561326573e-01 -1.0930936324e+00 -6.3955432274e-02 -9.8108757373e-01 -1.9880451177e+00 -2.5547880897e+00 -9.6024459207e-01 -1.9666201026e+00 -3.8166408245e+00  1.1725629675e-02  9.6289067435e-03 -2.5338855319e+00  9.6406779270e-01  1.9811833302e+00 -4.3663667505e-02  9.6629460444e-01  1.9890425799e+00  3.4465229576e+00  4.7438270404e-01  1.0635488781e+00  1.9113568494e+00  8.3395780953e-01  1.9145844486e+00  3.4222219888e+00 -5.0942948470e-01 -1.1252874684e+00  1.8647338130e+00 -8.6525493694e-01 -1.9388445872e+00
ENERGY -3.765407786114e+02
GRADIENT  1.1551478930e-03 -3.3628982400e-04 -5.2815591000e-05  4.2110368100e-04  1.2063855130e-03  1.2405794320e-03 -4.8111444300e-04 -5.0385862900e-04 -3.1291406000e-04 -4.4290201800e-04  2.1725989300e-04 -9.1918100000e-05 -1.8104402000e-04 -6.2673318000e-05  2.6902854400e-04  1.2819352700e-04 -1.5772472900e-04 -1.3347175630e-03 -1.4696101010e-03 -6.3253903500e-04 -2.8909336300e-04  4.3609487800e-04  1.2790262400e-03 -9.9367470100e-04  7.2598648000e-05  3.7477883500e-04  1.3295309540e-03  3.0181956700e-04 -5.4357426000e-05  2.6379176400e-04 -9.5800682000e-05  2.2316143000e-05  1.9493470000e-06 -6.1563020000e-06  2.7035403000e-05 -5.6055880000e-05 -6.5448030000e-05 -1.0672376600e-04  1.3949914000e-05 -2.5144610000e-06 -3.0639370400e-04  4.5980060000e-05  1.9209940700e-04 -9.6570566000e-05  6.4538554200e-04  1.9288193100e-04 -4.2942666500e-04  3.3498413100e-04  4.6832093000e-05 -3.9062555600e-04 -6.5929477000e-04 -2.1092865500e-04 -4.9031403000e-05 -3.4991680400e-04

JOB 6
COORDS  1.5158467594e-01 -2.1380165341e-03 -9.4967798135e-03 -5.8481159517e-01 -5.4382451707e-01 -1.1222592614e+00 -2.0012677833e+00 -5.3710336867e-01 -1.1045842881e+00 -2.7055924164e+00  4.7681769533e-03  1.0801742375e-02 -1.9860419057e+00  5.4221284815e-01  1.1184895596e+00 -5.6956411891e-01  5.4094026032e-01  1.1124629321e+00  1.6610968889e+00 -4.7960992724e-03 -1.8461437631e-02  2.3897482832e+00  5.1037701413e-01  1.0397702343e+00  2.3740751946e+00 -5.0990801942e-01 -1.0910448766e+00 -6.9694932386e-02 -9.7447097758e-01 -2.0024826264e+00 -2.5597438465e+00 -9.5594762558e-01 -1.9642079595e+00 -3.8142605040e+00  7.4056423476e-03  1.7284415395e-02 -2.5303120709e+00  9.6239096910e-01  1.9865869399e+00 -3.9637481793e-02  9.6593867462e-01  1.9866272767e+00  3.4405419928e+00  4.6829365729e-01  1.0586437669e+00  1.9054511547e+00  8.4866016745e-01  1.9066834113e+00  3.4255966672e+00 -5.0184614345e-01 -1.1021824050e+00  1.8806806545e+00 -8.7763014882e-01 -1.9404481892e+00
ENERGY -3.765407941622e+02
GRADIENT -8.6081502400e-04  7.7637234000e-05  2.7014290000e-06  6.4617714300e-04 -4.2495313600e-04 -1.1570012260e-03  2.5641439400e-04  2.2239036400e-04  6.7931957700e-04  2.5633927800e-04  8.6560630000e-06 -1.1220018600e-04 -1.9821032400e-04  1.4518130700e-04  4.3676906200e-04 -1.3877040000e-06  8.6212884000e-05 -5.2614577000e-05  1.4082369660e-03 -4.9324054800e-04  1.3167254500e-04 -4.2261470900e-04  1.3373588020e-03 -2.7444058900e-04 -1.1166646250e-03 -4.9602665600e-04 -6.9947046700e-04 -3.2480022000e-05 -7.5845186000e-05 -1.3222775500e-04  1.2054709800e-04  1.8641540000e-06 -2.2991430000e-06  1.2261274000e-05  5.8856968000e-05  6.1746058000e-05  7.5603090000e-06 -6.0883020000e-06  5.5354853000e-05 -1.0029544400e-04 -8.6721841000e-05  1.5720997000e-04  2.6166995000e-05 -5.4272962500e-04 -2.0600287400e-04  1.5224376000e-05 -2.6648488100e-04  2.7709662700e-04  5.9486690000e-06  4.5153966200e-04  1.0142966960e-03 -2.6152683000e-05  2.2301710000e-06 -1.8047654300e-04

JOB 7
COORDS  1.5287628663e-01 -6.5917884277e-03 -6.5663604235e-03 -5.8776814305e-01 -5.4530905605e-01 -1.1186095074e+00 -2.0041179338e+00 -5.3812618389e-01 -1.1057948946e+00 -2.7069825339e+00  4.1777909554e-03  1.0062935838e-02 -1.9846380792e+00  5.4192259551e-01  1.1157616563e+00 -5.6820357979e-01  5.3951878136e-01  1.1141973639e+00  1.6630970114e+00 -8.2410283024e-03 -1.6856854034e-02  2.3906646196e+00  5.0513749673e-01  1.0427819132e+00  2.3778709987e+00 -5.0719412882e-01 -1.0917454550e+00 -7.3156841784e-02 -9.7607952018e-01 -1.9989519864e+00 -2.5619766489e+00 -9.5621418665e-01 -1.9662355512e+00 -3.8156481119e+00  8.6164591516e-03  1.7488937458e-02 -2.5289819092e+00  9.6555617236e-01  1.9820899517e+00 -3.9128764351e-02  9.6889052594e-01  1.9867048313e+00  3.4417287120e+00  4.7523147740e-01  1.0624401516e+00  1.9030657816e+00  8.4527215966e-01  1.9069260721e+00  3.4292368651e+00 -5.0047638647e-01 -1.1119841308e+00  1.8810393629e+00 -8.7278420573e-01 -1.9396865871e+00
ENERGY -3.765408237879e+02
GRADIENT -1.6906717100e-04 -8.2964034000e-05  2.1126051000e-04 -6.3862652400e-04  1.6839508800e-04 -1.3477871300e-04 -6.4511371000e-05 -7.6893976000e-05 -3.0776091700e-04  1.1138640400e-04 -4.6268570000e-05  4.7532894000e-05  3.3324675800e-04 -2.2539204500e-04 -5.3816546300e-04  1.3501788000e-05  2.4843349200e-04  7.5093914700e-04  2.9722024700e-04 -6.0761915200e-04  4.8936589300e-04  8.3026101000e-05  1.0309184620e-03 -7.7198369700e-04  1.3776561200e-04 -1.5518813800e-04 -1.1859760300e-04 -2.7744244300e-04  2.0782024000e-05 -4.3932008000e-05 -3.6103405000e-05 -9.5790450000e-06 -7.2657670000e-06 -8.1172590000e-06 -2.8080713000e-05 -5.6480600000e-05  5.9991903000e-05  1.6137263000e-05 -2.4269984000e-05  4.1973331000e-05  3.6826012000e-05  1.7924550000e-05 -2.0464059000e-05 -2.6855898200e-04  1.6241463800e-04 -3.3327832000e-05 -2.7106224300e-04  8.0027913000e-05  8.3620620000e-06  6.1653295000e-05  9.2971592000e-05  1.5394977900e-04  1.8700625400e-04  1.4986224600e-04

JOB 8
COORDS  1.5397768668e-01 -7.6069230017e-03 -6.1378515315e-03 -5.8426748554e-01 -5.4439633622e-01 -1.1196105765e+00 -2.0007818122e+00 -5.3573708335e-01 -1.1049698179e+00 -2.7064496410e+00  4.6884562602e-03  1.0382163535e-02 -1.9865692699e+00  5.4175835601e-01  1.1180340267e+00 -5.6994639991e-01  5.3714717425e-01  1.1132056030e+00  1.6634586032e+00 -9.0752071799e-03 -1.5603521976e-02  2.3908162129e+00  5.0240795464e-01  1.0452743717e+00  2.3768292335e+00 -5.0848435582e-01 -1.0914930061e+00 -6.8267590166e-02 -9.7355005910e-01 -2.0000640718e+00 -2.5583224468e+00 -9.5253139893e-01 -1.9662147517e+00 -3.8151220749e+00  8.3898712903e-03  1.5938296441e-02 -2.5308231760e+00  9.6484863570e-01  1.9847426879e+00 -4.0664596649e-02  9.6619028862e-01  1.9856603330e+00  3.4420544485e+00  4.8098584570e-01  1.0638632351e+00  1.9020531488e+00  8.5076213019e-01  1.9054191675e+00  3.4279771898e+00 -5.0590982528e-01 -1.1207760285e+00  1.8747163577e+00 -8.7630707936e-01 -1.9355759055e+00
ENERGY -3.765408305166e+02
GRADIENT  2.5386915400e-04 -2.0540023000e-04  1.3546160200e-04  1.8137062800e-04  7.0398988000e-05 -4.3421852700e-04  2.7350331000e-04  2.7572076700e-04  3.9902395700e-04  7.1750720000e-06 -5.7628498000e-05 -3.0000200000e-07 -3.0038338000e-04  3.1141542500e-04  5.4534439600e-04 -4.4215898300e-04 -3.9640333700e-04 -5.0554624800e-04 -9.9728199600e-04 -7.1570026100e-04  1.4057074800e-04  2.6347991800e-04  8.8625890500e-04 -5.8932724900e-04  7.3726374900e-04  1.3483743500e-04  5.4763034900e-04  1.2144045300e-04  4.6458403000e-05 -1.4837869000e-05  4.7115821000e-05 -2.4396000000e-06  2.1471949000e-05  2.4013200000e-06  2.9027892000e-05  8.5047891000e-05 -7.5992441000e-05  2.8635333000e-05  6.6173290000e-06 -8.2097037000e-05  4.8877076000e-05 -1.0274670600e-04 -2.1571296000e-05 -1.0176816300e-04  3.3495108600e-04  1.5266819000e-05 -2.3303726400e-04  4.1459587000e-05 -1.6469713000e-05 -2.5157806300e-04 -6.5714199700e-04  2.1099556000e-05  1.3105455100e-04  4.7242476000e-05

JOB 9
COORDS  1.5404621926e-01 -4.7500444142e-03 -5.1928665571e-03 -5.8369374517e-01 -5.3979308143e-01 -1.1193383109e+00 -2.0003776397e+00 -5.3378137525e-01 -1.1076503805e+00 -2.7059549131e+00  3.9233601705e-03  9.1001871743e-03 -1.9857658858e+00  5.3863554195e-01  1.1179162208e+00 -5.6898656981e-01  5.3672689238e-01  1.1158418760e+00  1.6629466957e+00 -8.1132664356e-03 -1.5157045631e-02  2.3919699337e+00  5.0128474451e-01  1.0455344265e+00  2.3732803453e+00 -5.1263889705e-01 -1.0904644655e+00 -6.5785359263e-02 -9.6551238668e-01 -2.0003647064e+00 -2.5567561244e+00 -9.4928751883e-01 -1.9702981982e+00 -3.8146253381e+00  6.8134391422e-03  1.5001213057e-02 -2.5311157107e+00  9.5836147846e-01  1.9855440521e+00 -4.0551547142e-02  9.6304838517e-01  1.9902173764e+00  3.4433131748e+00  4.8248773240e-01  1.0586707415e+00  1.9055834815e+00  8.6342150556e-01  1.9013291694e+00  3.4244928955e+00 -5.1013315066e-01 -1.1166089564e+00  1.8711696524e+00 -8.8668861330e-01 -1.9320792732e+00
ENERGY -3.765408467395e+02
GRADIENT  1.4740331100e-04 -1.9613159000e-04 -1.0329510800e-04  2.7005437600e-04  3.2512109800e-04  2.8169793000e-04 -7.7449109000e-05 -2.0193645000e-05 -1.1411103300e-04 -1.3293929100e-04  8.2104370000e-06  3.2010841000e-05 -5.8184450000e-05  2.8467409000e-05  1.2112635000e-05  1.9642824200e-04 -1.6812684200e-04 -9.0535427000e-05 -4.3815781300e-04 -4.4553335000e-04  1.5467624300e-04  3.3732693000e-05  8.1384321300e-04 -4.3071458000e-05 -1.5940770000e-05 -1.2308879000e-04  8.7449154000e-05  2.0625170500e-04  5.9415217000e-05  9.4197500000e-06 -8.8926210000e-06 -1.3698693000e-05  1.0040120000e-06  1.6303360000e-06 -1.1357833000e-05  2.3091250000e-06 -6.6761750000e-06  3.6347300000e-07 -5.0944080000e-06  7.7760930000e-06  7.1349473000e-05 -4.4146597000e-05 -1.8472517000e-05 -1.6884977300e-04  7.7422753000e-05  2.3698425000e-05 -1.4728126500e-04  9.7508605000e-05 -3.5671836000e-05 -2.8084480000e-06 -1.7336859000e-04 -1.0811441300e-04 -1.0026283000e-05 -1.7969481900e-04

JOB 10
COORDS  1.5441117582e-01 -3.3662702549e-03 -8.0315496017e-03 -5.8596985641e-01 -5.3573443112e-01 -1.1223789735e+00 -2.0025794878e+00 -5.3021853261e-01 -1.1087712558e+00 -2.7067163265e+00  3.7824973356e-03  1.0459278716e-02 -1.9848665850e+00  5.3477685321e-01  1.1198577295e+00 -5.6819840255e-01  5.3346832201e-01  1.1156595961e+00  1.6640569597e+00 -7.9114036785e-03 -1.7168783950e-02  2.3912385174e+00  4.9957873775e-01  1.0451095482e+00  2.3771012004e+00 -5.1711463109e-01 -1.0881640145e+00 -7.0612136722e-02 -9.5783618534e-01 -2.0064977552e+00 -2.5600329626e+00 -9.4302279065e-01 -1.9720210038e+00 -3.8153803218e+00  6.3470616655e-03  1.7983049740e-02 -2.5289436845e+00  9.5079739951e-01  1.9900575320e+00 -3.9109228536e-02  9.5515437769e-01  1.9919150180e+00  3.4426834708e+00  4.8933260295e-01  1.0560349111e+00  1.9032561708e+00  8.8101132105e-01  1.8914566707e+00  3.4285065393e+00 -5.1376620657e-01 -1.1060960370e+00  1.8796612346e+00 -9.0075134022e-01 -1.9280057216e+00
ENERGY -3.765408555773e+02
GRADIENT  3.4220613700e-04  5.2066177000e-05  4.3368298000e-05 -2.2598265500e-04  1.8597421300e-04  3.3146347100e-04 -9.2823500000e-05 -7.1517833000e-05 -1.6617658800e-04 -5.2986134000e-05  2.9389030000e-06 -5.0376830000e-06  1.7845480000e-05 -3.6408540000e-06 -3.6882423000e-05 -4.2446708000e-05 -1.7646636700e-04 -1.5046115800e-04  5.7623966900e-04 -1.2293821200e-04  9.4603671000e-05 -1.5863279300e-04  3.1574323500e-04 -1.2494326500e-04 -2.6493698300e-04 -3.0099985000e-04 -2.1586000700e-04 -8.0091321000e-05  5.2937049000e-05  1.7792115000e-05 -3.9903901000e-05 -2.5855430000e-06  4.9168480000e-06 -3.7988800000e-06 -1.6281697000e-05 -1.3611601000e-05 -1.2261200000e-05 -8.4895190000e-06 -6.5928350000e-06  3.9575366000e-05  4.3400411000e-05 -4.1635192000e-05 -1.5754537000e-05 -1.2532322500e-04 -1.0305859000e-05 -1.8915601000e-05 -8.2068295000e-05  3.1971273000e-05  3.7745520000e-06  2.2844293900e-04  2.8434437100e-04  1.4119190000e-05  2.8350202000e-05 -3.8042326000e-05

JOB 11
COORDS  1.5308195123e-01 -2.8762971294e-03 -7.3804770828e-03 -5.8465630901e-01 -5.3354702037e-01 -1.1247077384e+00 -2.0011074389e+00 -5.2754632988e-01 -1.1109711732e+00 -2.7050148785e+00  3.9479759276e-03  9.5185983336e-03 -1.9843484739e+00  5.3208357336e-01  1.1210025425e+00 -5.6784233697e-01  5.3154321373e-01  1.1188390399e+00  1.6629961399e+00 -7.5266149047e-03 -1.5699948301e-02  2.3923808090e+00  4.9684335782e-01  1.0462784600e+00  2.3757078173e+00 -5.1939124361e-01 -1.0855891091e+00 -6.8664780490e-02 -9.5318736637e-01 -2.0096625335e+00 -2.5586094271e+00 -9.3791237984e-01 -1.9753350104e+00 -3.8136801547e+00  6.6544901952e-03  1.6471734927e-02 -2.5294515224e+00  9.4536435706e-01  1.9918468200e+00 -3.9060519359e-02  9.4939209988e-01  1.9971576249e+00  3.4438895751e+00  4.9607331803e-01  1.0500046632e+00  1.9063297101e+00  8.9530234855e-01  1.8857716532e+00  3.4270935317e+00 -5.2060062055e-01 -1.1051241860e+00  1.8765959822e+00 -9.0955736800e-01 -1.9212715763e+00
ENERGY -3.765408584658e+02
GRADIENT -6.9317494100e-04  1.9255697000e-05 -7.3228915000e-05  2.6156083000e-05 -2.3916169500e-04 -4.3863336400e-04 -5.3360490000e-06  6.9648850000e-06  1.3837528000e-05  1.2118290800e-04 -1.2338256000e-05 -2.2241614000e-05  2.0567688000e-04 -1.3237187900e-04 -3.0441749700e-04  2.4690961400e-04  2.4840508500e-04  6.4973136900e-04  1.3089439800e-04  2.2697830900e-04  2.7253660800e-04  7.3203459000e-05 -1.4354112400e-04 -2.3112430400e-04 -8.0854557000e-05 -1.0530532500e-04  2.0248029700e-04 -9.0856423000e-05 -1.0996475000e-05 -5.4320595000e-05  2.0529097000e-05  1.3877600000e-06 -1.0995130000e-05  2.9189800000e-07 -1.6548136000e-05 -2.1731004000e-05  6.3734529000e-05 -1.1529000000e-06  3.1712550000e-06 -8.3447730000e-06  7.1030157000e-05  8.0118994000e-05 -9.0559300000e-06 -5.1384492000e-05 -9.2842091000e-05 -3.9900089000e-05 -3.6150635000e-05 -7.5938142000e-05  3.0479043000e-05  1.0715185700e-04  4.3330278000e-05 -5.4695430000e-06  6.8357802000e-05  6.0904113000e-05

JOB 12
COORDS  1.5450031463e-01 -3.8102837109e-03 -6.9701413373e-03 -5.8418229940e-01 -5.3367202521e-01 -1.1235591731e+00 -2.0007503827e+00 -5.2722834412e-01 -1.1104206996e+00 -2.7054659819e+00  4.5391758521e-03  9.5553713573e-03 -1.9847437270e+00  5.3228360166e-01  1.1212107636e+00 -5.6809581101e-01  5.3054871202e-01  1.1180303678e+00  1.6641224869e+00 -8.0916370126e-03 -1.5989528660e-02  2.3922339164e+00  4.9642533706e-01  1.0471899760e+00  2.3763457018e+00 -5.1877306911e-01 -1.0870200096e+00 -6.7933004244e-02 -9.5394237824e-01 -2.0081085444e+00 -2.5578972641e+00 -9.3753568021e-01 -1.9750491306e+00 -3.8141328148e+00  7.7159819031e-03  1.5998081536e-02 -2.5294894526e+00  9.4592316987e-01  1.9921300951e+00 -3.9340086172e-02  9.4795466687e-01  1.9964970302e+00  3.4437465145e+00  4.9857631964e-01  1.0508894874e+00  1.9053591671e+00  8.9466601377e-01  1.8863827920e+00  3.4276813060e+00 -5.2158254463e-01 -1.1072030235e+00  1.8765163495e+00 -9.0894614444e-01 -1.9224056085e+00
ENERGY -3.765408622038e+02
GRADIENT -6.5697510000e-06 -2.9563987000e-05 -7.2277320000e-06  1.3410816000e-05  4.0841979000e-05  3.3904300000e-05 -1.1454702000e-05 -8.3853700000e-06 -1.2740933000e-05  6.0225890000e-06  2.1004260000e-06  6.7881450000e-06 -1.3521679000e-05  7.7550540000e-06  2.1207960000e-06  6.7542550000e-06 -1.9532913000e-05  2.3841890000e-06  9.2493673000e-05  7.3307074000e-05 -2.5589238000e-05 -6.9012275000e-05  3.1256623000e-05  1.5584385100e-04  1.0942780000e-06 -1.6837436900e-04  4.4091220000e-06  2.0615175000e-05 -4.5403890000e-06 -6.0662800000e-07 -1.2154360000e-06  3.6778910000e-06 -3.6036110000e-06  6.2091000000e-07 -2.6070890000e-06  6.1269400000e-07 -2.3892600000e-06 -8.5579500000e-07  2.2557800000e-07 -1.2738177000e-05  1.1675436000e-05 -8.4941090000e-06 -2.5365891000e-05 -2.3333861000e-05 -8.4598194000e-05  9.5505070000e-06  5.7363290000e-06 -3.2024280000e-06 -1.7037528000e-05  5.0091523000e-05 -3.1452351000e-05 -6.8836590000e-06  3.0917586000e-05 -2.8410736000e-05

JOB 13
COORDS  1.5468588222e-01 -3.9089682091e-03 -7.2894960794e-03 -5.8416307223e-01 -5.3394811926e-01 -1.1236981100e+00 -2.0007353336e+00 -5.2736392275e-01 -1.1101947679e+00 -2.7053678671e+00  4.6616248399e-03  9.7198689959e-03 -1.9843915795e+00  5.3242626430e-01  1.1212082336e+00 -5.6774459423e-01  5.3058083048e-01  1.1177248149e+00  1.6642591472e+00 -8.0685509341e-03 -1.6367478577e-02  2.3924048319e+00  4.9666299451e-01  1.0467312029e+00  2.3766485421e+00 -5.1812022921e-01 -1.0875110582e+00 -6.8144571355e-02 -9.5448524562e-01 -2.0082420856e+00 -2.5580508365e+00 -9.3785563586e-01 -1.9746248223e+00 -3.8140357984e+00  7.9557556772e-03  1.6281390840e-02 -2.5289279042e+00  9.4617577777e-01  1.9922063132e+00 -3.8743929233e-02  9.4779529027e-01  1.9961460039e+00  3.4439441332e+00  4.9921746043e-01  1.0526321144e+00  1.9045748539e+00  8.9352976878e-01  1.8860461125e+00  3.4280178100e+00 -5.2171081318e-01 -1.1066453375e+00  1.8771782468e+00 -9.0854837033e-01 -1.9230004968e+00
ENERGY -3.765408624150e+02
GRADIENT  1.3275439000e-05 -3.6938575000e-05 -1.4398717000e-05  2.2790783000e-05  2.6482597000e-05 -3.2450160000e-06  1.3400030000e-05  6.6735840000e-06  2.4341494000e-05 -4.0401069000e-05  2.2802120000e-06 -4.7978000000e-08 -4.7783820000e-06  1.0840470000e-06  3.8966460000e-06  1.3238231000e-05 -9.9408260000e-06 -2.5307373000e-05 -1.0478413400e-04  5.2553187000e-05 -1.0673024000e-05  9.8678328000e-05 -4.9933826000e-05 -9.3249511000e-05 -3.8321555000e-05 -1.2403742600e-04  3.5081322000e-05  1.0859853000e-05 -4.9012880000e-06  2.0924520000e-06 -5.1989900000e-07  2.3481340000e-06  1.8305460000e-06 -3.3124290000e-06  1.1975020000e-06  2.1074780000e-06 -3.8755280000e-06 -1.6053090000e-06 -7.1113300000e-07  6.2396540000e-06 -3.4973780000e-06 -5.5327930000e-06  1.1940052000e-05  5.8802600000e-05  1.0551298700e-04 -2.3391360000e-06  1.3136400000e-07  7.7769500000e-07  2.4102090000e-06  4.9967219000e-05  7.8838940000e-06 -1.0326537000e-05  2.9316540000e-05 -3.0366421000e-05

