JOB 0
COORDS  1.5171580000e-01  5.9375600000e-02  4.5684100000e-02 -5.5851080000e-01 -8.2019170000e-01  9.2740110000e-01 -1.9768045000e+00 -8.5007950000e-01  8.8233270000e-01 -2.6829254000e+00 -1.2994900000e-02 -3.0151200000e-02 -1.9720158000e+00  8.4931880000e-01 -9.1562910000e-01 -5.5338290000e-01  8.7625280000e-01 -8.9770830000e-01  1.6677524000e+00  2.6247100000e-02  2.7272500000e-02  2.3371165000e+00 -2.8360870000e-01 -1.1389888000e+00  2.3778346000e+00  2.0523490000e-01  1.1965123000e+00 -6.6241000000e-03 -1.4803731000e+00  1.6244487000e+00 -2.5317098000e+00 -1.5322279000e+00  1.5555522000e+00 -3.7906268000e+00 -3.6911800000e-02 -5.5530700000e-02 -2.5243132000e+00  1.4974784000e+00 -1.6236303000e+00  1.3622000000e-03  1.5483253000e+00 -1.5810830000e+00  3.3880803000e+00 -2.7034510000e-01 -1.2186992000e+00  1.7828269000e+00 -4.5733870000e-01 -2.0161685000e+00  3.4262728000e+00  1.1479760000e-01  1.2524707000e+00  1.8628472000e+00  4.7174080000e-01  2.0741740000e+00
ENERGY -3.765388119143e+02
GRADIENT  1.0199843800e-04  2.5132288330e-03  5.2258362620e-03 -9.3491993000e-05 -3.1502599690e-03 -3.2039803840e-03  1.4649517000e-05  2.1200571000e-05 -2.1037947000e-05 -2.9893188000e-05 -2.6533000000e-06  2.6738630000e-06 -2.8947450000e-06  1.8300270000e-06 -2.6464080000e-06  2.7735720000e-06 -5.9454750000e-06  1.8043843000e-05  9.4314902000e-05  5.1483965820e-03 -3.1674439590e-03 -8.7182024000e-05 -4.5209576780e-03  1.1420199250e-03  3.7419730000e-06  2.5102026000e-05 -4.4597790000e-06  3.7430610000e-06  4.0036070000e-06 -3.9928700000e-07  2.4224500000e-07  1.8205780000e-06 -1.7729630000e-06 -2.4751600000e-06  7.7917300000e-07 -2.3050960000e-06 -4.0256550000e-06 -2.6610490000e-06  1.6631510000e-06 -2.0019460000e-06 -2.2083190000e-06  1.9437970000e-06 -2.0731930000e-06 -1.3502094000e-05  6.7779400000e-07  3.8111980000e-06 -8.2153500000e-06  8.0613160000e-06 -2.3658640000e-06 -6.9491000000e-08  1.7516243000e-05  1.4430310000e-06 -1.2176780000e-06  1.0150230000e-06

JOB 1
COORDS  1.5064410437e-01  3.4958714487e-02  3.2085902459e-02 -5.6199246590e-01 -8.0914242816e-01  9.4588353425e-01 -1.9806854039e+00 -8.2696615773e-01  9.0794682392e-01 -2.6827580755e+00 -7.4554669518e-03 -2.3479873556e-02 -1.9690029314e+00  8.2768427844e-01 -9.3248364556e-01 -5.5013267708e-01  8.4253910314e-01 -9.2239122590e-01  1.6668089362e+00  5.3947313233e-03  2.3467377992e-02  2.3480976838e+00 -2.3072854481e-01 -1.1530852221e+00  2.3681949111e+00  1.5723596490e-01  1.2017532056e+00 -1.2430000163e-02 -1.4524874919e+00  1.6602963869e+00 -2.5389539341e+00 -1.4845701512e+00  1.6024780620e+00 -3.7907450171e+00 -2.1480859852e-02 -4.2919180165e-02 -2.5193559496e+00  1.4652566751e+00 -1.6515267139e+00  7.6297138167e-03  1.4964257260e+00 -1.6207964727e+00  3.3990712649e+00 -1.9421962653e-01 -1.2250843738e+00  1.8019562428e+00 -3.6775914941e-01 -2.0418095970e+00  3.4178570983e+00  8.3794855495e-02  1.2596440378e+00  1.8446320491e+00  3.8456787032e-01  2.0853453877e+00
ENERGY -3.765397912644e+02
GRADIENT -2.1946323430e-03  2.2047063260e-03  3.0059937250e-03  6.8432377200e-04 -2.9759308560e-03 -2.3098605270e-03 -3.0635573300e-04  2.0497671000e-04 -2.9821387900e-04  2.0449558100e-04 -4.6172086000e-05  2.0823728000e-05 -1.8706616200e-04 -1.3801722300e-04  1.9989029400e-04  5.3265632100e-04  7.4870440900e-04  3.9836087300e-04  1.1371172390e-03  2.0507744830e-03 -1.6410951090e-03 -7.1942463000e-05 -3.7193041410e-03  1.0350133930e-03 -2.1336539400e-04  7.0481654500e-04 -5.3174159900e-04  4.7088176000e-05  2.1923960100e-04  2.1188987900e-04  7.2038006000e-05 -3.9523312000e-05  1.0768732000e-05  4.4336858000e-05  5.3058760000e-06  2.0732415000e-05  4.2121262000e-05 -3.0121597000e-05 -3.4017709000e-05  6.1339639000e-05  1.2573143000e-05  1.5399643000e-05  2.2101817200e-04  5.3793476000e-05 -6.4039693000e-05 -1.3965021100e-04  3.7846262300e-04 -1.8016118800e-04  2.0769418300e-04  1.4870140900e-04  3.5013871000e-05 -1.2190434800e-04  2.1593194400e-04  1.0446509000e-04

JOB 2
COORDS  1.5478478409e-01  3.0031994063e-02  2.7332103307e-02 -5.6435158435e-01 -7.8987023889e-01  9.5847279885e-01 -1.9830618441e+00 -8.0618881980e-01  9.2601363372e-01 -2.6863203041e+00 -5.3769754698e-03 -2.0953669141e-02 -1.9706654163e+00  8.0753670178e-01 -9.4857812911e-01 -5.5181676155e-01  8.1769319502e-01 -9.4005896763e-01  1.6691130960e+00  7.0045500566e-03  2.3155464928e-02  2.3530701026e+00 -1.8381623832e-01 -1.1601961469e+00  2.3678540830e+00  1.1717409188e-01  1.2080123628e+00 -1.6695099052e-02 -1.4225586057e+00  1.6836970192e+00 -2.5407570469e+00 -1.4476151305e+00  1.6359826741e+00 -3.7944538590e+00 -1.6714999002e-02 -3.7975445985e-02 -2.5198471742e+00  1.4323900744e+00 -1.6796249881e+00  4.2190082024e-03  1.4571004054e+00 -1.6530198745e+00  3.4036831657e+00 -1.3970369154e-01 -1.2281489108e+00  1.8098864141e+00 -3.0181757626e-01 -2.0531548365e+00  3.4172089743e+00  4.1728603709e-02  1.2635008864e+00  1.8428793671e+00  3.0545700423e-01  2.0995718925e+00
ENERGY -3.765403722552e+02
GRADIENT  1.3291328000e-04  1.7359846580e-03  2.3330723470e-03 -2.2071068600e-04 -1.8085293210e-03 -3.2002148900e-03 -4.8798292900e-04 -7.4097693000e-05  1.3723329600e-04 -7.6421935000e-05 -5.1258183000e-05 -7.3964680000e-06 -3.4043486400e-04  1.1537354800e-04 -7.6156020000e-06 -2.6431328900e-04 -1.7669300500e-04  1.3822863080e-03  1.9826766810e-03  2.7852349440e-03 -1.2142529770e-03 -4.9048850200e-04 -3.6378935610e-03  7.6954650200e-04 -2.7345829300e-04  6.4903880700e-04 -1.6695653300e-04  6.7202549000e-05  2.8499317800e-04 -1.0765933000e-05 -6.9951757000e-05  1.8193370000e-06 -8.6907620000e-06  1.9345692000e-05 -1.4641408000e-05 -1.5463500000e-06 -7.3319522000e-05 -3.4683350000e-06  1.9005670000e-05  7.7784212000e-05 -1.9750229600e-04  8.4590901000e-05  9.9823871000e-05  8.8714020000e-05  5.7201270000e-06 -1.0198957200e-04  2.1766133300e-04 -1.4391533100e-04  1.2570971700e-04  1.1941847900e-04 -5.7315342000e-05 -7.3082170000e-05 -3.9850811000e-05  7.5070244000e-05

JOB 3
COORDS  1.5038827887e-01  2.1004820928e-02  2.1381398780e-02 -5.6084486189e-01 -7.6817007130e-01  9.8565825233e-01 -1.9788684411e+00 -7.7712071864e-01  9.5398857241e-01 -2.6796642864e+00 -2.1903550043e-03 -1.7043768379e-02 -1.9660763437e+00  7.7992927413e-01 -9.7304329524e-01 -5.4789078504e-01  7.8702165217e-01 -9.7042448066e-01  1.6612155477e+00  4.7275343406e-03  2.0536794134e-02  2.3520138779e+00 -1.1553743190e-01 -1.1686055104e+00  2.3550610147e+00  5.7399264541e-02  1.2127446180e+00 -1.2780251002e-02 -1.3839156730e+00  1.7253015921e+00 -2.5393721432e+00 -1.3932166814e+00  1.6838386023e+00 -3.7879643753e+00 -9.4413463686e-03 -3.0393303966e-02 -2.5166388137e+00  1.3847838436e+00 -1.7196783605e+00  9.5281814157e-03  1.4051886109e+00 -1.7011050364e+00  3.4021719117e+00 -6.0049085249e-02 -1.2289695869e+00  1.8146861756e+00 -2.0218280618e-01 -2.0682281106e+00  3.4039313671e+00 -1.9806008959e-02  1.2681409329e+00  1.8264042147e+00  1.9452932374e-01  2.1110455178e+00
ENERGY -3.765410778021e+02
GRADIENT -3.5570350840e-03  1.0607536450e-03  1.8187123800e-03  1.6405991250e-03 -3.0973394680e-03 -2.7712232600e-04  2.0325689700e-04  4.1003841500e-04 -4.4949713400e-04  2.1101554400e-04 -3.5545416000e-05  1.7622770000e-06  1.2123536000e-04 -2.0400069500e-04  3.1634342200e-04  1.5506009130e-03  1.4450050990e-03 -6.9260683400e-04  8.0306788600e-04  2.8248412480e-03 -9.9261563100e-04 -6.6859334500e-04 -3.1943673810e-03  3.9846862000e-04 -7.5948605500e-04  6.0354397100e-04  2.2909596000e-05  1.1514339200e-04 -3.4416010000e-06  2.5050007800e-04  2.0984255800e-04 -3.3820359000e-05  2.8810535000e-05  2.9902986000e-05  1.5570425000e-05 -2.6707934000e-05  1.8816508900e-04  7.8721020000e-05 -1.6814313000e-05  5.7146901000e-05 -4.3749920000e-06 -2.7332861600e-04  6.8044437000e-05  1.4633482900e-04 -7.8501192000e-05 -1.2596510100e-04  1.7941502900e-04 -1.0583583100e-04  5.9172451000e-05  4.1160337000e-05 -2.8400336000e-05 -1.1507176200e-04 -2.3588220400e-04  8.6460293000e-05

JOB 4
COORDS  1.5326646168e-01  2.9533185151e-02  2.5055036091e-02 -5.6566940130e-01 -7.5803327610e-01  9.8596291788e-01 -1.9836116183e+00 -7.7284718636e-01  9.5613834826e-01 -2.6873618427e+00 -3.4543614992e-03 -1.6835818842e-02 -1.9729600608e+00  7.7536134352e-01 -9.7463512546e-01 -5.5478796803e-01  7.8557954535e-01 -9.6853534615e-01  1.6637328261e+00  9.6975396269e-03  1.9165985834e-02  2.3607827628e+00 -1.0816539650e-01 -1.1670475283e+00  2.3608544935e+00  4.8351073496e-02  1.2103195875e+00 -1.9320247837e-02 -1.3748511382e+00  1.7258602352e+00 -2.5416343146e+00 -1.3895757432e+00  1.6874112565e+00 -3.7956598685e+00 -1.3748154821e-02 -3.1171474967e-02 -2.5233329805e+00  1.3753344668e+00 -1.7253557421e+00 -1.2127295809e-03  1.4040740444e+00 -1.7017523479e+00  3.4115287978e+00 -5.9311943570e-02 -1.2206442634e+00  1.8288042830e+00 -1.9288447799e-01 -2.0697897296e+00  3.4089844372e+00 -3.8571446944e-02  1.2634063010e+00  1.8357575754e+00  1.8707697865e-01  2.1103116990e+00
ENERGY -3.765411389926e+02
GRADIENT  1.4977660300e-04  1.3414218220e-03  3.1856671560e-03 -3.7607303000e-04 -1.7413038670e-03 -1.9408900940e-03 -5.1043690000e-05 -1.2034616500e-04  1.0193059600e-04  3.3499587000e-05  3.3850425000e-05  6.5938720000e-06 -7.9609324000e-05 -5.1504311000e-05 -5.5640401000e-05 -1.0944681200e-04  1.2085405100e-04  3.9322405900e-04 -1.1807768800e-04  3.4054856170e-03 -1.8380704800e-03  7.9685238200e-04 -3.2001647710e-03  9.4687907300e-04 -8.3821738000e-05  3.2064691900e-04 -7.2797647400e-04  7.1279130000e-06  7.2062350000e-06 -5.0733594000e-05 -3.5573731000e-05 -1.1458417000e-05 -1.8108048000e-05  7.1406080000e-06  7.1262520000e-06  4.3295000000e-06 -5.9262250000e-06  2.5809275000e-05  2.1109137000e-05 -1.1428610000e-05 -6.9916212000e-05 -3.0188073000e-05  8.7871292000e-05  8.1644037000e-05 -1.5235163600e-04 -9.0049964000e-05  8.3962065000e-05  1.2016511900e-04  2.6420535000e-05 -4.3720537000e-05  7.4449064000e-05 -1.1683236800e-04 -1.9324482500e-04 -5.8100447000e-05

JOB 5
COORDS  1.5461515291e-01  3.4362380808e-02  3.1253552827e-02 -5.6684455017e-01 -7.5477775788e-01  9.8924150339e-01 -1.9846044463e+00 -7.7228899892e-01  9.5408562557e-01 -2.6872494848e+00 -6.3212264964e-03 -2.2356974731e-02 -1.9707985894e+00  7.7229223900e-01 -9.7877882045e-01 -5.5273624463e-01  7.8567055326e-01 -9.6677873929e-01  1.6643699406e+00  1.2891043909e-02  2.7430503672e-02  2.3482691303e+00 -1.0340784129e-01 -1.1668478914e+00  2.3687570252e+00  4.5099144806e-02  1.2153620706e+00 -2.2499439510e-02 -1.3708893578e+00  1.7312073313e+00 -2.5437678245e+00 -1.3894704399e+00  1.6841010453e+00 -3.7954741168e+00 -1.9579399594e-02 -4.0757361393e-02 -2.5195947016e+00  1.3690170498e+00 -1.7332374383e+00  1.8148455341e-03  1.4048668889e+00 -1.6986589427e+00  3.3987430450e+00 -5.9242638976e-02 -1.2266364330e+00  1.8092217921e+00 -1.8614186172e-01 -2.0655956557e+00  3.4169075400e+00 -4.5907381733e-02  1.2591605248e+00  1.8518351543e+00  1.8811826982e-01  2.1193823336e+00
ENERGY -3.765411426708e+02
GRADIENT  9.8337969900e-04  1.6650514140e-03  2.1344432190e-03 -3.7027144700e-04 -1.9390021770e-03 -1.9962583880e-03  1.0878014800e-04  5.3438167000e-05 -1.1867514000e-05 -1.3961768300e-04  4.0758962000e-05 -2.4880017000e-05 -1.0160904800e-04  5.1760614000e-05 -7.0082541000e-05 -3.6059525800e-04 -1.9941082400e-04  3.3556304800e-04  8.9798100600e-04  3.4114633720e-03 -6.7754016000e-04 -1.0412040210e-03 -3.2258150580e-03 -4.5565670900e-04  1.9191345200e-04  3.6709684300e-04  7.2906688800e-04 -2.6000695000e-05 -8.1970770000e-05 -9.8715882000e-05 -3.0563103000e-05  1.3695610000e-05 -1.2793801000e-05 -1.3804991000e-05 -5.0649370000e-06 -9.5338640000e-06 -4.9922328000e-05 -4.5357360000e-06  2.0310797000e-05  1.1014120000e-06 -1.1336917900e-04 -1.8298503000e-05 -1.0324047500e-04  1.0538708800e-04  3.3893780300e-04  6.0169896000e-05  8.1294626000e-05 -1.2116867300e-04 -3.0473154000e-05 -1.1362647500e-04 -9.2261608000e-05  4.8908695000e-05 -1.1018372300e-04  4.6313170000e-06

JOB 6
COORDS  1.5295566165e-01  3.4954916757e-02  3.0198628562e-02 -5.6644366183e-01 -7.5467975468e-01  9.8918140023e-01 -1.9842523815e+00 -7.7284414269e-01  9.5525578567e-01 -2.6865285058e+00 -6.4411700130e-03 -2.1158652897e-02 -1.9711788562e+00  7.7318582309e-01 -9.7775134841e-01 -5.5315825688e-01  7.8746743727e-01 -9.6758328249e-01  1.6626945758e+00  1.2213648029e-02  2.5260782457e-02  2.3517156310e+00 -1.0394530475e-01 -1.1661182513e+00  2.3648092460e+00  4.3840300722e-02  1.2142448841e+00 -2.0706676238e-02 -1.3696830547e+00  1.7310501857e+00 -2.5430411546e+00 -1.3900315238e+00  1.6855579309e+00 -3.7947499559e+00 -1.9728770987e-02 -3.9118605443e-02 -2.5210056177e+00  1.3701172025e+00 -1.7312934688e+00  1.1834838903e-03  1.4075570578e+00 -1.6988950504e+00  3.4023165493e+00 -6.1647213095e-02 -1.2260513516e+00  1.8143235581e+00 -1.8787502731e-01 -2.0657201364e+00  3.4129483882e+00 -4.6160644268e-02  1.2605876204e+00  1.8460693322e+00  1.8833861079e-01  2.1170138980e+00
ENERGY -3.765411540642e+02
GRADIENT  1.7644809700e-04  1.6932712750e-03  2.6637476560e-03 -1.5643398300e-04 -1.9819828820e-03 -1.9302939520e-03 -6.5737924000e-05 -1.2684835900e-04  1.4807376400e-04  7.0901976000e-05  3.1224483000e-05 -2.5262887000e-05  2.7053110000e-06 -4.1498213000e-05  3.9212291000e-05  4.0373928000e-05  7.6296773000e-05 -3.1564870000e-06 -4.3548802000e-05  3.3237909980e-03 -1.1786102540e-03 -1.9289252000e-05 -3.1234788200e-03  3.4731935300e-04  5.8014961000e-05  2.8674422700e-04  1.1673186100e-04 -2.2957132000e-05 -3.5082992000e-05 -2.8782519000e-05 -1.2175046000e-05 -3.4918860000e-06  8.9794430000e-06  6.8537240000e-06 -1.1716815000e-05  1.6719638000e-05  1.1665182000e-05  3.5755940000e-06 -7.6767800000e-07  1.2997800000e-06 -2.1836099000e-05 -2.2462019000e-05 -2.1115079000e-05  4.7681546000e-05 -1.3319776600e-04  1.6913139000e-05  7.4316285000e-05 -6.5987220000e-06 -9.3732670000e-06 -8.8342547000e-05 -3.9586792000e-05 -8.0416580000e-06 -1.0621611100e-04  3.8892320000e-06

JOB 7
COORDS  1.5207535720e-01  3.5437485369e-02  3.0936383164e-02 -5.6606111768e-01 -7.5482438392e-01  9.9026762834e-01 -1.9838779574e+00 -7.7204188633e-01  9.5464134219e-01 -2.6876166570e+00 -6.2555923818e-03 -2.1241716387e-02 -1.9727071878e+00  7.7396966904e-01 -9.7765297376e-01 -5.5470858272e-01  7.8781445831e-01 -9.6650474021e-01  1.6618212181e+00  1.1784933744e-02  2.4467799620e-02  2.3525512681e+00 -1.0368227224e-01 -1.1659371323e+00  2.3637426921e+00  4.2021629522e-02  1.2134673170e+00 -2.0298662653e-02 -1.3693401688e+00  1.7325455120e+00 -2.5426819641e+00 -1.3893333180e+00  1.6848072514e+00 -3.7958442202e+00 -2.0247922529e-02 -3.8875740207e-02 -2.5224313959e+00  1.3710028787e+00 -1.7311980041e+00 -2.7490564505e-04  1.4084558720e+00 -1.6972717800e+00  3.4034572379e+00 -6.2835094326e-02 -1.2216703220e+00  1.8175285177e+00 -1.8896497288e-01 -2.0668358640e+00  3.4119625537e+00 -4.6615938791e-02  1.2606778187e+00  1.8448882818e+00  1.8912337146e-01  2.1157563808e+00
ENERGY -3.765411544104e+02
GRADIENT -5.7000501000e-05  1.7919441880e-03  2.8928497390e-03  1.7715314200e-04 -2.3621013710e-03 -1.5041879850e-03  2.4717729400e-04  2.6794339900e-04 -3.4945472500e-04 -2.2219019600e-04 -1.9610728000e-05  1.5559655000e-05 -4.0817730000e-05  8.4319999000e-05 -1.2170312800e-04 -1.0698442400e-04 -1.0417173600e-04  1.6556351300e-04 -9.8391052000e-05  3.2224006220e-03 -1.2377621740e-03  7.9557317000e-05 -3.1024811210e-03  2.7527675900e-04  5.1232478000e-05  1.9739732300e-04 -2.3999974400e-04  5.5152113000e-05 -9.3519580000e-06  1.7643073000e-05  3.6656036000e-05  1.9572187000e-05 -1.9585778000e-05 -1.5271370000e-05  2.9207262000e-05 -3.2309032000e-05 -2.5906345000e-05 -4.1739510000e-06  5.6663200000e-07 -3.3934494000e-05  1.2607993000e-05  6.9686990000e-06  2.8068593000e-05  6.8161276000e-05  8.4443609000e-05 -1.7997372000e-05  4.5702074000e-05 -9.8255780000e-06 -3.9397090000e-06 -5.9229730000e-05  3.6646223000e-05 -2.5608524000e-05 -8.2143283000e-05 -3.9809990000e-06

