JOB 0
COORDS  1.5959120000e-01 -2.9596700000e-02  4.2510000000e-02 -5.5914710000e-01 -1.1924312000e+00 -3.8859260000e-01 -1.9780025000e+00 -1.1635172000e+00 -4.1063250000e-01 -2.6756301000e+00  1.2880600000e-02 -9.0316000000e-03 -1.9563799000e+00  1.1731863000e+00  4.0270630000e-01 -5.3740610000e-01  1.1677901000e+00  4.1074630000e-01  1.6754763000e+00 -2.4872200000e-02 -5.6279000000e-03  2.3957716000e+00 -9.5407000000e-01  7.1668310000e-01  2.3389766000e+00  9.6902480000e-01 -6.9503470000e-01 -1.3636800000e-02 -2.0994625000e+00 -7.1435160000e-01 -2.5396833000e+00 -2.0564516000e+00 -7.4767630000e-01 -3.7836907000e+00  2.7862300000e-02 -2.2573400000e-02 -2.5026472000e+00  2.0851640000e+00  7.1311730000e-01  2.4074800000e-02  2.0658459000e+00  7.3403400000e-01  3.4462816000e+00 -1.0277938000e+00  6.7130010000e-01  1.8791892000e+00 -1.6817118000e+00  1.2740062000e+00  3.3888959000e+00  1.0595601000e+00 -7.0484970000e-01  1.7833996000e+00  1.6544750000e+00 -1.2677534000e+00
ENERGY -3.765387814823e+02
GRADIENT  1.1607148900e-04 -1.0219839990e-03  7.8136612280e-03 -1.5074194500e-04  1.7225197160e-03 -4.1661316390e-03 -8.3521964000e-05 -1.3497373700e-04 -5.1359294000e-05  7.9753648000e-05  7.5108310000e-06  5.6978020000e-06  2.0365789000e-05 -6.5617921000e-05 -2.6083709000e-05  1.0726146700e-04  1.0229412100e-04  6.3180234000e-05 -1.5038178700e-04 -3.5602331590e-03 -7.3508725770e-03  5.9303433000e-05  2.9114589300e-03  3.7048275040e-03 -8.5242400000e-07 -7.8621960000e-06  1.1381416800e-04 -2.2213234000e-05  3.0110830000e-06 -6.4528310000e-06 -8.5962300000e-06 -1.0151583000e-05 -1.7833030000e-06  5.9596080000e-06 -1.4243720000e-05 -6.3733220000e-06  1.6512802000e-05  2.6591190000e-06  1.6432640000e-06  8.7419910000e-06  8.9598990000e-06 -8.1136340000e-06  8.1937550000e-06  5.1895805000e-05 -3.3116488000e-05 -9.8742260000e-06  4.7151080000e-06  1.4098462000e-05  9.8410000000e-08  1.5587679000e-05 -5.1066881000e-05 -4.0149000000e-07 -2.3648111000e-05 -1.3423285000e-05

JOB 1
COORDS  1.6136561402e-01 -4.5038971813e-02  5.3816864579e-02 -5.6369576754e-01 -1.1887307971e+00 -4.1622371367e-01 -1.9823281025e+00 -1.1507216236e+00 -4.4027806595e-01 -2.6767792905e+00  1.7387506217e-02 -1.0115199980e-02 -1.9519206801e+00  1.1636737844e+00  4.2967014124e-01 -5.3301660958e-01  1.1483802207e+00  4.3996746585e-01  1.6764660927e+00 -3.8010406674e-02 -1.3584527754e-02  2.4055569908e+00 -9.2038490280e-01  7.5709141370e-01  2.3292837703e+00  9.4010180389e-01 -7.3507874581e-01 -2.2874591448e-02 -2.0886585307e+00 -7.6848752132e-01 -2.5473871482e+00 -2.0311561326e+00 -8.0347632370e-01 -3.7847196934e+00  3.8203339838e-02 -2.6341776466e-02 -2.4931919508e+00  2.0722456232e+00  7.5831670838e-01  3.2118896749e-02  2.0374598047e+00  7.8114876396e-01  3.4568870279e+00 -9.8560457855e-01  7.1837410665e-01  1.8952875406e+00 -1.6238437156e+00  1.3501160649e+00  3.3781668306e+00  1.0418217496e+00 -7.4582581242e-01  1.7670373197e+00  1.6003014142e+00 -1.3305190060e+00
ENERGY -3.765375711573e+02
GRADIENT  2.8465826370e-03 -1.3522450350e-03  1.1006191410e-02 -5.6878816200e-04  2.0119299340e-03 -4.6156853490e-03  4.8145237900e-04  1.3272634700e-04 -3.0659665000e-05 -3.4993944300e-04  3.0683063000e-05  5.9882170000e-05  5.2260734000e-05  5.1868623900e-04  3.8941057000e-05 -8.6526117400e-04 -4.4086195500e-04 -9.4732257700e-04 -1.3298291570e-03 -5.7404344480e-03 -1.0775965823e-02 -4.9991615000e-05  3.3742273660e-03  4.3411008550e-03  1.6865124600e-04  8.8687687600e-04  4.6991428600e-04  2.3787522000e-05  1.0325184300e-04 -2.1712974800e-04 -2.7468672000e-05  3.4306538000e-05  1.6559082000e-05 -5.3960336000e-05  3.9023647000e-05  1.8941190000e-05 -1.0310079600e-04 -3.3329841000e-05  1.6288809000e-05 -5.1432795000e-05 -3.7265002000e-05 -1.6148455000e-05 -2.2929974800e-04  7.4623765000e-05  5.6548560000e-05  1.2295680800e-04  3.4044156000e-04  2.0892100600e-04 -2.0115689500e-04  2.0220574000e-05  2.0826419800e-04  1.2459106000e-04  6.0291720000e-06  1.8922306600e-04

JOB 2
COORDS  1.5692330966e-01 -4.9048007231e-02  6.1599944158e-02 -5.6564337572e-01 -1.1816228002e+00 -4.3820275220e-01 -1.9841783962e+00 -1.1419302113e+00 -4.6743718012e-01 -2.6736635856e+00  2.0261832216e-02 -1.4744854274e-02 -1.9480640880e+00  1.1554343207e+00  4.5191110465e-01 -5.2923398506e-01  1.1417973702e+00  4.6879030172e-01  1.6737901409e+00 -4.1479517159e-02 -7.4890860359e-03  2.4130684104e+00 -8.9034058682e-01  7.9058532844e-01  2.3194337962e+00  9.1217418867e-01 -7.6676334129e-01 -2.3641639764e-02 -2.0752065445e+00 -8.0457459364e-01 -2.5503086095e+00 -2.0129510757e+00 -8.5113491358e-01 -3.7813829920e+00  4.5420768757e-02 -3.4438861416e-02 -2.4898561356e+00  2.0578364775e+00  7.9620273713e-01  3.7551592013e-02  2.0222443786e+00  8.2933422520e-01  3.4648912509e+00 -9.5053339901e-01  7.4928355739e-01  1.9098132595e+00 -1.5811623247e+00  1.4044648769e+00  3.3680383999e+00  1.0175242044e+00 -7.8866488894e-01  1.7510364215e+00  1.5455763908e+00 -1.3853944052e+00
ENERGY -3.765368778253e+02
GRADIENT  1.0772083770e-03 -1.2059745940e-03  1.1160389956e-02 -5.3140700400e-04  1.8489020940e-03 -4.9895884380e-03  1.6898330000e-06 -6.5498577500e-04 -2.8043395900e-04  2.8796350400e-04  5.0027224000e-05  5.5015764000e-05  6.1031183600e-04 -4.4823780300e-04 -1.8919942400e-04  2.2512028000e-04  1.6895989290e-03 -6.2667935200e-04 -2.6751379340e-03 -5.9137413060e-03 -1.0140576576e-02  8.2859073100e-04  3.7263587360e-03  4.0319393840e-03  2.9295703500e-04  6.4576699200e-04  7.7639613100e-04 -8.5293067000e-05 -2.4178205000e-05 -2.3205042300e-04 -1.5212492000e-05 -4.3797016000e-05 -1.8194408000e-05 -8.7024680000e-06 -8.4448187000e-05 -4.0817577000e-05  1.1081430400e-04 -1.2509055000e-05  2.9164463000e-05  3.3526226000e-05  1.3427056000e-04  1.2445653200e-04 -1.1030703100e-04 -3.6907255000e-05  7.8350260000e-05  3.7694941000e-05  2.8407342500e-04  9.0772447000e-05 -1.4627913800e-04  1.0590528900e-04  1.7562271900e-04  6.2544859000e-05 -9.3684641000e-05  3.2094497000e-05

JOB 3
COORDS  1.5601214294e-01 -5.5820097462e-02  6.7934854214e-02 -5.6729399525e-01 -1.1667155813e+00 -4.7543237762e-01 -1.9861226651e+00 -1.1196301088e+00 -5.0761279216e-01 -2.6778535037e+00  2.6001028766e-02 -1.9208493154e-02 -1.9518855558e+00  1.1415648116e+00  4.9036615256e-01 -5.3271834898e-01  1.1199843095e+00  5.1131965941e-01  1.6772712699e+00 -4.2054709130e-02  1.0305241045e-03  2.4265666890e+00 -8.3678416442e-01  8.4365346191e-01  2.3150135441e+00  8.6508656150e-01 -8.1891626091e-01 -2.6823220918e-02 -2.0512612518e+00 -8.6510952706e-01 -2.5522385328e+00 -1.9757998416e+00 -9.2328300394e-01 -3.7853076755e+00  5.3938335927e-02 -4.3949597317e-02 -2.4914875810e+00  2.0343003535e+00  8.6229242313e-01  3.4988441488e-02  1.9863440512e+00  9.0281097698e-01  3.4791850819e+00 -8.8963163714e-01  8.0061482043e-01  1.9315165139e+00 -1.5067207531e+00  1.4873552123e+00  3.3635490230e+00  9.7073164891e-01 -8.5802822023e-01  1.7397282132e+00  1.4539303899e+00 -1.4747078636e+00
ENERGY -3.765358866598e+02
GRADIENT  1.8537538560e-03 -1.6851512280e-03  1.0782718703e-02 -7.6581255700e-04  1.8685482300e-03 -5.1916693510e-03  2.9558016200e-04  3.0985940900e-04  2.0594619400e-04 -1.0202764300e-04 -1.0003033000e-04 -7.0989911000e-05  1.2894950900e-04  1.4102238000e-04  2.3008250100e-04 -8.5812580500e-04  6.6212990800e-04 -1.6011626790e-03 -2.6319242190e-03 -5.5533012180e-03 -8.6454034020e-03  1.4635456490e-03  3.9600795720e-03  3.5164802050e-03  6.4399069700e-04  5.3504840800e-04  9.8599580100e-04  1.2308768700e-04 -1.5610430000e-06 -1.5594372000e-05 -2.2640213000e-05  6.1925904000e-05 -7.5902290000e-06 -2.6449844000e-05  5.2942046000e-05 -4.5807120000e-06 -7.1522642000e-05 -1.4500161000e-05  4.2019120000e-06  3.4994689000e-05 -8.9766789000e-05  1.3215686800e-04  3.6365964000e-05 -6.1295888000e-05 -9.4781766000e-05 -6.6923580000e-05  1.8707000000e-05 -8.0098490000e-05 -1.9755618000e-05  1.7315661500e-04  8.6175831000e-05 -1.5615641000e-05 -2.8085280500e-04 -2.2008016000e-04

JOB 4
COORDS  1.5626324664e-01 -4.4704151777e-02  5.3533516806e-02 -5.6174267088e-01 -1.1592791785e+00 -4.8706459896e-01 -1.9811064635e+00 -1.1230874438e+00 -5.1197972678e-01 -2.6724489626e+00  1.8123296630e-02 -1.2462657524e-02 -1.9494909360e+00  1.1340159069e+00  5.0126849161e-01 -5.2995793896e-01  1.1236237313e+00  5.1733199235e-01  1.6784832040e+00 -3.0399914416e-02 -7.2345156913e-03  2.4038217704e+00 -8.2820858806e-01  8.5228047829e-01  2.3263404081e+00  8.6124521724e-01 -8.3610163972e-01 -1.7536178538e-02 -2.0393118146e+00 -8.8142790593e-01 -2.5450255530e+00 -1.9809125054e+00 -9.2736799403e-01 -3.7801129334e+00  4.1209486066e-02 -2.9658299122e-02 -2.4929044806e+00  2.0201503590e+00  8.8317926973e-01  3.5710786100e-02  1.9893127660e+00  9.1325958801e-01  3.4561768767e+00 -8.9462085540e-01  8.2653616407e-01  1.8906349493e+00 -1.4853181430e+00  1.4950696153e+00  3.3762071788e+00  9.5326053854e-01 -8.7412410558e-01  1.7588884188e+00  1.4529437687e+00 -1.4961569912e+00
ENERGY -3.765359566160e+02
GRADIENT  2.8012286500e-04 -2.5452441030e-03  9.6662299500e-03 -4.5726010600e-04  2.1008262300e-03 -4.3828443920e-03 -3.0168244600e-04 -8.1714706900e-04 -3.8910426200e-04  4.2262605500e-04  1.6168103000e-05 -5.7596300000e-06  5.1357327800e-04 -5.4052425700e-04 -2.0984937500e-04  7.0288892500e-04  1.7736992600e-03 -2.3442618300e-04 -4.1998818400e-04 -4.0735230340e-03 -8.2581233980e-03 -9.4919131800e-04  2.9754036550e-03  4.2121812880e-03  6.2500960000e-05  1.6088260560e-03 -3.6989552900e-04 -8.7112387000e-05 -8.9800728000e-05  8.5053780000e-05 -2.5921318000e-05 -5.0543079000e-05 -6.7621747000e-05  1.6958913000e-05 -1.0457169100e-04 -2.7406751000e-05  1.4180639600e-04  2.4306031000e-05 -1.4544959000e-05  8.9098423000e-05  3.0157010000e-05  2.2961530800e-04 -2.2005072000e-04 -7.7073510000e-06 -2.3416087700e-04  1.5914791500e-04 -1.1328885400e-04  7.1276718000e-05 -6.5863216000e-05 -1.0040492200e-04  9.7101034000e-05  1.4326886800e-04 -8.7322010000e-05 -1.5727509600e-04

JOB 5
COORDS  1.5771070601e-01 -3.5815253122e-02  3.4711262927e-02 -5.5798471272e-01 -1.1502619931e+00 -5.0479028316e-01 -1.9780304568e+00 -1.1152973969e+00 -5.1843159475e-01 -2.6773214811e+00  1.5866928498e-02 -6.7271880742e-03 -1.9566783081e+00  1.1292440528e+00  5.1473264364e-01 -5.3648778823e-01  1.1172440282e+00  5.2145163616e-01  1.6829642276e+00 -2.3742619572e-02 -7.4367802287e-03  2.3992757476e+00 -8.1430239478e-01  8.6477043669e-01  2.3383518327e+00  8.4532814264e-01 -8.5215275956e-01 -1.4430768124e-02 -2.0268307567e+00 -9.0739192292e-01 -2.5400383734e+00 -1.9734210396e+00 -9.3564028308e-01 -3.7851654913e+00  3.1990799971e-02 -1.8103813178e-02 -2.4996079214e+00  2.0096636081e+00  9.1041290966e-01  2.7440757321e-02  1.9808782766e+00  9.2372794034e-01  3.4517280250e+00 -8.8620254827e-01  8.5448803332e-01  1.8762564861e+00 -1.4587270581e+00  1.5124603283e+00  3.3889676168e+00  9.2749574872e-01 -8.9455424415e-01  1.7745250137e+00  1.4356224835e+00 -1.5166296829e+00
ENERGY -3.765360229057e+02
GRADIENT  3.7902341200e-04 -1.9402446980e-03  6.4288217650e-03  4.0239090100e-04  1.7518793280e-03 -3.6907476970e-03  6.1720042700e-04  6.3001074800e-04  3.8867727000e-04 -6.9915351000e-04 -3.2954610000e-06 -8.8405498000e-05 -2.5703864100e-04  7.7167616700e-04  3.7226607700e-04 -3.0036457900e-04 -1.0246307160e-03 -5.1630447800e-04  6.1269371200e-04 -3.6975220980e-03 -6.0767969210e-03 -3.7973200700e-04  3.5761924870e-03  2.8853407190e-03 -3.2155043000e-04  6.5828124400e-04  9.2386226000e-05  1.0620896500e-04 -7.0291120000e-06  1.5718942000e-04  4.4766613000e-05  5.5864705000e-05  1.0980174000e-05 -4.2066486000e-05  1.0571305100e-04  6.3073063000e-05 -1.4098394900e-04 -2.7844800000e-07 -2.9426665000e-05 -5.9991580000e-05 -1.5534206400e-04  2.8781145000e-05 -7.3462283000e-05 -4.4098729900e-04  1.9744404500e-04  9.9967082000e-05 -5.6759351000e-05 -6.3996210000e-05 -5.5302509000e-05 -1.9103062400e-04 -1.5388497400e-04  8.5110953000e-05 -2.4129178000e-05 -2.9668900000e-07

JOB 6
COORDS  1.5436684156e-01 -3.0363813593e-02  3.3228928642e-02 -5.6276733275e-01 -1.1437288687e+00 -5.0782539091e-01 -1.9828800061e+00 -1.1162989205e+00 -5.2472782258e-01 -2.6775627002e+00  1.4946936835e-02 -8.2394116478e-03 -1.9565412528e+00  1.1265991507e+00  5.1614633395e-01 -5.3638351617e-01  1.1220983589e+00  5.2583677330e-01  1.6806121503e+00 -2.5999642379e-02 -1.3827289770e-03  2.4047087514e+00 -8.1151277531e-01  8.6859367202e-01  2.3377452722e+00  8.3303183287e-01 -8.5393206572e-01 -1.7442619590e-02 -2.0178606113e+00 -9.1326059768e-01 -2.5438445078e+00 -1.9741088982e+00 -9.4414091764e-01 -3.7853405513e+00  3.2361230937e-02 -1.8466798222e-02 -2.5015590937e+00  2.0043628763e+00  9.1469078339e-01  2.6010603526e-02  1.9858987502e+00  9.3018813282e-01  3.4577689575e+00 -8.7419771256e-01  8.4969580033e-01  1.8896399476e+00 -1.4544174842e+00  1.5242031518e+00  3.3884122841e+00  9.1493571137e-01 -8.9825788022e-01  1.7734407558e+00  1.4218447973e+00 -1.5194454835e+00
ENERGY -3.765360189219e+02
GRADIENT -2.9112261600e-04 -6.8581015400e-04  4.9906798840e-03 -5.3417922100e-04  2.9420924940e-03 -2.8426484400e-03 -7.1894729600e-04 -1.1380479130e-03 -4.1527766600e-04  4.0023784000e-04  8.2431593000e-05 -3.4014700000e-06  2.7120284800e-04 -5.8665434600e-04 -1.6509775500e-04  4.3299404400e-04  4.9416263400e-04  3.1929423800e-04 -6.6223028000e-05 -3.7668305580e-03 -4.6901928340e-03  8.1317808000e-04  3.7487685550e-03  2.2904434790e-03 -2.0908888100e-04 -6.2289322300e-04  1.0743831440e-03 -1.5379144900e-04  3.9095126000e-05  3.0016174000e-05 -1.0005944500e-04 -6.2293992000e-05 -2.4290495000e-05  3.9377958000e-05 -1.2870349000e-04 -7.1795745000e-05  7.4392033000e-05 -1.8732985000e-05  1.0729660000e-06  7.2171438000e-05  2.7969500000e-05 -1.6568134000e-05  1.9747653300e-04 -1.1836737100e-04 -1.3570370300e-04 -1.3560189900e-04 -2.7176316000e-05 -1.1362871900e-04  3.2238742000e-05 -1.0211061900e-04 -2.4253254900e-04 -1.0185560200e-04 -6.0721691000e-05  1.4201077000e-05

JOB 7
COORDS  1.5460879521e-01 -3.3934178891e-02  3.4901281792e-02 -5.6018197583e-01 -1.1493023966e+00 -5.0607818539e-01 -1.9800710734e+00 -1.1155918521e+00 -5.2113185098e-01 -2.6765254372e+00  1.5680795572e-02 -6.8900242897e-03 -1.9563681899e+00  1.1287039571e+00  5.1537694628e-01 -5.3636988243e-01  1.1205664045e+00  5.2360250122e-01  1.6798974116e+00 -2.6135214641e-02 -4.8154122527e-03  2.4001234008e+00 -8.1501075884e-01  8.6582905177e-01  2.3373949640e+00  8.3768642431e-01 -8.5340208462e-01 -1.5749531554e-02 -2.0242014200e+00 -9.1135563289e-01 -2.5424010727e+00 -1.9728894826e+00 -9.3959928657e-01 -3.7843290994e+00  3.2544641485e-02 -1.7874848527e-02 -2.5003995333e+00  2.0079983374e+00  9.1195108011e-01  2.7249472609e-02  1.9847125478e+00  9.2555756985e-01  3.4531530737e+00 -8.7640480515e-01  8.4917052516e-01  1.8835320280e+00 -1.4589726425e+00  1.5191990318e+00  3.3880066502e+00  9.2300028173e-01 -8.9165741346e-01  1.7743977713e+00  1.4273314764e+00 -1.5192832302e+00
ENERGY -3.765360441862e+02
GRADIENT -3.5143594900e-04 -1.1143659420e-03  6.1402960940e-03  1.8196858700e-04  1.2511671470e-03 -3.6578793520e-03  1.0172261000e-04  3.0030261100e-04  1.5388156300e-04  7.2036696000e-05 -2.8176241000e-05 -1.5431613000e-05  1.5864354000e-05 -3.4044180000e-05 -7.1633960000e-06  4.6912372000e-05  2.7709698500e-04  1.2489168600e-04  7.7874878000e-05 -3.7805607710e-03 -5.6107848580e-03 -1.0807415700e-04  3.0679065050e-03  3.0932146140e-03 -6.3364230000e-05  1.8310856600e-04  2.5226043700e-04 -9.8176700000e-07 -7.4249018000e-05 -3.3338457000e-05  5.2521688000e-05  6.6145270000e-06 -2.1762700000e-06  2.4792120000e-06  1.6544098000e-05  7.9890160000e-06  1.3179663000e-05  4.0750740000e-06  3.8386510000e-06 -2.2850146000e-05  4.9917341000e-05  2.4563120000e-05  2.9557037000e-05  1.2265073400e-04 -3.0110568700e-04 -3.1694624000e-05 -1.0638852600e-04 -2.3166060000e-05  2.6976475000e-05 -7.9642348000e-05 -7.5666318000e-05 -2.2070320000e-05 -4.9164208000e-05 -7.1746968000e-05

JOB 8
COORDS  1.5685329840e-01 -3.3833141815e-02  3.4844730926e-02 -5.6121267671e-01 -1.1476760960e+00 -5.0481938278e-01 -1.9812469512e+00 -1.1165840720e+00 -5.2000991851e-01 -2.6780815279e+00  1.4460778307e-02 -5.6369950614e-03 -1.9568720741e+00  1.1274694718e+00  5.1541037451e-01 -5.3672909985e-01  1.1193100082e+00  5.2249497492e-01  1.6818974301e+00 -2.5089520181e-02 -7.8424659897e-03  2.3990344286e+00 -8.1645700242e-01  8.6331108905e-01  2.3402666678e+00  8.3927853986e-01 -8.5561450195e-01 -1.6959804513e-02 -2.0223734202e+00 -9.1056109470e-01 -2.5428517701e+00 -1.9745587832e+00 -9.3813968273e-01 -3.7859034606e+00  3.1214263855e-02 -1.5766852297e-02 -2.5004401603e+00  2.0070590316e+00  9.1198870915e-01  2.6277606927e-02  1.9841753195e+00  9.2362211561e-01  3.4517827757e+00 -8.8297755171e-01  8.5571429503e-01  1.8770552351e+00 -1.4568682009e+00  1.5157560530e+00  3.3908555463e+00  9.2555781797e-01 -8.9123033287e-01  1.7781736687e+00  1.4310630403e+00 -1.5203003556e+00
ENERGY -3.765360421819e+02
GRADIENT  1.0130784870e-03 -1.3675629660e-03  6.6002349330e-03 -4.2759748800e-04  2.2728028440e-03 -3.1960143840e-03 -1.4523104100e-04 -1.9482915200e-04 -1.3633546300e-04 -7.0651130000e-05 -1.3193537000e-05  4.7850350000e-06 -4.2502104000e-05  1.0520215800e-04  1.8505816000e-05 -2.7956295000e-04 -4.1240282000e-04 -1.8557101800e-04 -1.3908606100e-04 -3.6973273310e-03 -5.8134406350e-03  6.0283251000e-05  3.2711967940e-03  2.7391778880e-03  9.6424792000e-05  4.5192421300e-04 -1.0668971600e-04 -1.9985650000e-06  6.8636543000e-05  3.8349321000e-05 -5.3353326000e-05  9.5883190000e-06 -5.2911650000e-06 -1.5577520000e-06 -1.2431121000e-05  2.5824350000e-06 -4.0077784000e-05 -8.6266590000e-06 -7.7299490000e-06  2.2538325000e-05 -7.2534425000e-05 -2.0879908000e-05 -7.2348009000e-05 -2.7937265000e-04  2.2614084000e-04  5.9902959000e-05 -3.6417577000e-05 -6.4564771000e-05  2.0747390000e-06 -3.5628280000e-05 -4.6686768000e-05  4.0253276000e-05 -3.9026744000e-05 -4.2925463000e-05

JOB 9
COORDS  1.5508562019e-01 -3.3693501931e-02  3.4098343670e-02 -5.6110905461e-01 -1.1482678285e+00 -5.0646809908e-01 -1.9810500491e+00 -1.1159523330e+00 -5.2115151340e-01 -2.6774477736e+00  1.5080800158e-02 -6.0922687723e-03 -1.9566303980e+00  1.1278736319e+00  5.1592166360e-01 -5.3653425071e-01  1.1199479856e+00  5.2335270976e-01  1.6802293825e+00 -2.6100584264e-02 -6.4286504856e-03  2.3992796674e+00 -8.1591972109e-01  8.6436669588e-01  2.3385424435e+00  8.3616776614e-01 -8.5595808504e-01 -1.6660062058e-02 -2.0227570359e+00 -9.1248166819e-01 -2.5431373151e+00 -1.9734715627e+00 -9.3953907637e-01 -3.7852630761e+00  3.1927746263e-02 -1.6310010626e-02 -2.5003581163e+00  2.0070712722e+00  9.1312901091e-01  2.6962058289e-02  1.9842345352e+00  9.2511181070e-01  3.4522578671e+00 -8.7894970899e-01  8.5386555977e-01  1.8799216666e+00 -1.4559038206e+00  1.5193472566e+00  3.3891098243e+00  9.2268302427e-01 -8.9175323304e-01  1.7761878591e+00  1.4279589849e+00 -1.5204322527e+00
ENERGY -3.765360486512e+02
GRADIENT  1.4395017500e-04 -1.1341633140e-03  6.2234347460e-03 -6.4650272000e-05  1.7166574070e-03 -3.4207895450e-03  4.5842240000e-06  1.4613258000e-05  2.2982750000e-06 -1.6689215000e-05 -8.9428200000e-06 -2.8837400000e-06  1.4954366000e-05 -7.8995470000e-06 -6.9100650000e-06  6.9308470000e-06  5.6664990000e-06  2.4809909000e-05 -2.3643649900e-04 -3.7152792630e-03 -5.5759661160e-03  1.5095364200e-04  3.2224360460e-03  2.7100698090e-03 -5.8557180000e-06  1.4507332100e-04  1.2518226300e-04 -2.8112880000e-06 -4.3064300000e-07 -8.2767760000e-06  6.9730110000e-06 -1.6617230000e-06 -1.1493080000e-06  4.7297500000e-07 -6.3367000000e-07  2.8508600000e-07  3.8672330000e-06 -1.2906830000e-06  3.0385430000e-06  5.2281380000e-06  2.8605500000e-06 -3.8736030000e-06  3.7174620000e-06 -1.1479254700e-04  4.0356360000e-05  1.2304890000e-06 -3.1885998000e-05 -4.2417488000e-05  4.4230650000e-06 -4.8522761000e-05 -3.6748095000e-05  8.3699000000e-07 -2.9505774000e-05 -2.8213363000e-05

JOB 10
COORDS  1.5481642544e-01 -3.3909211871e-02  3.4063618762e-02 -5.6179964618e-01 -1.1481401943e+00 -5.0669571157e-01 -1.9817378910e+00 -1.1157360286e+00 -5.2148472109e-01 -2.6779223533e+00  1.5317860185e-02 -6.2001009725e-03 -1.9570210900e+00  1.1278961469e+00  5.1608274182e-01 -5.3691132792e-01  1.1195766425e+00  5.2352344771e-01  1.6800234629e+00 -2.6661767534e-02 -6.1890852036e-03  2.3988982995e+00 -8.1664410985e-01  8.6452455546e-01  2.3386760811e+00  8.3430190701e-01 -8.5673935138e-01 -1.7487523708e-02 -2.0226356317e+00 -9.1287156583e-01 -2.5439411937e+00 -1.9730910759e+00 -9.4005789280e-01 -3.7857321941e+00  3.2338290746e-02 -1.6469120546e-02 -2.5005979271e+00  2.0071168676e+00  9.1345090243e-01  2.6628038042e-02  1.9837386455e+00  9.2547705150e-01  3.4519983644e+00 -8.7713740251e-01  8.5265751438e-01  1.8807106448e+00 -1.4557658614e+00  1.5212822808e+00  3.3892001930e+00  9.2164801420e-01 -8.9178720617e-01  1.7763720041e+00  1.4267777516e+00 -1.5206471056e+00
ENERGY -3.765360491250e+02
GRADIENT  2.6498465200e-04 -1.1480390500e-03  6.2049042780e-03 -1.3579014200e-04  1.7868068310e-03 -3.3815911930e-03 -2.9923122000e-05 -3.5608012000e-05 -2.2037730000e-05  4.2471742000e-05 -3.9745070000e-06  1.2687820000e-06 -3.1561739000e-05  3.8915205000e-05  1.3185077000e-05 -4.9886673000e-05 -7.5603828000e-05 -6.7660010000e-06  8.2529380000e-06 -3.5958947360e-03 -5.5677529610e-03 -5.9958194000e-05  2.9778332990e-03  2.8750922690e-03  1.4262361000e-05  7.1843336000e-05  9.9240248000e-05 -2.1788560000e-06  9.4624440000e-06 -5.4618930000e-06 -1.8021180000e-06 -2.5789210000e-06 -1.2404930000e-06  4.5589920000e-06 -3.2108900000e-07 -1.3835000000e-08 -3.5825210000e-06  1.1891190000e-06  4.0624220000e-06  8.7516900000e-07 -4.8604340000e-06 -9.7279050000e-06  6.8115950000e-06  7.3895226000e-05 -1.4656142100e-04 -5.4022830000e-06 -3.9845805000e-05 -1.2013080000e-06 -1.7211230000e-06 -2.1200531000e-05 -3.3721098000e-05  1.7184030000e-06 -1.9060132000e-05 -1.9853297000e-05

