JOB 0
COORDS  1.5419170000e-01  3.8396400000e-02 -3.1490500000e-02 -5.6241170000e-01 -7.8666970000e-01 -9.6241530000e-01 -1.9801702000e+00 -8.0749470000e-01 -9.2802000000e-01 -2.6841636000e+00 -9.2552000000e-03  2.1247200000e-02 -1.9720679000e+00  8.0590430000e-01  9.5030880000e-01 -5.5415100000e-01  8.2331630000e-01  9.3943540000e-01  1.6639234000e+00  1.7419800000e-02 -2.3829600000e-02  2.3540969000e+00 -5.4598200000e-02  1.1703192000e+00  2.3664712000e+00  5.7695000000e-03 -1.2128442000e+00 -1.4567300000e-02 -1.4251069000e+00 -1.6826045000e+00 -2.5372823000e+00 -1.4513127000e+00 -1.6362881000e+00 -3.7923355000e+00 -2.5141000000e-02  3.9566100000e-02 -2.5238827000e+00  1.4272584000e+00  1.6823645000e+00 -1.4250000000e-03  1.4705406000e+00  1.6481140000e+00  3.4049695000e+00 -1.1813600000e-02  1.2249207000e+00  1.8187872000e+00 -1.1031280000e-01  2.0733445000e+00  3.4149214000e+00 -8.1921000000e-02 -1.2564995000e+00  1.8481423000e+00  1.2219120000e-01 -2.1198938000e+00
ENERGY -3.765411559263e+02
GRADIENT  8.6643454000e-05  1.7494050390e-03 -2.9643310650e-03 -1.1837864400e-04 -2.0153861420e-03  1.9912088190e-03 -1.8849734500e-04 -2.0107385900e-04 -2.1300046200e-04  4.2633231700e-04  1.2041570000e-06 -7.9864080000e-06 -1.3887277400e-04  1.5354239000e-04  1.8363661800e-04 -6.0442387000e-05 -7.1061949000e-05 -4.1805924000e-05 -1.0786817500e-04  3.3249831470e-03  1.1397992620e-03  5.1279223000e-05 -3.0820685010e-03 -1.3518053900e-04  8.5117815000e-05  1.4456262800e-04  2.3270684600e-04 -2.0015487000e-05  5.8266200000e-06 -2.5764120000e-06  3.9913080000e-06 -2.1585670000e-05 -2.6782616000e-05  3.3590106000e-05 -1.7025140000e-06 -5.8900830000e-06  9.5759210000e-06  1.8811133000e-05  2.6686914000e-05 -2.6851781000e-05  2.4860456000e-05 -7.2926880000e-06  2.2132187000e-05  4.7508406000e-05 -9.8927527000e-05 -1.4083127000e-05  3.3126827000e-05  6.8006150000e-06 -5.7505320000e-06 -5.3660963000e-05 -6.7372434000e-05 -1.1146642000e-05 -6.0616448000e-05  1.3796427000e-05

JOB 1
COORDS  1.5568442535e-01  6.3227304665e-02 -4.7087136009e-02 -5.5934742547e-01 -7.9822082333e-01 -9.4565835157e-01 -1.9767005876e+00 -8.2984290805e-01 -9.0112564752e-01 -2.6864957232e+00 -1.4690549183e-02  2.9173338334e-02 -1.9732776833e+00  8.2707499680e-01  9.3316885748e-01 -5.5557400144e-01  8.5753657653e-01  9.1401250594e-01  1.6652848767e+00  3.8707928615e-02 -3.1812661398e-02  2.3415805008e+00 -1.0833480117e-01  1.1634193297e+00  2.3759193889e+00  5.3871411237e-02 -1.2161148584e+00 -1.0424642482e-02 -1.4540948665e+00 -1.6491955074e+00 -2.5309392995e+00 -1.4988348859e+00 -1.5879196807e+00 -3.7943902334e+00 -4.0604038171e-02  5.4595420143e-02 -2.5255966256e+00  1.4594047760e+00  1.6553209873e+00 -5.3004875694e-03  1.5229348856e+00  1.6076193125e+00  3.3922643116e+00 -8.9368580875e-02  1.2326879726e+00  1.7949006966e+00 -2.0171445955e-01  2.0564535690e+00  3.4230575319e+00 -5.0654757071e-02 -1.2538079070e+00  1.8673043652e+00  2.1140696169e-01 -2.1224694519e+00
ENERGY -3.765403051753e+02
GRADIENT  1.9649125020e-03  2.1767500440e-03 -4.7088987210e-03 -5.5682779900e-04 -2.7640708570e-03  2.6284763050e-03  8.0750127600e-04  3.7167119200e-04  2.4672988000e-04 -1.2701197210e-03  1.3813552000e-05  6.1345447000e-05  6.0367754700e-04 -3.0985294600e-04 -3.3210648800e-04 -3.4372908200e-04 -4.5484195100e-04  5.1462907700e-04 -7.7499888000e-04  6.5666512190e-03  1.9992396100e-03 -1.6801806400e-04 -4.0521815270e-03 -1.2031304600e-04  2.2446240600e-04 -4.5990850400e-04 -6.7782171400e-04 -6.9817202000e-05 -2.7729691800e-04  2.0642773900e-04 -6.0728876000e-05  1.1333047000e-04  5.3661418000e-05 -1.2699000500e-04 -1.0424316000e-05  3.0794781000e-05 -4.7478480000e-05 -3.4503295000e-05 -8.7901173000e-05 -9.1620330000e-05  6.7937280000e-06  3.8231743000e-05 -2.5507867300e-04 -1.0234620100e-04  4.1055373000e-05  2.2543240800e-04 -3.7227132900e-04 -1.4913021100e-04 -2.0779905400e-04 -1.5720949100e-04  1.6713996400e-04  1.7283034000e-04 -2.5818990500e-04  1.1454682800e-04

JOB 2
COORDS  1.4988402332e-01  6.9847534529e-02 -5.2826994442e-02 -5.5784231107e-01 -8.1491678785e-01 -9.3380337146e-01 -1.9749845713e+00 -8.5287375331e-01 -8.8698555646e-01 -2.6758045704e+00 -1.6806217548e-02  3.1334759521e-02 -1.9728563120e+00  8.4931962528e-01  9.2032635671e-01 -5.5535636857e-01  8.8244128615e-01  8.9669005627e-01  1.6607527107e+00  3.8172112019e-02 -3.0709197936e-02  2.3351059814e+00 -1.5402097205e-01  1.1589611052e+00  2.3730773435e+00  9.0675341185e-02 -1.2123944686e+00 -4.3190627521e-03 -1.4788464021e+00 -1.6261109430e+00 -2.5305303877e+00 -1.5373620279e+00 -1.5574274554e+00 -3.7833486636e+00 -4.5707378461e-02  5.9599698070e-02 -2.5283107759e+00  1.4926221841e+00  1.6303987605e+00 -1.9262468276e-03  1.5602728666e+00  1.5756500473e+00  3.3861284834e+00 -1.4291302754e-01  1.2303758727e+00  1.7858772300e+00 -2.6550853877e-01  2.0487102470e+00  3.4202861256e+00 -1.3459354555e-02 -1.2569092092e+00  1.8643264742e+00  2.8802706662e-01 -2.1112250125e+00
ENERGY -3.765397118746e+02
GRADIENT  1.7314682100e-04  2.5179624250e-03 -5.9385036560e-03 -3.2054765700e-04 -2.8998156800e-03  2.9742927470e-03 -8.8081728700e-04 -1.3789042100e-03 -1.3189121660e-03  3.0586778930e-03  1.4612194700e-04 -6.8111405000e-05 -8.8481883700e-04  1.0326606430e-03  1.2833754920e-03  7.6041014000e-05 -2.5642294000e-04  6.3079204300e-04 -1.8552298060e-03  6.1785635260e-03  2.9116747060e-03  4.3300765100e-04 -4.2166534220e-03 -5.5349389700e-04  3.0626983000e-04 -5.3813638600e-04  1.6420589400e-04 -2.4471427000e-04 -2.7492161000e-04  4.0539663000e-05  7.1383145000e-05 -1.5715665600e-04 -1.7960385900e-04  2.2174706700e-04  1.0170259000e-05 -2.9087939000e-05  1.1353613700e-04  1.5341944000e-04  1.8654952200e-04 -2.2372113600e-04  1.8433777200e-04  7.3928713000e-05 -6.6380754000e-05 -1.4011643000e-04  5.6487189000e-05  9.1319237000e-05 -2.5160163800e-04 -1.2588491000e-04 -1.1458680700e-04 -1.0686970300e-04 -1.6875994800e-04  6.5639676000e-05 -3.9999000000e-06  6.9303105000e-05

JOB 3
COORDS  1.5152896883e-01  8.0560771276e-02 -6.2974627409e-02 -5.5786274272e-01 -8.3418460472e-01 -9.1010869408e-01 -1.9753304072e+00 -8.7561597701e-01 -8.5409342588e-01 -2.6864439362e+00 -1.9865975937e-02  3.6940720209e-02 -1.9757165270e+00  8.7192025642e-01  8.9314076674e-01 -5.5781540474e-01  9.1207585616e-01  8.6569632493e-01  1.6647483675e+00  4.1414775212e-02 -3.2893886490e-02  2.3304377363e+00 -2.1929158561e-01  1.1480926278e+00  2.3828288919e+00  1.4533767604e-01 -1.2070933066e+00 -4.3012132402e-03 -1.5129052573e+00 -1.5878735470e+00 -2.5273276218e+00 -1.5839927536e+00 -1.5021211523e+00 -3.7937718607e+00 -5.3697978804e-02  7.0158954650e-02 -2.5294443441e+00  1.5328333829e+00  1.5880727666e+00 -5.4678715236e-03  1.6087429609e+00  1.5261833369e+00  3.3815783702e+00 -2.1933432683e-01  1.2242661242e+00  1.7750158851e+00 -3.5924224518e-01  2.0304105046e+00  3.4302794251e+00  4.0683947477e-02 -1.2530955666e+00  1.8787127160e+00  3.9459926774e-01 -2.0960164751e+00
ENERGY -3.765387490477e+02
GRADIENT  1.6162729600e-03  3.0656527230e-03 -7.3897847740e-03 -5.0810121000e-04 -3.3762553010e-03  3.4586023140e-03  5.9046029100e-04  3.9328683500e-04  5.7505933600e-04 -1.2374895000e-03  2.7153537000e-05 -1.8352886000e-05  5.2034106000e-04 -5.2250528400e-04 -4.2134451000e-04 -2.7566846600e-04 -3.7331709400e-04  7.6541703400e-04 -1.6365256230e-03  6.2985582490e-03  3.8627781000e-03  5.3770643000e-04 -4.5773495500e-03 -7.8685672000e-04  4.3494599300e-04 -7.6605402800e-04  3.6179818900e-04  1.0951040800e-04 -4.3669363000e-05  7.9023681000e-05 -6.0832260000e-05  5.6951388000e-05  9.8408564000e-05 -1.1160264600e-04  1.1197246000e-05 -2.0791130000e-05 -5.1509162000e-05 -1.1168609000e-04 -4.4358176000e-05  1.3712054200e-04  8.3937429000e-05 -1.1176660800e-04  2.1289399000e-05 -9.6263533000e-05 -1.8882337100e-04 -1.9025825000e-05 -1.9414903000e-04 -8.2262571000e-05 -6.8143050000e-05 -9.2844786000e-05 -2.1678459600e-04  7.0932830000e-06  2.2508939800e-04  6.6844535000e-05

JOB 4
COORDS  1.5087045228e-01  7.1348731467e-02 -5.8538466112e-02 -5.5806636444e-01 -8.4342847469e-01 -9.0527842913e-01 -1.9758437270e+00 -8.8020598464e-01 -8.5084787513e-01 -2.6827699302e+00 -1.8503904929e-02  3.7835653712e-02 -1.9725349626e+00  8.7675080418e-01  8.9090482304e-01 -5.5442228916e-01  9.1184500727e-01  8.6434161032e-01  1.6658348777e+00  3.5339997423e-02 -3.6408529384e-02  2.3257101261e+00 -2.2836703675e-01  1.1467680189e+00  2.3818507020e+00  1.5541965927e-01 -1.2103312502e+00 -5.1862727021e-03 -1.5225003353e+00 -1.5831734959e+00 -2.5300250391e+00 -1.5879802583e+00 -1.4976969901e+00 -3.7901511183e+00 -4.8986132284e-02  7.0380605112e-02 -2.5254667748e+00  1.5431021903e+00  1.5813072472e+00  3.0069276162e-04  1.6096562601e+00  1.5214782336e+00  3.3762094144e+00 -2.2318325456e-01  1.2316816508e+00  1.7648868975e+00 -3.6872785481e-01  2.0257141890e+00  3.4306136220e+00  6.1743059588e-02 -1.2524224832e+00  1.8768219223e+00  4.0575848253e-01 -2.0985107815e+00
ENERGY -3.765387870514e+02
GRADIENT  3.8721297100e-04  2.8677304370e-03 -5.6172777440e-03  3.6833589000e-05 -3.5907496900e-03  3.3420026000e-03  1.6538814700e-04  1.9115566900e-04  1.6765993800e-04 -2.4124329300e-04 -4.4251271000e-05  2.4689980000e-06  1.5560308200e-04  3.8630044000e-05 -5.5412135000e-05 -1.0473142100e-04 -1.6857073600e-04  5.3583958800e-04  2.8372729800e-04  5.3566597920e-03  2.9631482330e-03 -7.1544954100e-04 -4.5095443230e-03 -3.7099452800e-04 -1.0253938200e-04 -2.2604306600e-04 -1.0792771620e-03  6.7623862000e-05  3.4981683000e-05 -3.9598895000e-05  1.8905121000e-05  8.0884750000e-06  7.4882270000e-06 -2.3730761000e-05 -1.7709890000e-06  2.2423060000e-06 -2.0292503000e-05 -3.4784655000e-05  5.7046020000e-06  6.3409493000e-05  4.2178987000e-05 -7.7755201000e-05 -1.0257545700e-04 -7.0599906000e-05 -7.3982555000e-05  6.6182884000e-05 -6.6575311000e-05  5.8941016000e-05 -1.7411021000e-05 -5.5322815000e-05  2.6270895700e-04  8.7578451000e-05  2.3617100400e-04 -4.7037120000e-05

JOB 5
COORDS  1.4973075841e-01  6.1786084687e-02 -4.9057039984e-02 -5.5947210922e-01 -8.5055322499e-01 -8.9759658483e-01 -1.9777721457e+00 -8.8314597033e-01 -8.5167093591e-01 -2.6834636473e+00 -1.5291481432e-02  3.1893971925e-02 -1.9744840972e+00  8.8113846694e-01  8.8470686660e-01 -5.5600675408e-01  9.1069724771e-01  8.6485534323e-01  1.6665246652e+00  2.8885148043e-02 -2.9750229872e-02  2.3375616749e+00 -2.3713311349e-01  1.1461230230e+00  2.3754130740e+00  1.6400339236e-01 -1.2054925512e+00 -6.0047550553e-03 -1.5316883341e+00 -1.5728022757e+00 -2.5316275584e+00 -1.5900034339e+00 -1.4998434991e+00 -3.7910449842e+00 -4.0838138600e-02  5.9676163429e-02 -2.5281929077e+00  1.5532242331e+00  1.5689226016e+00 -2.0450804175e-03  1.6090397723e+00  1.5219519395e+00  3.3884880588e+00 -2.2356769735e-01  1.2267337201e+00  1.7827823010e+00 -3.8184913357e-01  2.0282174704e+00  3.4248165469e+00  8.2550935374e-02 -1.2579993836e+00  1.8604970216e+00  4.0993430056e-01 -2.0891760477e+00
ENERGY -3.765388035540e+02
GRADIENT -2.4113658000e-04  2.6818355510e-03 -5.4466968280e-03 -1.9843948000e-04 -2.8669425350e-03  3.8010310150e-03 -4.3073027600e-04 -4.0490717200e-04 -4.5473585200e-04  4.9935383900e-04 -6.4646048000e-05  1.1734090000e-05 -4.1088064000e-05  2.2826743100e-04  1.3460276200e-04 -5.2816510000e-05 -1.4506993800e-04 -9.4518310000e-06  8.5968817000e-05  4.9209010910e-03  3.1504807980e-03  3.6521742300e-04 -4.3528986130e-03 -1.4701006540e-03 -2.9941378000e-05 -3.2909377900e-04  2.9101203400e-04 -3.4873543000e-05  1.4923028400e-04 -6.5297411000e-05 -2.4040968000e-05 -3.7577078000e-05 -3.8753768000e-05  4.7946920000e-05 -2.6303617000e-05 -1.9515642000e-05 -9.9933500000e-07  1.9165418000e-05  2.1347065000e-05  1.5102600000e-06  2.0799452000e-05 -8.7607614000e-05  3.6377764000e-05 -8.9097120000e-05  2.9385266400e-04 -4.0154404000e-05  1.7750775000e-05 -8.9651847000e-05  4.3606933000e-05  1.5102275900e-04 -1.0607885200e-04  1.3994439000e-05  1.3636730200e-04  6.7330661000e-05

JOB 6
COORDS  1.4929046848e-01  5.9753152523e-02 -4.8025705260e-02 -5.5789798926e-01 -8.5247613505e-01 -8.9833629176e-01 -1.9761485654e+00 -8.8159932341e-01 -8.5113158707e-01 -2.6836845563e+00 -1.3715822868e-02  3.0978644854e-02 -1.9748093570e+00  8.8149851049e-01  8.8487539712e-01 -5.5627380525e-01  9.0944243604e-01  8.6546439520e-01  1.6656761217e+00  2.9360342727e-02 -2.8526640670e-02  2.3369407182e+00 -2.3751890382e-01  1.1470068184e+00  2.3742209625e+00  1.6546936906e-01 -1.2043290545e+00 -4.9376207863e-03 -1.5354243848e+00 -1.5722392325e+00 -2.5304036469e+00 -1.5879809775e+00 -1.4994083656e+00 -3.7913354069e+00 -3.8696543147e-02  5.7230140062e-02 -2.5281764551e+00  1.5539967863e+00  1.5689462200e+00 -2.1847917433e-03  1.6066917898e+00  1.5236856698e+00  3.3882267370e+00 -2.2037801095e-01  1.2217842666e+00  1.7851180789e+00 -3.8365043399e-01  2.0307747653e+00  3.4235440786e+00  8.3565880139e-02 -1.2571195866e+00  1.8585385077e+00  4.0716584905e-01 -2.0887535968e+00
ENERGY -3.765388069025e+02
GRADIENT -6.0187319100e-04  2.4243616900e-03 -5.3240689210e-03  3.2890428500e-04 -3.4911336250e-03  2.9619470580e-03  1.6767838300e-04  3.3124871500e-04  2.5604118700e-04  1.3611475000e-05 -6.5596808000e-05 -2.7048516000e-05 -4.7086498000e-05  1.4118279300e-04  1.2124876500e-04  4.6943920000e-05 -8.7673880000e-06 -1.0628960000e-05  3.7009551000e-04  5.2475508700e-03  2.9654325980e-03 -2.3420459000e-04 -4.5734952240e-03 -8.4848388300e-04 -9.1457904000e-05 -2.9508058600e-04  2.2271896800e-04  2.4508407000e-05  1.0478436000e-05 -8.4986779000e-05  5.9134254000e-05  5.3212580000e-06  4.4530080000e-06  1.4921280000e-06  3.0165441000e-05  3.8152684000e-05 -8.2154600000e-06  1.1416701000e-05  5.6992770000e-06 -4.4788253000e-05  4.2612078000e-05  3.2434910000e-06  4.3302911000e-05  5.4109080000e-05 -2.6838331700e-04 -4.1983447000e-05 -5.2670261000e-05  1.0478418000e-05  1.3108958000e-05  1.3458025000e-04 -6.1738340000e-05  1.8593900000e-07  6.2481168000e-05  1.9238557000e-05

JOB 7
COORDS  1.5061328414e-01  6.1286614719e-02 -4.8520934315e-02 -5.5888237984e-01 -8.5014611323e-01 -8.9794824069e-01 -1.9770956761e+00 -8.8157527116e-01 -8.5162987246e-01 -2.6841456314e+00 -1.4076718853e-02  3.1174635037e-02 -1.9739114876e+00  8.7976379837e-01  8.8537000713e-01 -5.5532569910e-01  9.0930565330e-01  8.6627960808e-01  1.6665108084e+00  3.1302006627e-02 -2.9812518681e-02  2.3355428006e+00 -2.3595109995e-01  1.1470998099e+00  2.3758366776e+00  1.6519990341e-01 -1.2056513656e+00 -6.1071194473e-03 -1.5338193193e+00 -1.5712348458e+00 -2.5309136049e+00 -1.5882493399e+00 -1.4999969504e+00 -3.7917911908e+00 -3.8933629443e-02  5.8191364432e-02 -2.5271327171e+00  1.5512212754e+00  1.5705517588e+00 -1.7268269128e-03  1.6058789619e+00  1.5256626094e+00  3.3865891480e+00 -2.2038747193e-01  1.2248324641e+00  1.7817799906e+00 -3.8082353784e-01  2.0298372527e+00  3.4248868879e+00  7.9065311098e-02 -1.2564570330e+00  1.8615754309e+00  4.0478244546e-01 -2.0914920181e+00
ENERGY -3.765388094227e+02
GRADIENT  2.3611257700e-04  2.2902426980e-03 -5.2658745090e-03 -1.8544150200e-04 -2.9022862560e-03  3.4642697820e-03 -5.8815170000e-05 -7.3842695000e-05 -8.4033063000e-05 -8.0062900000e-05  1.2090425000e-05 -6.6705130000e-06  9.3006846000e-05 -1.7490157200e-04 -1.6625166100e-04  1.3488396100e-04  9.2919023000e-05  1.0166533500e-04  3.9732517300e-04  5.5860333680e-03  2.9908874870e-03 -3.9243280700e-04 -4.6296273140e-03 -7.3042384600e-04 -1.1883563400e-04 -1.8339979900e-04 -2.6838205400e-04 -2.8565173000e-05 -1.6783733000e-05  2.0165181000e-05 -2.6279898000e-05 -1.0310620000e-06  5.9304400000e-06 -8.8862130000e-06 -1.8728545000e-05 -1.2947639000e-05  1.4504998000e-05 -1.0744718000e-05 -1.3291221000e-05  2.2711974000e-05 -8.4399000000e-07  2.4177040000e-05 -2.5015153000e-05  5.9586030000e-06 -1.5982686200e-04  1.8937441000e-05 -6.2585273000e-05  2.7297771000e-05 -1.2100826000e-05  5.1659409000e-05  8.3666196000e-05  1.9754527000e-05  4.4297493000e-05 -2.6582767000e-05

JOB 8
COORDS  1.5059206416e-01  6.0523496367e-02 -4.8932380690e-02 -5.5865439186e-01 -8.5097798968e-01 -8.9837381165e-01 -1.9768678587e+00 -8.8141579595e-01 -8.5098589591e-01 -2.6840716487e+00 -1.3802129011e-02  3.1699409428e-02 -1.9743080290e+00  8.8042792170e-01  8.8585648119e-01 -5.5571046288e-01  9.0870467403e-01  8.6549899376e-01  1.6665979217e+00  3.0544870015e-02 -2.9811248735e-02  2.3360875172e+00 -2.3647259551e-01  1.1469436276e+00  2.3760653080e+00  1.6602977560e-01 -1.2053736790e+00 -6.1597793723e-03 -1.5348090661e+00 -1.5717380404e+00 -2.5310796099e+00 -1.5879783946e+00 -1.4991261259e+00 -3.7917138533e+00 -3.8798876439e-02  5.8571169383e-02 -2.5271439166e+00  1.5521751840e+00  1.5710907861e+00 -1.6095975812e-03  1.6051354824e+00  1.5245572327e+00  3.3868674830e+00 -2.2104523270e-01  1.2285298371e+00  1.7807827801e+00 -3.8053148640e-01  2.0288153471e+00  3.4250477955e+00  7.9354197183e-02 -1.2570386685e+00  1.8613426324e+00  4.0523200039e-01 -2.0910351111e+00
ENERGY -3.765388101555e+02
GRADIENT  2.2026394800e-04  2.2966217420e-03 -5.3463437340e-03 -5.2671540000e-05 -3.0437885410e-03  3.2896488520e-03  5.6498720000e-05  6.6079072000e-05  7.1693501000e-05 -1.1367847000e-05  2.8519400000e-07 -9.6149830000e-06 -1.0742289900e-04  1.0174755200e-04  1.1770720900e-04 -6.5930417000e-05 -1.3753439500e-04 -1.4766504300e-04 -6.3514542000e-05  5.3939564650e-03  3.0746629160e-03  5.6190968000e-05 -4.5139711990e-03 -1.1747292990e-03 -3.0632547000e-05 -1.4498664600e-04 -1.2600938100e-04  1.1622869000e-05 -9.7467040000e-06  1.5500270000e-05  4.9701050000e-06  3.6528950000e-06  5.9528490000e-06 -4.9095500000e-07  1.4638313000e-05  1.4568511000e-05 -2.0025485000e-05  1.5327600000e-07  3.5365820000e-06 -1.4150112000e-05 -2.5638703000e-05 -2.0463210000e-06 -2.3680327000e-05 -7.8048948000e-05  2.2379445700e-04  2.2616037000e-05 -1.3680876000e-05 -3.8316718000e-05  8.4223700000e-06  4.7213760000e-05  9.6600070000e-06  9.9125520000e-06  5.1367802000e-05  2.1272680000e-06

