JOB 0
COORDS  1.5117140000e-01 -1.0614000000e-03  3.4014000000e-03 -5.5635560000e-01 -1.0346896000e+00  6.9241520000e-01 -1.9771736000e+00 -1.0227905000e+00  6.8031850000e-01 -2.6799502000e+00  5.7352000000e-03 -9.9767000000e-03 -1.9657315000e+00  1.0309234000e+00 -6.9343890000e-01 -5.4480010000e-01  1.0358069000e+00 -6.9238750000e-01  1.6824865000e+00 -5.5789000000e-03  1.0157900000e-02  2.3710498000e+00 -6.7078150000e-01 -9.7919860000e-01  2.3687163000e+00  6.5767570000e-01  1.0024755000e+00 -7.1178000000e-03 -1.8326637000e+00  1.2283926000e+00 -2.5341291000e+00 -1.8190990000e+00  1.2113772000e+00 -3.7877657000e+00  8.4266000000e-03 -1.5187200000e-02 -2.5137964000e+00  1.8299482000e+00 -1.2296399000e+00  1.3357900000e-02  1.8314849000e+00 -1.2225355000e+00  3.4243503000e+00 -7.1191690000e-01 -1.0272899000e+00  1.8285392000e+00 -1.1728916000e+00 -1.7290755000e+00  3.4220465000e+00  6.8825200000e-01  1.0577090000e+00  1.8253314000e+00  1.1618375000e+00  1.7503657000e+00
ENERGY -3.765347376912e+02
GRADIENT  7.7387507000e-05  6.4904030000e-05 -1.0548092100e-04 -1.9797140000e-06 -7.6798440000e-05 -1.0152375000e-05 -4.0932280000e-06  1.2223000000e-08  2.7678547000e-05  7.3352922000e-05 -5.0936650000e-06 -1.1100383000e-05 -1.5551728000e-05  2.8359017000e-05  5.6128590000e-06 -2.7035539000e-05 -8.8313260000e-06 -5.6874580000e-05 -2.7217123000e-05 -2.1807801000e-04  1.6950182300e-04 -3.8420474000e-05  1.3342301900e-04 -9.5555009000e-05 -4.0887634000e-05  1.9263408600e-04  1.3125518000e-04 -7.8102590000e-06  3.7852680000e-06  2.2673008000e-05  4.0023420000e-06 -5.4594220000e-06  2.9773250000e-06  2.0618080000e-06 -8.1993300000e-07 -1.1996930000e-06  2.2042310000e-06  1.6739960000e-06 -3.9381300000e-06 -4.8478430000e-06  1.4663720000e-05  9.1420350000e-06 -4.5700483000e-05 -8.6256644000e-05 -5.3224092000e-05  2.4443313000e-05  9.6735500000e-07  1.4478430000e-05 -6.1950260000e-06 -5.4653160000e-05 -4.8309135000e-05  1.4261832000e-05  1.6470060000e-05  3.1475110000e-06

JOB 1
COORDS  1.5138191211e-01  1.7520823703e-02  1.4269968538e-02 -5.5142831807e-01 -1.0421444244e+00  6.6753256826e-01 -1.9723053456e+00 -1.0396050197e+00  6.5155932243e-01 -2.6807351598e+00  1.6097819655e-03 -1.3455628829e-02 -1.9710061564e+00  1.0467440289e+00 -6.7088248700e-01 -5.5011225288e-01  1.0611739639e+00 -6.6557859205e-01  1.6828751183e+00  1.0651274724e-02  5.0915502532e-03  2.3627444349e+00 -7.1479273052e-01 -9.4717676475e-01  2.3788928428e+00  6.9605369282e-01  9.7511175362e-01  1.6713147958e-03 -1.8525468981e+00  1.1803750957e+00 -2.5250700026e+00 -1.8542327801e+00  1.1586619764e+00 -3.7885272676e+00 -3.1848901881e-03 -2.2113389574e-02 -2.5227863177e+00  1.8534578893e+00 -1.1915298225e+00  3.9683226243e-03  1.8703231310e+00 -1.1793466972e+00  3.4156243639e+00 -7.7074458249e-01 -9.9042324429e-01  1.8146636817e+00 -1.2482992891e+00 -1.6709123990e+00  3.4324819563e+00  7.1471679629e-01  1.0309471335e+00  1.8420920376e+00  1.2317446644e+00  1.7056324819e+00
ENERGY -3.765347129670e+02
GRADIENT -3.3977560000e-06  1.6846066100e-04  2.8689644080e-03 -1.5762066300e-04  2.2259361500e-04 -1.0076767500e-04  1.4175480000e-06 -2.6787602000e-05 -1.4115145300e-04 -2.0171959100e-04 -6.1075080000e-06  5.3117407000e-05  7.4905199000e-05 -1.6980725000e-04  8.9113541000e-05  1.3017213100e-04 -7.0244861400e-04 -1.1226212150e-03  4.3967954000e-05  2.5083017760e-03 -2.7716832090e-03  1.0666879800e-04 -1.6623616800e-04  2.7388642100e-04  2.7499277000e-05 -1.0843437550e-03  3.8359143400e-04  7.7945240000e-06 -7.5439668000e-05 -1.5932647900e-04 -2.6006222000e-05 -1.4260820000e-06 -5.1836361000e-05 -1.0032977000e-05  4.5217960000e-06  5.4067000000e-07  6.7761720000e-06  3.6073331000e-05  6.2862866000e-05  1.1620674000e-05 -3.9973288000e-05 -4.3567455000e-05  5.8505665000e-05  7.7378209000e-05  3.3508060000e-05 -4.0078756000e-05 -3.3084711600e-04  2.3104219900e-04  5.0135830000e-06 -2.2647992500e-04  2.7324632400e-04 -2.5149666000e-05 -1.9060950800e-04  1.2048549800e-04

JOB 2
COORDS  1.5142572748e-01  2.3493766687e-02  1.8945816830e-02 -5.4957203045e-01 -1.0512542593e+00  6.4902009071e-01 -1.9704588765e+00 -1.0511422889e+00  6.3189225344e-01 -2.6807495170e+00  3.7455040643e-04 -1.4735545014e-02 -1.9727602859e+00  1.0582772143e+00 -6.5336414739e-01 -5.5189218420e-01  1.0757785273e+00 -6.4554259299e-01  1.6829961854e+00  1.4881270866e-02  2.9976063785e-03  2.3596538503e+00 -7.4598796287e-01 -9.2352253833e-01  2.3829623594e+00  7.2330279256e-01  9.5330921544e-01  4.8255556782e-03 -1.8704142354e+00  1.1463078458e+00 -2.5218890772e+00 -1.8763091165e+00  1.1231601310e+00 -3.7885170708e+00 -6.9475846527e-03 -2.4765536497e-02 -2.5257434365e+00  1.8720768035e+00 -1.1615604379e+00  9.8632722967e-04  1.8941074678e+00 -1.1458756357e+00  3.4124682683e+00 -8.0668487254e-01 -9.6280052868e-01  1.8102079693e+00 -1.2989837825e+00 -1.6314602628e+00  3.4366429375e+00  7.4174032392e-01  1.0076329589e+00  1.8484620729e+00  1.2821273544e+00  1.6680108631e+00
ENERGY -3.765347703689e+02
GRADIENT -3.6251491600e-04  3.3886539300e-04  4.0592882360e-03 -5.6060948000e-05  3.8944275500e-04  3.0808775000e-05 -2.7262858000e-05  3.2306060000e-05 -2.5792833000e-04 -2.3734267700e-04 -1.1696263000e-05  8.5550021000e-05  1.1827426000e-05 -1.6952772300e-04  5.1873358000e-05  1.9740015100e-04 -1.1425901380e-03 -1.6174481970e-03  3.3380249700e-04  3.2796673200e-03 -3.8678756260e-03  6.2894863000e-05 -1.9090588700e-04  3.5435157700e-04  5.3244042000e-05 -1.8215073020e-03  4.1609234200e-04  1.6964837000e-05 -9.6039338000e-05 -2.1414864900e-04 -1.7865761000e-05 -9.1824330000e-06 -7.3979840000e-05 -3.4695580000e-06  1.4232599000e-05  2.4520300000e-07  1.6696730000e-06  5.0573274000e-05  8.4377453000e-05  4.9524090000e-06 -5.2534969000e-05 -3.9879249000e-05  1.6263484000e-04  2.4639314600e-04  1.2379600900e-04 -9.8829167000e-05 -4.0860304200e-04  2.5923004500e-04  3.3975621000e-05 -2.3939751000e-04  4.7797681200e-04 -6.5044346000e-05 -2.0738050700e-04  1.2981839300e-04

JOB 3
COORDS  1.5140823423e-01  2.3345105370e-02  2.4625891091e-02 -5.4826767162e-01 -1.0767303495e+00  6.1161105556e-01 -1.9689277901e+00 -1.0763276076e+00  5.9268071181e-01 -2.6763443556e+00 -2.4624519889e-03 -1.9726582178e-02 -1.9702509915e+00  1.0797623344e+00 -6.1860606681e-01 -5.4961238559e-01  1.0994587585e+00 -6.0366539226e-01  1.6820992835e+00  1.3182570333e-02  1.1563890520e-02  2.3496415816e+00 -8.0371480638e-01 -8.7330251988e-01  2.3858016993e+00  7.8195362404e-01  9.1158097053e-01  6.2464440669e-03 -1.9111133621e+00  1.0828366282e+00 -2.5215014459e+00 -1.9179174833e+00  1.0539482833e+00 -3.7840529539e+00 -1.1095218373e-02 -3.3732993232e-02 -2.5235636707e+00  1.9091403262e+00 -1.1005907870e+00  4.4243058330e-03  1.9362652890e+00 -1.0711433438e+00  3.4011595511e+00 -8.7857010668e-01 -9.1739376329e-01  1.7913026716e+00 -1.3844103194e+00 -1.5512855760e+00  3.4400334571e+00  8.0761661474e-01  9.4788017075e-01  1.8573618176e+00  1.3896500534e+00  1.5899597133e+00
ENERGY -3.765352979602e+02
GRADIENT -1.5817605730e-03  5.0476474800e-04  3.6489204340e-03  5.1828260900e-04  2.3822814300e-04  4.9334218900e-04 -4.1329013800e-04 -1.2817344400e-04 -3.3777174000e-05  8.4658960000e-04  6.2640730000e-06  4.6999241000e-05 -4.4331581500e-04  2.3390641300e-04 -7.0338162000e-05  4.4391285300e-04 -1.3877927980e-03 -2.5049532840e-03  1.3620691940e-03  2.0579512360e-03 -3.1347279440e-03 -4.2970822200e-04  3.7446125100e-04 -2.3455822000e-05 -5.0661093600e-04 -1.1635572000e-03  1.7987111020e-03 -6.1300476000e-05 -1.2594766900e-04 -1.1322423700e-04  7.6424344000e-05 -9.9126312000e-05 -2.6937736000e-05  8.2695327000e-05 -1.1267550000e-06 -1.1964519000e-05  5.3637096000e-05  1.0576840400e-04  5.3303498000e-05 -6.9152046000e-05  5.3403748000e-05  1.8621411000e-05  6.8145150000e-06 -2.4485370000e-05 -3.7386230500e-04  2.0735781000e-05 -1.8018036400e-04  5.0231947000e-05  1.0833574100e-04 -6.0554973400e-04  1.1617695900e-04 -1.2422546000e-05  1.4323296700e-04  5.7780732000e-05

JOB 4
COORDS  1.5374142987e-01  4.5971245842e-04  8.4589019630e-03 -5.5791306812e-01 -1.0948630157e+00  5.9048600609e-01 -1.9787181849e+00 -1.0802118853e+00  5.8171094513e-01 -2.6853143292e+00  4.9990728673e-03 -1.1598816366e-02 -1.9662278314e+00  1.0876927984e+00 -5.9426055575e-01 -5.4529866492e-01  1.0971801652e+00 -5.8554597844e-01  1.6834713393e+00 -1.0682728411e-02  1.2559593534e-02  2.3721143490e+00 -8.2678549706e-01 -8.5685538156e-01  2.3741330219e+00  8.0287213243e-01  8.8253007270e-01 -9.9091000079e-03 -1.9379781191e+00  1.0536556563e+00 -2.5348513288e+00 -1.9216091349e+00  1.0389339584e+00 -3.7932496990e+00  7.1087445916e-03 -1.9231450283e-02 -2.5131988325e+00  1.9308640430e+00 -1.0591405494e+00  1.1945782999e-02  1.9403791671e+00 -1.0374751100e+00  3.4254059915e+00 -8.8102937525e-01 -8.8519004182e-01  1.8319617097e+00 -1.4253566172e+00 -1.5339083562e+00  3.4269526704e+00  8.6339637222e-01  9.1433208098e-01  1.8315436510e+00  1.4212082531e+00  1.5395231241e+00
ENERGY -3.765357027250e+02
GRADIENT -2.9087302700e-04  1.0850704840e-03  3.5346376300e-04  1.8181639000e-04  1.0159509180e-03  1.0191169260e-03  4.2920012200e-04  8.4346564500e-04 -4.0106560000e-04 -1.9292401010e-03  3.7346612000e-05 -8.4189754000e-05  5.0667871200e-04 -9.3948175700e-04  6.0707954400e-04 -5.0845707000e-05 -1.3327025440e-03 -1.6414694210e-03  5.8245447100e-04 -1.0834996060e-03  5.8731579400e-04  2.2040070100e-04  1.2573442810e-03 -7.0944658100e-04  4.0803023900e-04 -1.9347619590e-03  3.0455761000e-05  6.6381372000e-05  1.3905559500e-04  3.8244429000e-05 -6.3539313000e-05  9.0291190000e-05 -1.1600327800e-04 -1.3544812100e-04 -2.6074791000e-05  1.5460089000e-05 -7.4451171000e-05 -1.4747549400e-04  9.2833008000e-05  1.0658121600e-04  1.4470508000e-05  2.4412401200e-04  1.8706450500e-04  4.1083469600e-04 -4.8151541000e-05 -1.1066048000e-04  1.8737420500e-04 -1.8694921600e-04  5.9051265000e-05  1.9016351700e-04  4.8132118100e-04 -6.4734895000e-05  1.9209140400e-04 -2.8271149800e-04

JOB 5
COORDS  1.5020654346e-01 -4.7190094225e-02 -3.2460297427e-02 -5.6697812124e-01 -1.1437673832e+00  5.4411237569e-01 -1.9862110977e+00 -1.1066350277e+00  5.5797081071e-01 -2.6617819273e+00  1.7636733474e-02  1.2287147688e-03 -1.9486931692e+00  1.1203302939e+00 -5.5159134085e-01 -5.2904699760e-01  1.1009566937e+00 -5.5046476741e-01  1.6737083356e+00 -4.4993314905e-02  2.4861386625e-02  2.3895135095e+00 -8.7282408107e-01 -8.1208905928e-01  2.3312079578e+00  8.6388921350e-01  8.2453819871e-01 -2.4407670047e-02 -2.0023878416e+00  9.8494626545e-01 -2.5569724151e+00 -1.9454650275e+00  1.0021080393e+00 -3.7693203757e+00  3.9621326994e-02  7.4191334472e-03 -2.4898064768e+00  1.9893967752e+00 -9.7430603329e-01  4.2409161299e-02  1.9538113713e+00 -9.6525174432e-01  3.4434647561e+00 -9.0969752287e-01 -8.2284498006e-01  1.8702211452e+00 -1.5142869356e+00 -1.4653623190e+00  3.3799093818e+00  9.7597248888e-01  8.2407074651e-01  1.7698108325e+00  1.5029251845e+00  1.4446217452e+00
ENERGY -3.765357332268e+02
GRADIENT -1.0575937650e-03 -4.0630857700e-04 -9.2961087150e-03  4.3830705400e-04  1.8421315810e-03  3.1543925000e-03 -2.4125856870e-03 -2.7669191150e-03  1.8855295110e-03  6.9327615750e-03 -9.2711591000e-05 -2.6832797900e-04 -2.7548870520e-03  3.5438448420e-03 -1.4116387230e-03 -1.3136495900e-04 -1.1369753320e-03  5.3668495300e-04  7.3565561200e-04 -5.6605516430e-03  9.2972047880e-03 -1.1628576900e-03  2.3744139700e-03 -2.9999047010e-03 -6.1414159400e-04  2.2990634500e-04  2.7133803600e-04 -3.7956357400e-04  6.0066394000e-05  4.5595862100e-04  2.1400800000e-04 -4.8843200300e-04  2.2910791900e-04  5.4784209400e-04  1.7497035000e-05 -2.2960430000e-05  1.7552634900e-04  4.4848763400e-04 -3.4283476200e-04 -4.2335166400e-04  3.3203851100e-04  2.4666129600e-04 -7.9711673000e-05  6.4128590500e-04 -1.4183824900e-04  2.2332570000e-05  5.0028719100e-04 -5.8693697000e-04 -3.5555270000e-05  1.2582776100e-04 -7.4361042300e-04  1.7344690000e-06  4.3963478600e-04 -2.7035482200e-04

JOB 6
COORDS  1.5398019854e-01 -3.9814127935e-02 -3.3874926000e-02 -5.6384137360e-01 -1.1326342315e+00  5.4828112852e-01 -1.9836216034e+00 -1.0931539508e+00  5.5954675590e-01 -2.6817615438e+00  1.7473307638e-02  3.8567750246e-03 -1.9525173725e+00  1.1070759682e+00 -5.5378849499e-01 -5.3224878069e-01  1.0996133902e+00 -5.6146583174e-01  1.6784516071e+00 -3.3224129598e-02  1.3521744854e-02  2.3953605280e+00 -8.6018677787e-01 -8.2390751324e-01  2.3362228408e+00  8.5583105399e-01  8.3563479581e-01 -2.1782416019e-02 -1.9917049075e+00  9.8907631386e-01 -2.5476177965e+00 -1.9334794620e+00  1.0088954596e+00 -3.7896435632e+00  3.7574830152e-02  1.2358147387e-02 -2.4929655602e+00  1.9735351090e+00 -9.8201429146e-01  3.2593786388e-02  1.9503363855e+00 -9.8963809707e-01  3.4487694775e+00 -9.1086442390e-01 -8.3314911514e-01  1.8727826410e+00 -1.5040083604e+00 -1.4721742284e+00  3.3862500962e+00  9.5420842152e-01  8.4938736599e-01  1.7757291313e+00  1.4805810044e+00  1.4709377225e+00
ENERGY -3.765359798352e+02
GRADIENT -8.0645906900e-04 -1.1381498970e-03 -7.4116412320e-03  6.4707664600e-04  4.5074767300e-04  4.0584145100e-03  1.2708087600e-03  1.7359213020e-03 -7.2802421600e-04 -2.7472781710e-03  4.4484978000e-05 -1.2010140600e-04  1.2464443800e-03 -1.9488031120e-03  1.1320235870e-03  9.9756431500e-04  1.2630685310e-03 -5.8713507100e-04 -3.1183872200e-04 -3.5318228380e-03  5.9555111820e-03  1.5482671500e-04  2.3779775690e-03 -2.1728313280e-03 -5.7849022200e-04  4.2501568800e-04  1.0799320360e-03  1.3035313900e-04 -1.2721054000e-05  1.8031159900e-04  2.9524272000e-05  1.8017870000e-04 -1.1052222000e-04 -2.3080107100e-04 -1.2130610000e-06  1.4716438000e-05  8.0406441000e-05 -1.9869439000e-04  4.0404263000e-05  1.3465077700e-04  1.8619881100e-04  7.3575071000e-05 -1.3884585900e-04 -1.1259474700e-04 -6.5891981900e-04  1.0065515500e-04  2.4694306300e-04 -1.2361516400e-04 -2.6680680000e-06 -1.1792579800e-04 -6.6640695300e-04  4.7054512000e-05  1.6282251700e-04  4.3175441000e-05

JOB 7
COORDS  1.5530846029e-01 -3.2354386894e-02 -2.9296490122e-02 -5.6721150973e-01 -1.1200662958e+00  5.5536582976e-01 -1.9874555444e+00 -1.0902859462e+00  5.6981886095e-01 -2.6827237244e+00  1.8632767317e-02  7.1496075780e-03 -1.9624027899e+00  1.1076545841e+00 -5.6325982864e-01 -5.4193484109e-01  1.0943542450e+00 -5.6960991670e-01  1.6822706552e+00 -2.8116483667e-02  1.8011362842e-03  2.4017017778e+00 -8.4897984764e-01 -8.3887713556e-01  2.3451498732e+00  8.4017158636e-01  8.4121750457e-01 -2.3631472608e-02 -1.9777191774e+00  9.9654999405e-01 -2.5492791050e+00 -1.9299324974e+00  1.0234981026e+00 -3.7904888945e+00  3.6414104779e-02  1.6988399335e-02 -2.5049075112e+00  1.9695232128e+00 -9.9845726030e-01  2.0803855157e-02  1.9398829120e+00 -1.0100353555e+00  3.4554930731e+00 -8.9698671390e-01 -8.3298712706e-01  1.8852552532e+00 -1.4935974239e+00 -1.4915245717e+00  3.3951456623e+00  9.3338035829e-01  8.7914366400e-01  1.7805773765e+00  1.4533688193e+00  1.4839584759e+00
ENERGY -3.765359626203e+02
GRADIENT  2.4819912790e-03 -1.1040123950e-03 -4.6264330680e-03 -1.4256443040e-03  3.7287137190e-03  2.1812775430e-03 -7.8156043200e-04 -1.3023286350e-03  5.7833571100e-04  8.5983876600e-04 -1.7330997000e-05  2.2685397000e-05 -8.5300562800e-04  1.3167711710e-03 -7.2522634700e-04 -1.2301091090e-03 -2.1082464160e-03  8.8054534100e-04 -3.9456554900e-04 -2.0579841470e-03  3.6185765110e-03  7.3061221500e-04  2.1931775640e-03 -1.9050099350e-03  1.0016430310e-03 -1.5119024570e-03 -5.9540097800e-04 -9.8868700000e-07  2.4640978800e-04 -1.6117740800e-04 -1.8767094500e-04 -4.4576147000e-05  1.0581582000e-05  7.9700054000e-05  1.3896004000e-05  1.1042763000e-05 -1.7864784200e-04  5.7279864000e-05 -2.0057413000e-05 -5.4510665000e-05 -2.6474435600e-04  1.2736691800e-04  1.2809914300e-04  3.3386500000e-04  9.5312341000e-05 -8.3013283000e-05  5.9216259000e-05  1.5646158000e-05 -5.5157961000e-05  6.5588679800e-04  6.1522638100e-04 -7.3162740000e-06 -1.7377474600e-04 -1.1477742800e-04

JOB 8
COORDS  1.5197176231e-01 -3.6898254484e-02 -3.1150915504e-02 -5.6469690564e-01 -1.1295936154e+00  5.5189621200e-01 -1.9844890099e+00 -1.0934300441e+00  5.6478914870e-01 -2.6781806046e+00  1.8683183012e-02  6.4736879258e-03 -1.9558882657e+00  1.1094148903e+00 -5.5818814190e-01 -5.3575138036e-01  1.0987509691e+00 -5.6559429974e-01  1.6774932917e+00 -3.1585688912e-02  7.8372364925e-03  2.3950363826e+00 -8.5443550099e-01 -8.3250710291e-01  2.3379529970e+00  8.4967151326e-01  8.3566630495e-01 -2.1282146785e-02 -1.9888029338e+00  9.9063931379e-01 -2.5486767345e+00 -1.9330549498e+00  1.0154106810e+00 -3.7859536955e+00  3.7980907233e-02  1.6008079277e-02 -2.4982157680e+00  1.9735365445e+00 -9.8895211747e-01  2.9531454949e-02  1.9456957660e+00 -1.0004393860e+00  3.4487166064e+00 -9.0360230726e-01 -8.2723184026e-01  1.8773927219e+00 -1.5019178575e+00 -1.4813628324e+00  3.3881714655e+00  9.4324413103e-01  8.6415614661e-01  1.7752342867e+00  1.4695789020e+00  1.4736630693e+00
ENERGY -3.765360374142e+02
GRADIENT -5.5528244700e-04 -1.3004211010e-03 -5.9112987290e-03  1.3485843900e-04  1.3721513530e-03  3.5092523280e-03  9.5030541000e-05  5.2010926000e-05 -3.6965748000e-05  1.3278736900e-04  2.0049967000e-05 -1.2543098000e-05 -1.2276400000e-05 -3.5583929000e-05  1.8097197000e-05  3.2079492000e-04  3.3615286100e-04 -2.0715324800e-04 -8.6228381000e-05 -2.9129008280e-03  5.1910072890e-03 -2.0412997800e-04  2.1899363810e-03 -2.5668951920e-03  1.4283785700e-04 -4.8005781200e-04  4.4653868000e-05  4.1795100000e-06 -4.5177617000e-05  2.8433000000e-05  3.9795277000e-05 -1.5038739000e-05  6.0183440000e-06  8.0074240000e-06  1.2763590000e-06  4.5810500000e-07  4.1310901000e-05  1.1330413000e-05 -1.0929345000e-05 -2.3377204000e-05  5.7975064000e-05 -2.6877010000e-05  4.2492498000e-05  4.1187109800e-04  1.6941718700e-04 -3.4560895000e-05  9.3043405000e-05 -1.5999665800e-04 -9.1938030000e-06  2.1726195100e-04  5.1244317000e-05 -1.0527802000e-05  4.2734328000e-05 -8.3197017000e-05

JOB 9
COORDS  1.5395667972e-01 -3.8748469163e-02 -3.2876966860e-02 -5.6586392881e-01 -1.1306590523e+00  5.4756199311e-01 -1.9857824323e+00 -1.0950070564e+00  5.6108050271e-01 -2.6797880061e+00  1.8262737668e-02  5.6310715951e-03 -1.9558511978e+00  1.1098503962e+00 -5.5523729818e-01 -5.3567832366e-01  1.0982746389e+00 -5.6178998570e-01  1.6791092204e+00 -3.1765385049e-02  1.0922370441e-02  2.3961757119e+00 -8.5600502135e-01 -8.2878413241e-01  2.3374237095e+00  8.5635589778e-01  8.3334423976e-01 -2.3389162322e-02 -1.9910511132e+00  9.8503903675e-01 -2.5497743725e+00 -1.9356184949e+00  1.0101144819e+00 -3.7875635204e+00  3.8066601962e-02  1.4969579521e-02 -2.4972878496e+00  1.9757996182e+00 -9.8346549969e-01  2.9485718885e-02  1.9468887900e+00 -9.9343780049e-01  3.4493526298e+00 -9.1417765139e-01 -8.2921109647e-01  1.8738151085e+00 -1.5061155149e+00 -1.4710496487e+00  3.3879555010e+00  9.4733382554e-01  8.5697606385e-01  1.7763273850e+00  1.4782466119e+00  1.4708871719e+00
ENERGY -3.765360387631e+02
GRADIENT  5.3017222700e-04 -1.4985200380e-03 -6.6037677340e-03 -2.0446860400e-04  2.1454746550e-03  3.2670105520e-03 -2.7144727000e-05 -5.2654296000e-05  6.7322281000e-05 -1.3021606000e-04  2.7568659000e-05 -2.6825818000e-05 -2.1404139000e-05 -2.8258513000e-05  3.3446477000e-05 -2.6690347000e-05 -2.1016925600e-04  1.8232445600e-04  1.2517509600e-04 -3.4047431240e-03  5.6130092380e-03  2.0082666300e-04  2.8411005290e-03 -2.2555647410e-03 -3.9530059000e-04  2.9802400000e-04  6.0110841400e-04  1.5698060000e-05  5.6184699000e-05 -1.5500070000e-05 -3.5537669000e-05  1.3839571000e-05 -5.5684100000e-07 -6.9658900000e-06 -9.5033660000e-06  1.1389100000e-06 -2.3160231000e-05 -1.5488292000e-05  5.1234300000e-07  8.9718070000e-06 -2.9310838000e-05  2.5560796000e-05 -7.1751040000e-05 -2.1382018300e-04 -4.6917175900e-04  6.0651985000e-05  1.5839435700e-04 -4.8622569000e-05  1.5340356000e-05 -1.7513653000e-04 -3.6409836500e-04  8.9942270000e-06  1.0949842300e-04 -8.5425890000e-06

JOB 10
COORDS  1.5283882222e-01 -3.8100206391e-02 -3.2587604285e-02 -5.6562108475e-01 -1.1304406392e+00  5.4870102473e-01 -1.9855049473e+00 -1.0942512599e+00  5.6226620268e-01 -2.6795538669e+00  1.8807004633e-02  6.4399150835e-03 -1.9563061654e+00  1.1101197497e+00 -5.5590266607e-01 -5.3618611231e-01  1.0985815572e+00 -5.6319705226e-01  1.6781695596e+00 -3.1770830971e-02  8.5734999400e-03  2.3956575885e+00 -8.5486078430e-01 -8.3180990386e-01  2.3373451049e+00  8.5411615655e-01  8.3263079842e-01 -2.2864939017e-02 -1.9907729650e+00  9.8599933961e-01 -2.5495360227e+00 -1.9345818386e+00  1.0117585540e+00 -3.7873233317e+00  3.8517834834e-02  1.6259744561e-02 -2.4981152603e+00  1.9755603379e+00 -9.8468415378e-01  2.9064238583e-02  1.9463949009e+00 -9.9632934183e-01  3.4489656324e+00 -9.1123771113e-01 -8.2644060490e-01  1.8756871214e+00 -1.5072386718e+00 -1.4738125434e+00  3.3877036554e+00  9.4576002598e-01  8.6131450385e-01  1.7748415060e+00  1.4733659194e+00  1.4714550551e+00
ENERGY -3.765360472016e+02
GRADIENT  8.0158627000e-05 -1.4624283590e-03 -6.2531468580e-03 -3.3638845000e-05  1.8271091780e-03  3.3944005160e-03  3.6663298000e-05  4.2858612000e-05 -2.1651309000e-05 -5.9134073000e-05  1.1605089000e-05 -3.0924180000e-06 -7.7464700000e-07 -1.2569650000e-05  2.2054480000e-06  6.7807971000e-05 -1.2433950000e-06  4.7252367000e-05 -5.5228353000e-05 -3.1665867520e-03  5.4500554640e-03  1.0897389000e-05  2.6413224660e-03 -2.5233240610e-03 -2.4100348000e-05 -1.0708191500e-04  1.6640873300e-04  1.4996910000e-05  5.5943750000e-06 -8.3941590000e-06 -6.3808200000e-07  7.8602950000e-06 -3.7590100000e-07 -2.8727780000e-06  7.4066600000e-07 -1.5283370000e-06 -5.2139170000e-06 -4.5883360000e-06  4.2175800000e-07 -4.8394930000e-06 -5.3999360000e-06 -5.0504610000e-06 -1.1637900000e-05  5.3720456000e-05 -1.1268109000e-04  1.4328914000e-05  8.0493765000e-05 -5.3512917000e-05 -5.1396670000e-06  7.2697148000e-05 -4.4645182000e-05  2.1845430000e-06  3.0273656000e-05 -3.3503819000e-05

JOB 11
COORDS  1.5211939691e-01 -3.7662969968e-02 -3.2472302790e-02 -5.6625403647e-01 -1.1302726921e+00  5.4844088917e-01 -1.9861472447e+00 -1.0945454389e+00  5.6228355549e-01 -2.6798245731e+00  1.8835795649e-02  6.6865001085e-03 -1.9566284117e+00  1.1102707175e+00 -5.5559220592e-01 -5.3652820067e-01  1.0992052357e+00 -5.6324365437e-01  1.6775133314e+00 -3.1965824853e-02  7.8067372067e-03  2.3952844606e+00 -8.5424678658e-01 -8.3315857868e-01  2.3369459787e+00  8.5407964183e-01  8.3142983269e-01 -2.3382525563e-02 -1.9907288071e+00  9.8534810499e-01 -2.5501159389e+00 -1.9350440841e+00  1.0115527536e+00 -3.7875903484e+00  3.8659446619e-02  1.6506212743e-02 -2.4986528341e+00  1.9756550400e+00 -9.8420674739e-01  2.8724785284e-02  1.9469671016e+00 -9.9649165795e-01  3.4485240033e+00 -9.1203778305e-01 -8.2409062210e-01  1.8760000166e+00 -1.5092427882e+00 -1.4731063976e+00  3.3874700360e+00  9.4339215783e-01  8.6140638463e-01  1.7749094361e+00  1.4724768916e+00  1.4714986359e+00
ENERGY -3.765360487823e+02
GRADIENT -3.4371585000e-05 -1.3957100700e-03 -6.1001822430e-03 -5.9356233000e-05  1.8786981640e-03  3.3572973970e-03 -5.3798593000e-05 -8.9741895000e-05  3.2101402000e-05  2.2068859000e-05  7.6958890000e-06  2.2314150000e-06  4.9940458000e-05 -7.7932519000e-05  2.2799816000e-05  1.3820529500e-04  1.4788341700e-04 -4.5806357000e-05  4.9951839000e-05 -3.2143573520e-03  5.3987354360e-03 -2.1450720000e-06  2.6869080070e-03 -2.6746350920e-03 -9.2855041000e-05 -6.4599429000e-05  1.0027094400e-04 -7.1547580000e-06 -1.0756370000e-06 -7.3915750000e-06 -4.0952960000e-06 -4.0331360000e-06  4.8903840000e-06  2.9633780000e-06 -1.4260962000e-05  7.2141910000e-06  1.2162031000e-05 -3.1907860000e-06  1.3681410000e-06  5.1708580000e-06  3.9963460000e-06 -1.3428930000e-05  9.2846390000e-06  9.9128986000e-05  1.7367025000e-05 -4.4396340000e-06  3.6099607000e-05 -3.7643971000e-05  4.9228500000e-07 -1.4761320000e-06 -4.9704748000e-05 -8.3958310000e-06  2.0487991000e-05 -1.5828075000e-05

