JOB 0
COORDS  1.6854270000e-01  2.3420000000e-03  1.6186900000e-02 -5.5679760000e-01 -1.2314427000e+00  1.6495210000e-01 -1.9736849000e+00 -1.2253559000e+00  1.6253260000e-01 -2.6845744000e+00  4.8020000000e-04 -1.1706000000e-03 -1.9729837000e+00  1.2261399000e+00 -1.6239030000e-01 -5.5605930000e-01  1.2334814000e+00 -1.5633690000e-01  1.6756099000e+00  1.0953000000e-03 -3.7768000000e-03  2.3857804000e+00 -1.1721238000e+00 -1.8988510000e-01  2.3912819000e+00  1.1670652000e+00  2.0255880000e-01 -2.4093300000e-02 -2.1885505000e+00  3.2600660000e-01 -2.5265592000e+00 -2.1760859000e+00  2.9247920000e-01 -3.7932396000e+00  1.7370000000e-04 -5.5400000000e-03 -2.5254706000e+00  2.1757142000e+00 -3.0195450000e-01 -2.2691100000e-02  2.1899462000e+00 -3.1938440000e-01  3.4376075000e+00 -1.1943977000e+00 -1.9196360000e-01  1.8845569000e+00 -2.0518649000e+00 -4.6702770000e-01  3.4425921000e+00  1.1916619000e+00  1.7583400000e-01  1.8926452000e+00  2.0529019000e+00  4.6404140000e-01
ENERGY -3.765416773994e+02
GRADIENT  7.7373042000e-05  1.4610317100e-04  3.3843465250e-03 -8.9168279000e-05 -5.6529155000e-05 -1.7215802600e-03 -7.9467518000e-05 -1.4143127500e-04  2.1509049000e-05  4.4668924000e-05  4.1602510000e-06 -2.8819480000e-06  3.0887713000e-05 -7.7260979000e-05  1.4453529000e-05  4.8276503000e-05  4.1550571000e-05 -3.2169920000e-05  2.4708651000e-05  3.4089471500e-04 -3.4939573140e-03 -1.6338018000e-05 -2.7773693800e-04  1.8029542720e-03 -2.8644987000e-05  6.9857567000e-05  1.0613448000e-04 -1.4601941000e-05  1.6526264000e-05  6.0161990000e-06 -1.6446841000e-05 -6.1028320000e-06  5.6231140000e-06  2.4386500000e-06 -1.6627195000e-05 -5.2030300000e-07  8.7709430000e-06 -3.0183000000e-07 -1.6776970000e-06  9.7618240000e-06  2.7671300000e-06 -8.1467500000e-06 -1.7601499000e-05 -3.6367347000e-05 -1.4591074000e-05  8.8439630000e-06  1.5628754000e-05 -1.0238561000e-05 -8.3149950000e-06 -3.2210599000e-05 -3.9263834000e-05  5.2239500000e-06  5.5546090000e-06 -1.5654163000e-05

JOB 1
COORDS  1.6809873245e-01 -3.9541755624e-03  4.8392931163e-03 -5.5876457555e-01 -1.2312148695e+00  1.9410510465e-01 -1.9756172237e+00 -1.2195086999e+00  1.9220571859e-01 -2.6845947966e+00  2.9534089317e-03 -2.5936886401e-03 -1.9708051559e+00  1.2232169839e+00 -1.9216803092e-01 -5.5386739007e-01  1.2259535254e+00 -1.8709001362e-01  1.6753075119e+00 -4.6033032625e-03  8.1192523498e-03  2.3911715131e+00 -1.1629190095e+00 -2.3937844356e-01  2.3862756323e+00  1.1568390737e+00  2.5254649548e-01 -2.8453466024e-02 -2.1843992045e+00  3.8397549179e-01 -2.5310235992e+00 -2.1647045390e+00  3.4880517072e-01 -3.7932678926e+00  4.7581652070e-03 -5.6155644298e-03 -2.5209631797e+00  2.1711063525e+00 -3.5110053022e-01 -1.7997901411e-02  2.1778650789e+00 -3.6755597459e-01  3.4431318624e+00 -1.1789274850e+00 -2.4246912119e-01  1.8945773898e+00 -2.0296907148e+00 -5.6205409619e-01  3.4374710529e+00  1.1874967471e+00  2.2720855779e-01  1.8836189212e+00  2.0312037061e+00  5.4331438448e-01
ENERGY -3.765419421807e+02
GRADIENT  2.6330043500e-04  8.4656717000e-05 -2.5304255900e-04 -1.8879625300e-04 -2.3375352100e-04 -5.6266994000e-04  4.1479246700e-04  1.8132004300e-04  7.9487908000e-05 -8.0400421000e-05  4.5443792000e-05 -4.1233210000e-05 -2.8615862000e-05  3.9433502700e-04  8.1458090000e-05 -3.1638183600e-04 -3.1545132000e-04  2.2832429600e-04 -4.0233203900e-04 -5.2338585200e-04  9.6393080600e-04  5.3868961100e-04 -1.2760257000e-04  6.5400688200e-04  2.8707858000e-04  6.9571888000e-05 -5.5490677700e-04 -4.7758166300e-04 -1.3391168600e-04  1.5368195600e-04  2.8254780000e-05  5.5476570000e-06 -6.8545014000e-05 -2.2510521000e-05  4.0292292000e-05 -1.4952398000e-05 -3.7518493000e-05  4.3537390000e-06  1.0088515000e-05 -3.3086480200e-04  1.3035537800e-04  1.8756320600e-04 -6.4609493000e-05  1.7080073800e-04 -2.5635731100e-04  3.3014626700e-04  2.1817949200e-04 -1.9842514600e-04 -1.0926481300e-04  1.2348070000e-05 -2.6241167000e-05  1.9542757500e-04 -2.4291092000e-05 -3.8588240600e-04

JOB 2
COORDS  1.6839204167e-01  3.3368967974e-03 -3.2033320229e-03 -5.5011311205e-01 -1.2232534164e+00  2.1515526909e-01 -1.9672037975e+00 -1.2206025212e+00  2.1701465956e-01 -2.6774400169e+00 -3.0356457183e-03 -2.1285308054e-03 -1.9684811734e+00  1.2160438028e+00 -2.1807874493e-01 -5.5145771243e-01  1.2303839205e+00 -2.1504151941e-01  1.6742509654e+00  4.1317648812e-03  7.3576235679e-03  2.3720220036e+00 -1.1553201024e+00 -2.8193775831e-01  2.3898377258e+00  1.1525486277e+00  2.9542321011e-01 -1.0016148963e-02 -2.1674839212e+00  4.2233613503e-01 -2.5189407288e+00 -2.1640684497e+00  3.9570471040e-01 -3.7860834065e+00 -4.0239991776e-03 -3.0925743784e-03 -2.5243497482e+00  2.1572972197e+00 -3.9531597669e-01 -1.6753912309e-02  2.1788516341e+00 -4.1660269396e-01  3.4234197903e+00 -1.1960008709e+00 -2.8097888593e-01  1.8577694487e+00 -2.0024662049e+00 -6.2939413958e-01  3.4413371518e+00  1.1807860682e+00  2.7372812000e-01  1.8893794941e+00  2.0147424927e+00  6.2483153340e-01
ENERGY -3.765420538378e+02
GRADIENT -4.5056592600e-04 -1.4545998720e-03 -1.6094362010e-03  2.3418893500e-04  2.2641388200e-04 -2.9210897000e-05 -3.0771220300e-04 -7.9277800800e-04  2.3955023000e-04  3.0558391300e-04  6.8457146000e-05 -4.9233540000e-05  4.7276491500e-04 -6.6562618700e-04  2.1954172900e-04  9.5139372300e-04  1.4703045760e-03  1.7832342900e-04 -5.4221705000e-04  1.2816707900e-03  1.5268839560e-03 -1.1261277860e-03 -6.1403981400e-04  4.3247497200e-04  5.3861085100e-04  7.5485923000e-04 -1.8273844300e-04 -2.0944464500e-04 -1.9610853000e-04 -4.8697094000e-05  9.0977430000e-06 -7.0657686000e-05 -4.0214148000e-05  8.7932530000e-06 -1.0736270800e-04  1.0742706000e-05  1.7485403800e-04  1.7522894000e-05  7.7126760000e-06 -3.4402243800e-04  2.9187712400e-04 -1.6417540000e-06 -1.4868132100e-04 -1.5584496600e-04 -4.0718179000e-04  2.1175325300e-04 -1.6508653100e-04 -8.1416064000e-05 -1.1186920900e-04  1.3133666400e-04  1.1828806000e-05  3.3968939800e-04 -1.9887711000e-05 -1.7601145400e-04

JOB 3
COORDS  1.6867280078e-01 -3.4831829307e-03 -1.2835458815e-02 -5.5080256329e-01 -1.2198592928e+00  2.4852086765e-01 -1.9683248216e+00 -1.2079637915e+00  2.5446442194e-01 -2.6786715552e+00  2.9429847766e-03  3.0070673442e-04 -1.9680782283e+00  1.2135283387e+00 -2.5466176928e-01 -5.5056601510e-01  1.2175955778e+00 -2.5293150918e-01  1.6744131140e+00 -3.3887191765e-03  3.8765895591e-03  2.3838057205e+00 -1.1382444161e+00 -3.4642631024e-01  2.3779382092e+00  1.1341626349e+00  3.5369236165e-01 -9.8853304033e-03 -2.1571077607e+00  4.8372478855e-01 -2.5229882498e+00 -2.1427460820e+00  4.6645854389e-01 -3.7872900866e+00  3.9626792902e-03  3.7654079492e-03 -2.5205926596e+00  2.1514422311e+00 -4.5849576218e-01 -8.5547440302e-03  2.1550800530e+00 -4.8417914766e-01  3.4354314203e+00 -1.1768388417e+00 -3.3377684917e-01  1.8748653178e+00 -1.9697109169e+00 -7.3766184466e-01  3.4293895044e+00  1.1741306417e+00  3.3688043881e-01  1.8667220778e+00  1.9685935975e+00  7.3547306949e-01
ENERGY -3.765421165864e+02
GRADIENT  5.8594241900e-04 -1.7484523800e-04 -2.8255081700e-03  5.2174049700e-04  1.3232877400e-04  8.4032208600e-04  2.8499804400e-04  3.0543330000e-04 -1.4658903500e-04 -2.0041217200e-04 -4.7122495000e-05 -1.5108135000e-05 -2.5976151100e-04  7.8253086500e-04 -2.0258945200e-04 -1.9106509900e-04 -7.9585658400e-04  1.0175782720e-03 -1.3100431570e-03 -6.4668211000e-05  2.1242798680e-03  7.3645854000e-04  2.7532636900e-04  9.8269167000e-05  5.9114650000e-05 -2.4290108800e-04 -4.3247274500e-04 -1.0424163300e-04 -6.6882228000e-05  1.5001908300e-04  5.4244993000e-05  1.7227065000e-05 -2.5658348000e-05 -1.8494823000e-05  8.4904605000e-05  1.9368186000e-05 -6.5165013000e-05  1.6768563000e-05 -1.9876050000e-06 -3.2989402000e-04  3.7263560000e-05 -6.6358152000e-05 -2.6908599000e-05 -2.9758092900e-04 -4.7080169800e-04  1.8338241600e-04  6.5259774000e-05 -1.0144492100e-04 -8.5129386000e-05 -2.2825072000e-05 -2.3540422000e-05  1.8276200200e-04 -2.0357840000e-06  6.1328782000e-05

JOB 4
COORDS  1.6766613860e-01 -1.5011703035e-03 -8.9004720166e-03 -5.5296388955e-01 -1.2175525947e+00  2.5254290494e-01 -1.9704634633e+00 -1.2092744368e+00  2.6035006220e-01 -2.6776931303e+00  2.2953031158e-03  2.1665714022e-03 -1.9650410904e+00  1.2104920517e+00 -2.5842053320e-01 -5.4757058939e-01  1.2197900867e+00 -2.5786969833e-01  1.6741110314e+00 -3.6631271999e-03  2.4396704171e-04  2.3819228759e+00 -1.1368220507e+00 -3.5634334801e-01  2.3768088543e+00  1.1313570788e+00  3.5977771207e-01 -9.8608641070e-03 -2.1536966634e+00  4.8681026417e-01 -2.5252025308e+00 -2.1434816182e+00  4.7490926487e-01 -3.7862847049e+00  5.1554266677e-03  4.9978536985e-03 -2.5184889927e+00  2.1467709861e+00 -4.6694911810e-01 -3.4063266388e-03  2.1549838135e+00 -4.9395717869e-01  3.4336177960e+00 -1.1711444839e+00 -3.3454506988e-01  1.8746682285e+00 -1.9678178217e+00 -7.5108212516e-01  3.4282805300e+00  1.1748570917e+00  3.4434238263e-01  1.8625024325e+00  1.9609936221e+00  7.4822138534e-01
ENERGY -3.765421399166e+02
GRADIENT -2.9048298000e-05  1.9392880700e-04 -1.4750214280e-03 -2.7209684900e-04  6.1637574200e-04  5.0685427100e-04 -3.4048963700e-04 -6.0029022100e-04  6.5973315000e-05 -7.1853482000e-05  2.1234387000e-05  1.7113730000e-06  3.6687401000e-04 -6.9916797100e-04  7.8187125000e-05  4.8057802500e-04  6.8268255900e-04  2.9070077300e-04 -2.1995795000e-04  5.4897374000e-05  9.6983007200e-04  3.0364738000e-05 -3.8459857600e-04 -1.6773988000e-04  4.1383107000e-05 -3.7227891800e-04 -3.3671993000e-04 -1.3771363900e-04  5.3923150000e-06  2.1463049000e-05 -5.9089853000e-05 -1.8350186000e-05  1.6901667000e-05 -7.4914880000e-06 -9.9523702000e-05  2.6546992000e-05  8.3898389000e-05 -2.0945959000e-05  3.0121959000e-05  7.9565980000e-05  4.9381580000e-05 -8.5377144000e-05  3.2545824000e-05  4.7832316500e-04 -1.2592386000e-05  1.8697574000e-05 -1.0574999000e-05 -1.2491776100e-04  6.7416600000e-06  8.3875475000e-05  8.2414567000e-05  1.5337466000e-05  2.1590356000e-05  1.1125518800e-04

JOB 5
COORDS  1.6808738613e-01 -7.9552483713e-04 -3.2112106981e-03 -5.4857029513e-01 -1.2192428329e+00  2.5706015691e-01 -1.9660031759e+00 -1.2076990454e+00  2.6349065039e-01 -2.6753060930e+00  2.0349394990e-03  2.0381606092e-03 -1.9665557898e+00  1.2113649260e+00 -2.6270845087e-01 -5.4912728513e-01  1.2178248278e+00 -2.6032035837e-01  1.6749910102e+00  8.9739778989e-06  1.7587820308e-04  2.3756940409e+00 -1.1346067390e+00 -3.6410292491e-01  2.3780536553e+00  1.1332146590e+00  3.6560673295e-01 -3.7730996010e-03 -2.1545916611e+00  4.9081805400e-01 -2.5210621152e+00 -2.1414984968e+00  4.7885115068e-01 -3.7838750965e+00  2.3574351095e-03  3.9068934580e-03 -2.5206157095e+00  2.1463446242e+00 -4.7564673564e-01 -3.2781590220e-03  2.1514054488e+00 -4.9877145657e-01  3.4268601023e+00 -1.1817741862e+00 -3.3995699998e-01  1.8600175552e+00 -1.9610811369e+00 -7.5754009097e-01  3.4295369704e+00  1.1775869862e+00  3.4829671811e-01  1.8630445459e+00  1.9603835214e+00  7.5845943079e-01
ENERGY -3.765421473052e+02
GRADIENT -2.5595064600e-04 -2.2175773900e-04 -4.2961428900e-04  2.1236481700e-04 -7.1389764000e-04  5.2335222200e-04  6.8323736000e-05  4.4848171300e-04 -8.7340152000e-05  2.9244052000e-04 -8.7388667000e-05  5.2283467000e-05 -2.2478946900e-04  3.1455067100e-04 -1.0339227700e-04 -1.6450793000e-04 -9.8316154000e-05 -6.0109068000e-05  3.9036365900e-04  1.1374956300e-04  3.1476373300e-04 -6.0229115700e-04 -2.8331666600e-04 -1.2771531800e-04  3.0102711000e-05  3.4972873400e-04  1.6437638000e-05  1.5475102600e-04 -1.7616428000e-05 -1.4361485200e-04  6.1929946000e-05  1.9777010000e-06  2.4022237000e-05  2.2015598000e-05  5.5295394000e-05 -3.8975727000e-05 -1.2167394000e-05  4.1442691000e-05  2.9204521000e-05  6.3757832000e-05 -3.6631921000e-05 -7.3995610000e-05 -4.6666130000e-06  1.1694493600e-04 -8.8358000000e-08 -5.4372113000e-05 -4.2234856000e-05 -1.1510022300e-04  4.8924283000e-05  6.1907756000e-05  1.0035636800e-04 -9.3114800000e-06 -2.6138310000e-06  1.1923202300e-04

JOB 6
COORDS  1.6865259099e-01 -3.5610828972e-04 -3.0905856617e-03 -5.5091100888e-01 -1.2171625407e+00  2.5612602651e-01 -1.9683939075e+00 -1.2083395894e+00  2.6181939494e-01 -2.6778599144e+00  1.4785319679e-03  1.1346982546e-03 -1.9668463289e+00  1.2101420328e+00 -2.6093791928e-01 -5.4934679929e-01  1.2182469375e+00 -2.5806234069e-01  1.6756291150e+00 -8.7934478154e-04  1.4238577244e-03  2.3792849272e+00 -1.1341145166e+00 -3.6196708084e-01  2.3786506357e+00  1.1332185173e+00  3.6346854941e-01 -7.0708249863e-03 -2.1527977344e+00  4.9082357939e-01 -2.5226986727e+00 -2.1429111345e+00  4.7584549154e-01 -3.7864495625e+00  2.4076013938e-03  2.2329798370e-03 -2.5205654565e+00  2.1455053507e+00 -4.7296584026e-01 -4.9795910043e-03  2.1532461606e+00 -4.9410844294e-01  3.4303678203e+00 -1.1835362600e+00 -3.3937503447e-01  1.8635931616e+00 -1.9617002220e+00 -7.5277775492e-01  3.4300891617e+00  1.1761990920e+00  3.4397243530e-01  1.8646701479e+00  1.9625204157e+00  7.5294536181e-01
ENERGY -3.765421534019e+02
GRADIENT  2.9939296100e-04 -5.1256713000e-05 -5.9880512100e-04 -2.3976947200e-04  3.4600723400e-04  3.2771011300e-04 -1.8830716000e-05 -8.3847697000e-05  1.3834499000e-05 -1.6128990400e-04  2.3338938000e-05  1.4924839000e-05  8.1694076000e-05 -1.6101587200e-04  2.0889281000e-05 -1.2172903800e-04 -3.2802529000e-05 -2.5027182000e-05 -1.0694782500e-04 -2.2921144300e-04  5.3401521400e-04  2.8886850800e-04  4.1497770600e-04  6.2598273000e-05 -6.4706610000e-05  1.8263125800e-04 -7.4050864000e-05  3.4491236000e-05  5.1776008000e-05 -6.2181076000e-05 -3.4748084000e-05  9.7440970000e-06  1.5108100000e-07 -9.8322660000e-06 -1.7378358000e-05 -4.7761850000e-06 -1.3553948000e-05 -1.9131379000e-05  1.6267239000e-05  5.3488685000e-05 -5.1898450000e-05 -8.7254540000e-06  3.3692180000e-06 -3.6424933400e-04 -2.0337060000e-04  9.1614960000e-06  9.5212110000e-05 -1.0074545900e-04  2.1379749000e-05 -8.6028399000e-05  2.8481114000e-05 -3.9090090000e-06 -2.6712572000e-05  5.8539540000e-05

JOB 7
COORDS  1.6742136352e-01 -1.5692410505e-03 -3.5778053067e-03 -5.5168173364e-01 -1.2186439633e+00  2.5545863460e-01 -1.9691160265e+00 -1.2085176109e+00  2.6047887215e-01 -2.6773718798e+00  2.2598491849e-03  5.9262944270e-04 -1.9664271913e+00  1.2114112615e+00 -2.5962159186e-01 -5.4897104468e-01  1.2184972951e+00 -2.5635844723e-01  1.6741949840e+00 -2.7315666249e-03  1.7306217881e-03  2.3798602495e+00 -1.1350148162e+00 -3.6080616611e-01  2.3771004513e+00  1.1320829306e+00  3.6129318454e-01 -8.7751674171e-03 -2.1546662127e+00  4.9093233761e-01 -2.5242703399e+00 -2.1427822207e+00  4.7361701901e-01 -3.7859584587e+00  3.6989800943e-03  1.5994283164e-03 -2.5197082917e+00  2.1472986840e+00 -4.7049483617e-01 -4.3181727065e-03  2.1538078800e+00 -4.9050247687e-01  3.4312291939e+00 -1.1765138503e+00 -3.3668843281e-01  1.8684093285e+00 -1.9662548175e+00 -7.4942565844e-01  3.4284127153e+00  1.1762450567e+00  3.4033582945e-01  1.8629897296e+00  1.9625564628e+00  7.4799627367e-01
ENERGY -3.765421557640e+02
GRADIENT -1.5725654200e-04  2.4898670000e-06 -8.5246419300e-04  5.8376540000e-05  1.1832599800e-04  4.0259934900e-04  1.2504311000e-05 -1.0505532800e-04  3.2294340000e-06  7.5679015000e-05  3.1854092000e-05 -4.2863510000e-06 -4.4963290000e-06  3.0455681000e-05 -5.1867620000e-06  8.5557280000e-05  1.0538341900e-04  3.6975839000e-05 -7.7714500000e-06 -2.1915385300e-04  8.5556527500e-04  3.8872443000e-05 -1.3610837000e-05 -2.2635740400e-04 -7.5012682000e-05 -6.6392847000e-05 -1.8831216300e-04 -3.5957251000e-05 -2.3746838000e-05  3.7050714000e-05  9.6396590000e-06 -1.4058499000e-05 -7.5505640000e-06  7.1786390000e-06 -3.5549090000e-06  9.7283910000e-06  1.1320485000e-05  5.1600570000e-06 -8.2476970000e-06 -2.0933428000e-05  2.1448831000e-05  2.2234893000e-05  2.0671029000e-05  1.6185500800e-04 -3.7234713000e-05  1.3359385000e-05  2.3115836000e-05 -9.6596489000e-05 -1.0673468000e-05 -3.9805504000e-05  2.8079207000e-05 -4.2669310000e-06 -1.3624688000e-05  3.0368466000e-05

JOB 8
COORDS  1.6786330022e-01 -1.0448483207e-03 -2.8932405878e-03 -5.5127312170e-01 -1.2181861060e+00  2.5588697886e-01 -1.9687593531e+00 -1.2082013980e+00  2.6094106267e-01 -2.6779495556e+00  1.8735967427e-03  6.0054554052e-04 -1.9669440207e+00  1.2108175227e+00 -2.6021184293e-01 -5.4946341205e-01  1.2181738923e+00 -2.5686991546e-01  1.6747449545e+00 -1.6858897539e-03  1.4512339273e-03  2.3785197662e+00 -1.1346159980e+00 -3.6249403157e-01  2.3782308043e+00  1.1324114963e+00  3.6249694311e-01 -8.0844918141e-03 -2.1540677953e+00  4.9121724186e-01 -2.5235523139e+00 -2.1426112825e+00  4.7435123522e-01 -3.7865406382e+00  2.9018476860e-03  1.4785720800e-03 -2.5203276698e+00  2.1464962508e+00 -4.7173451543e-01 -4.9810655559e-03  2.1534217301e+00 -4.9168788804e-01  3.4297214533e+00 -1.1792842786e+00 -3.3706314951e-01  1.8650335129e+00 -1.9654154630e+00 -7.4936953059e-01  3.4295147215e+00  1.1773854368e+00  3.4087683559e-01  1.8639859662e+00  1.9626029692e+00  7.4965438522e-01
ENERGY -3.765421574146e+02
GRADIENT  4.7831673000e-05 -9.7825083000e-05 -7.0238727500e-04 -5.6027800000e-07  7.3063979000e-05  3.5918418500e-04  5.3790609000e-05  8.0309303000e-05 -1.6544616000e-05 -1.3067107700e-04 -2.1306630000e-06 -1.7852150000e-06  4.1590276000e-05 -4.2070958000e-05  1.8630079000e-05 -2.1590262000e-05 -2.8270052000e-05 -8.7493520000e-06  7.1908863000e-05 -8.3451994000e-05  7.0935937900e-04 -1.1681382400e-04 -3.5988463000e-05 -2.4220527200e-04  5.5444949000e-05  6.5396400000e-07 -1.2015724700e-04  1.3590112000e-05  7.0986490000e-06 -3.8173190000e-06 -4.0617870000e-06  1.1669208000e-05 -6.4426760000e-06 -8.8692490000e-06  2.7718820000e-06  6.7391100000e-07 -7.4111210000e-06 -9.7329340000e-06  1.8965020000e-06  5.5935050000e-06 -7.4342420000e-06  9.6981330000e-06  3.9573380000e-06  1.0254543600e-04 -2.6641530000e-05  5.3807200000e-06  6.6488480000e-06 -7.1694106000e-05  1.6270480000e-06  4.7489304000e-05  5.5664452000e-05  5.4085880000e-06 -2.4790147000e-05  4.5078472000e-05

JOB 9
COORDS  1.6736589975e-01 -6.3977211315e-04 -2.2600312171e-03 -5.5126969137e-01 -1.2182127689e+00  2.5617992581e-01 -1.9687424806e+00 -1.2087236502e+00  2.6128752216e-01 -2.6772440183e+00  1.6482344776e-03  5.8937039084e-04 -1.9672380777e+00  1.2110885575e+00 -2.6058748391e-01 -5.4977911309e-01  1.2184990384e+00 -2.5709230571e-01  1.6743070021e+00 -1.0948832262e-03  1.1690213785e-03  2.3778361679e+00 -1.1337445573e+00 -3.6397759425e-01  2.3776657499e+00  1.1327159759e+00  3.6336045727e-01 -7.6447333033e-03 -2.1538918101e+00  4.9128803801e-01 -2.5236016409e+00 -2.1431066369e+00  4.7469185493e-01 -3.7858200727e+00  2.4910246601e-03  1.2904537914e-03 -2.5209732797e+00  2.1464945043e+00 -4.7243654550e-01 -5.0753165148e-03  2.1535639499e+00 -4.9218898400e-01  3.4288124184e+00 -1.1823637632e+00 -3.3664358757e-01  1.8625993646e+00 -1.9648137220e+00 -7.4787193298e-01  3.4289348830e+00  1.1774619552e+00  3.4011463747e-01  1.8635480256e+00  1.9633278085e+00  7.4982607580e-01
ENERGY -3.765421577026e+02
GRADIENT -3.3674536000e-05 -2.2994635000e-05 -5.3568365100e-04 -2.4224492000e-05  4.4963477000e-05  3.2098476500e-04 -1.2093178100e-04 -1.0390411400e-04  3.3775515000e-05  2.7176482900e-04 -1.7228512000e-05 -1.0963160000e-06 -9.9614859000e-05  1.3279322500e-04 -2.1690832000e-05 -3.5036741000e-05 -4.7573899000e-05 -5.4713523000e-05 -2.9880404000e-05 -1.6059571000e-04  5.2719892900e-04  6.5655279000e-05  2.0265844900e-04 -1.8977180600e-04 -3.6433315000e-05  9.9626045000e-05 -2.1992869000e-05  1.0689104000e-05  9.5627740000e-06 -2.1828436000e-05  4.1547580000e-06 -1.6233894000e-05  4.0018840000e-06  2.1988777000e-05  1.3631300000e-07 -3.4732070000e-06  4.7109450000e-06  1.9333592000e-05  7.1280900000e-07  1.1853663000e-05 -1.1688730000e-06  4.1064050000e-06  2.2648300000e-06 -1.3178972200e-04 -7.4668586000e-05 -4.8954960000e-06  2.7998964000e-05 -3.2507477000e-05  1.9049006000e-05 -3.4553710000e-05  1.8223216000e-05 -1.1808005000e-05 -9.9757800000e-07  4.8341595000e-05

