JOB 0
COORDS  1.5419170000e-01  3.8396400000e-02 -3.1490500000e-02 -5.6241170000e-01 -7.8666970000e-01 -9.6241530000e-01 -1.9801702000e+00 -8.0749470000e-01 -9.2802000000e-01 -2.6841636000e+00 -9.2552000000e-03  2.1247200000e-02 -1.9720679000e+00  8.0590430000e-01  9.5030880000e-01 -5.5415100000e-01  8.2331630000e-01  9.3943540000e-01  1.6639234000e+00  1.7419800000e-02 -2.3829600000e-02  2.3540969000e+00 -5.4598200000e-02  1.1703192000e+00  2.3664712000e+00  5.7695000000e-03 -1.2128442000e+00 -1.4567300000e-02 -1.4251069000e+00 -1.6826045000e+00 -2.5372823000e+00 -1.4513127000e+00 -1.6362881000e+00 -3.7923355000e+00 -2.5141000000e-02  3.9566100000e-02 -2.5238827000e+00  1.4272584000e+00  1.6823645000e+00 -1.4250000000e-03  1.4705406000e+00  1.6481140000e+00  3.4049695000e+00 -1.1813600000e-02  1.2249207000e+00  1.8187872000e+00 -1.1031280000e-01  2.0733445000e+00  3.4149214000e+00 -8.1921000000e-02 -1.2564995000e+00  1.8481423000e+00  1.2219120000e-01 -2.1198938000e+00
ENERGY -3.765411559263e+02
GRADIENT  8.6643454000e-05  1.7494050390e-03 -2.9643310650e-03 -1.1837864400e-04 -2.0153861420e-03  1.9912088190e-03 -1.8849734500e-04 -2.0107385900e-04 -2.1300046200e-04  4.2633231700e-04  1.2041570000e-06 -7.9864080000e-06 -1.3887277400e-04  1.5354239000e-04  1.8363661800e-04 -6.0442387000e-05 -7.1061949000e-05 -4.1805924000e-05 -1.0786817500e-04  3.3249831470e-03  1.1397992620e-03  5.1279223000e-05 -3.0820685010e-03 -1.3518053900e-04  8.5117815000e-05  1.4456262800e-04  2.3270684600e-04 -2.0015487000e-05  5.8266200000e-06 -2.5764120000e-06  3.9913080000e-06 -2.1585670000e-05 -2.6782616000e-05  3.3590106000e-05 -1.7025140000e-06 -5.8900830000e-06  9.5759210000e-06  1.8811133000e-05  2.6686914000e-05 -2.6851781000e-05  2.4860456000e-05 -7.2926880000e-06  2.2132187000e-05  4.7508406000e-05 -9.8927527000e-05 -1.4083127000e-05  3.3126827000e-05  6.8006150000e-06 -5.7505320000e-06 -5.3660963000e-05 -6.7372434000e-05 -1.1146642000e-05 -6.0616448000e-05  1.3796427000e-05

JOB 1
COORDS  1.5436582853e-01  1.2308990456e-02 -1.8732931473e-02 -5.6502756157e-01 -7.7565998777e-01 -9.7902073389e-01 -1.9831051982e+00 -7.8230631979e-01 -9.4908621483e-01 -2.6869347669e+00 -3.5182873626e-03  1.6345543562e-02 -1.9686849927e+00  7.8231351454e-01  9.6568195464e-01 -5.5054136685e-01  7.8750007611e-01  9.6232914198e-01  1.6641630931e+00 -3.7913134533e-03 -2.0376821941e-02  2.3599138353e+00  2.1579555223e-04  1.1727197401e+00  2.3605458254e+00 -4.2088164215e-02 -1.2126057813e+00 -2.0504319864e-02 -1.3973044778e+00 -1.7162474025e+00 -2.5428687140e+00 -1.4009811629e+00 -1.6773192357e+00 -3.7953338317e+00 -9.2009500337e-03  2.9286793298e-02 -2.5174898748e+00  1.3932743472e+00  1.7086092208e+00  4.8783039980e-03  1.4161078119e+00  1.6855226442e+00  3.4098683278e+00  6.4845849406e-02  1.2228480996e+00  1.8279845758e+00 -1.8971399969e-02  2.0792360587e+00  3.4104136134e+00 -1.0998577705e-01 -1.2574646511e+00  1.8363066112e+00  3.5045626583e-02 -2.1204653331e+00
ENERGY -3.765416820821e+02
GRADIENT -1.6604685630e-03  1.1848987470e-03 -7.7628757300e-04  8.7175275000e-04 -1.9227492460e-03  4.9198981900e-04  3.0100916700e-04  7.6333388700e-04  1.0341990730e-03 -1.1261027230e-03 -5.7094169000e-05 -3.6411693000e-05  2.9833370600e-04 -5.3193237900e-04 -7.3275663500e-04  5.6484130600e-04  7.3402717500e-04 -4.2008030000e-06  9.4496195000e-04  5.1171591000e-05  2.5705120200e-04 -3.5159443500e-04 -1.9853475700e-03 -2.3101951400e-04 -3.4637026000e-04  7.6807094600e-04  3.1335920000e-06  2.6909714500e-04  2.7913926700e-04 -1.8566348900e-04  6.5480559000e-05  5.6418960000e-06  9.3109432000e-05 -6.2085869000e-05  1.7208560000e-05 -2.2359680000e-06  6.5215560000e-06 -8.2201275000e-05 -5.0122084000e-05  2.8419247700e-04 -4.5833163000e-05 -3.0530718000e-05  1.6379092700e-04  1.8285775600e-04  1.8561004200e-04 -2.1393397700e-04  4.6700975600e-04  1.3967440600e-04  1.6844447100e-04  2.2523518000e-05  1.8129333000e-05 -1.6448852900e-04  1.5108522900e-04 -1.6377293900e-04

JOB 2
COORDS  1.5527257735e-01  3.8580785708e-03 -9.3357673699e-03 -5.6991804540e-01 -7.5909888768e-01 -9.8634083885e-01 -1.9878541653e+00 -7.6540762237e-01 -9.7154303897e-01 -2.6847057337e+00 -5.8101788090e-05  9.7391381549e-03 -1.9743181917e+00  7.6660384753e-01  9.8058214399e-01 -5.5643530873e-01  7.6379590400e-01  9.7965861245e-01  1.6647400608e+00 -5.5708334985e-03 -1.4456881967e-02  2.3728484381e+00  4.4104866724e-02  1.1705014819e+00  2.3562800344e+00 -7.9918575950e-02 -1.2079725814e+00 -2.5611511047e-02 -1.3714817033e+00 -1.7311876139e+00 -2.5469116332e+00 -1.3666375777e+00 -1.7150012079e+00 -3.7930768438e+00 -7.9421118709e-04  1.7879936782e-02 -2.5249807012e+00  1.3663076722e+00  1.7314555086e+00 -4.1740629656e-03  1.3795150271e+00  1.7159824212e+00  3.4228702320e+00  1.1420575170e-01  1.2026798778e+00  1.8539842172e+00  4.0497986510e-02  2.0843769432e+00  3.4061644815e+00 -1.4271430612e-01 -1.2541126893e+00  1.8285851861e+00 -3.9490602200e-02 -2.1158114203e+00
ENERGY -3.765418872045e+02
GRADIENT  8.5241975600e-04  4.4982784500e-04 -8.0830476700e-04 -1.1181349290e-03  6.4802378000e-04  2.7155871610e-03 -1.9991060770e-03 -1.6475648370e-03 -2.0980641840e-03  3.2209745410e-03 -4.0247415000e-05 -1.9393581000e-05 -1.4416722190e-03  1.2311622180e-03  1.4969765460e-03 -8.2562387100e-04 -7.1391909000e-04 -1.7226978820e-03  1.5087080840e-03  4.9217647400e-04  6.3163041400e-04  2.5422734300e-04 -1.7247532840e-03 -3.0869801100e-04 -3.6772051000e-04  6.0008428000e-04  3.8397706400e-04 -3.5050043000e-05  3.7824948500e-04  8.3565667000e-05 -1.1766072600e-04 -1.8327005100e-04 -1.7002441400e-04  2.7296585900e-04 -3.6499889000e-05 -4.6044320000e-05 -4.4983977000e-05  1.4743055200e-04  1.5530995500e-04 -2.6922960000e-06 -1.3326215100e-04 -1.9609190200e-04  1.4178549900e-04  2.2615756800e-04 -1.0906851200e-04 -2.2027765400e-04  2.9680893000e-04  6.4991000000e-08  1.0941220400e-04  4.4146953000e-05  4.1040617000e-05 -1.7663855100e-04 -3.2894766000e-05 -2.9714294000e-05

JOB 3
COORDS  1.5434915867e-01 -1.2366978587e-02 -1.2189956414e-03 -5.6787686641e-01 -7.4194738132e-01 -1.0063721143e+00 -1.9853957873e+00 -7.3326136626e-01 -9.9039175970e-01 -2.6900814102e+00  5.2867404146e-03  6.2567144924e-03 -1.9720784757e+00  7.3758669717e-01  9.9789265399e-01 -5.5452721086e-01  7.2915881729e-01  1.0047471125e+00  1.6620921654e+00 -1.1857746841e-02 -1.1930066967e-02  2.3739404429e+00  1.0910247206e-01  1.1660387933e+00  2.3522924679e+00 -1.3353389883e-01 -1.2029711387e+00 -2.7930881354e-02 -1.3411791624e+00 -1.7651962913e+00 -2.5451816773e+00 -1.3083774957e+00 -1.7534680248e+00 -3.7986720677e+00  1.1352392064e-02  9.4342738886e-03 -2.5207215465e+00  1.3212527998e+00  1.7625952288e+00 -3.9502050149e-03  1.3253198153e+00  1.7583478540e+00  3.4231722820e+00  1.8922675165e-01  1.1860514776e+00  1.8628097414e+00  1.3193020504e-01  2.0835612795e+00  3.4024637512e+00 -1.8647239424e-01 -1.2480420576e+00  1.8235835666e+00 -1.4395765319e-01 -2.1106029497e+00
ENERGY -3.765421047298e+02
GRADIENT -1.4222373470e-03 -4.5205467100e-04  3.2619397400e-04  7.6871686900e-04 -6.9380706800e-04 -8.0245208800e-04  5.3532043800e-04  7.0024214700e-04  7.8767473600e-04 -1.0488927800e-03 -7.6026174000e-05  1.1227180000e-06  4.4116433000e-04 -3.4646774200e-04 -5.4378328900e-04  4.5891689600e-04  7.1786989100e-04  2.1833867100e-04  1.1108768170e-03  6.4857983000e-05  1.2197566100e-04 -4.6623125400e-04 -9.8427258500e-04  3.6546959200e-04 -5.0730292500e-04  4.8641383600e-04 -9.4249331000e-05  3.1480661200e-04  1.4429906300e-04 -7.4107807000e-05  6.0732948000e-05  2.3448816000e-05  7.6873278000e-05 -7.7976913000e-05  1.3858069000e-05  4.2986962000e-05  1.4945077000e-05  1.6050603000e-05 -8.4153710000e-05  1.9302261800e-04 -3.4734764000e-05  3.4451667000e-05  1.3398036000e-05  3.2436361000e-04 -3.9938043800e-04 -2.2994767300e-04  2.6898008400e-04  1.6002426000e-05  2.3647647000e-05 -9.7224100000e-07 -2.9372071000e-05 -1.7583810600e-04 -1.7198245300e-04  3.5699222000e-05

JOB 4
COORDS  1.5617839520e-01 -5.4522921623e-03 -6.7930444372e-03 -5.7210443389e-01 -7.3569769521e-01 -1.0078502009e+00 -1.9895070234e+00 -7.3142483477e-01 -9.9095479109e-01 -2.6930590698e+00  3.8622774317e-03  8.6968255666e-03 -1.9737113917e+00  7.3381672827e-01  1.0008952100e+00 -5.5612940319e-01  7.2882113407e-01  1.0026580448e+00  1.6637621181e+00 -6.1002993873e-03 -1.6853986681e-02  2.3738771522e+00  1.1782594049e-01  1.1623855113e+00  2.3598429723e+00 -1.3914513115e-01 -1.2037407023e+00 -3.5505935321e-02 -1.3369162586e+00 -1.7673717539e+00 -2.5491832215e+00 -1.3069564281e+00 -1.7538422577e+00 -3.8016441495e+00  7.5871405476e-03  1.4781921549e-02 -2.5211863241e+00  1.3128007811e+00  1.7699839303e+00 -7.3498676605e-03  1.3242756938e+00  1.7580279255e+00  3.4235290690e+00  1.8772838328e-01  1.1915320332e+00  1.8596257007e+00  1.3917241694e-01  2.0779744511e+00  3.4100504232e+00 -1.9652683128e-01 -1.2400686155e+00  1.8383035119e+00 -1.5041099838e-01 -2.1153697128e+00
ENERGY -3.765421337883e+02
GRADIENT  6.0526529500e-04 -1.9575032600e-04  9.7263224000e-05 -4.5372311900e-04  1.1765520300e-04  3.8155648100e-04  2.1528775300e-04  1.3811824900e-04  8.7225404000e-05 -6.3526529100e-04  9.9404980000e-06  1.5279464000e-05  1.9517886700e-04 -1.7320208900e-04 -2.2920159300e-04 -2.6529124800e-04 -2.5619370000e-06 -3.4490233700e-04  3.4894717600e-04  6.5276098400e-04  1.2786880000e-04  2.1081639100e-04 -9.4392270500e-04 -3.5126518700e-04  6.4741140000e-06  3.1538987300e-04 -3.1388853300e-04 -3.1349690000e-06 -2.8152684000e-05  1.1389833900e-04 -7.1177356000e-05  3.7751384000e-05  4.4657731000e-05 -4.8723998000e-05 -1.4044923000e-05  6.3636750000e-06 -5.3334120000e-05 -8.6982030000e-06 -6.7537116000e-05  6.1393951000e-05 -1.2410147600e-04 -1.0919757000e-05 -5.1457034000e-05  2.5893309100e-04  3.4542461800e-04 -3.7596751000e-05  1.6857266800e-04 -1.1711995000e-04  2.6848890000e-06 -5.9554514000e-05  1.1436487400e-04 -1.7549176000e-05 -1.4803731900e-04  1.0080123200e-04

JOB 5
COORDS  1.5298148160e-01  1.5334188517e-03 -1.0679751861e-02 -5.7173088330e-01 -7.3222844171e-01 -1.0121777659e+00 -1.9888528371e+00 -7.3197750983e-01 -9.9353822963e-01 -2.6881629102e+00  2.1010704396e-03  1.0017693390e-02 -1.9742090127e+00  7.3359253754e-01  1.0050050703e+00 -5.5685939081e-01  7.3249344549e-01  1.0034618105e+00  1.6597728683e+00 -2.2297653185e-03 -1.7962142033e-02  2.3701015416e+00  1.2450121985e-01  1.1612727845e+00  2.3595703899e+00 -1.4512488679e-01 -1.2017371544e+00 -3.4454310405e-02 -1.3328935478e+00 -1.7717412507e+00 -2.5493793783e+00 -1.3079696342e+00 -1.7555002079e+00 -3.7966765888e+00  2.8142870708e-03  1.7565968421e-02 -2.5233087803e+00  1.3082449146e+00  1.7762270565e+00 -8.1964233765e-03  1.3281753966e+00  1.7587799315e+00  3.4206370726e+00  1.8130973121e-01  1.1858180686e+00  1.8593530070e+00  1.4501801579e-01  2.0788210924e+00  3.4096583351e+00 -2.0624235255e-01 -1.2340785028e+00  1.8424134776e+00 -1.5402404027e-01 -2.1159200213e+00
ENERGY -3.765421393883e+02
GRADIENT -2.4291967500e-04  8.5369660000e-05 -3.0326670800e-04 -1.3308138500e-04 -1.3064254100e-04  1.1345223700e-04 -4.2758799500e-04 -5.2322967100e-04 -6.4665273100e-04  1.5765407080e-03  6.9743025000e-05 -7.5619780000e-06 -5.5605923100e-04  4.1582816300e-04  6.6690263700e-04  3.6107925000e-05  5.0102062000e-05  4.9106915000e-05 -3.5144923800e-04  8.3933984100e-04 -5.0829991000e-05  3.3419156000e-05 -8.2971057800e-04  9.2163079000e-05  2.0564489800e-04  1.9611915200e-04 -4.9044237000e-05 -2.0312406600e-04 -2.0415917200e-04 -8.9645830000e-06  4.3898272000e-05 -5.5277738000e-05 -1.0503697900e-04  1.2053683100e-04  6.1600200000e-07 -6.7033930000e-06  5.6252797000e-05  5.6821397000e-05  1.0225265400e-04 -1.6290591800e-04  4.9848790000e-06  1.2302415800e-04 -2.4236494000e-05  1.2548115300e-04 -4.3905483000e-05  3.8658658000e-05  1.3163570500e-04 -1.5184979000e-05 -9.5225700000e-06 -9.5538745000e-05  6.4698457000e-05  1.1852325000e-05 -1.3594843300e-04  2.5584009000e-05

JOB 6
COORDS  1.5392608475e-01  2.1634969444e-03 -9.4678020249e-03 -5.7151167461e-01 -7.3135375997e-01 -1.0101647132e+00 -1.9889032896e+00 -7.3184848534e-01 -9.9206155512e-01 -2.6921235754e+00  1.3963408618e-03  9.3607539286e-03 -1.9756271836e+00  7.3347207338e-01  1.0021803965e+00 -5.5810372906e-01  7.3349525344e-01  1.0024747915e+00  1.6607544177e+00 -3.2797171883e-03 -1.5803862693e-02  2.3731421809e+00  1.2361508955e-01  1.1621710739e+00  2.3587930683e+00 -1.4566403262e-01 -1.2005333638e+00 -3.3416387280e-02 -1.3306090198e+00 -1.7702190884e+00 -2.5477904122e+00 -1.3087571781e+00 -1.7544966692e+00 -3.8006905529e+00  1.6351334606e-03  1.6481681824e-02 -2.5246710483e+00  1.3091207879e+00  1.7726634081e+00 -1.0532030868e-02  1.3309383258e+00  1.7571690758e+00  3.4239794615e+00  1.7709391635e-01  1.1823844609e+00  1.8651652434e+00  1.4246694922e-01  2.0813579901e+00  3.4088353622e+00 -2.0599433638e-01 -1.2359898797e+00  1.8398494822e+00 -1.5103562056e-01 -2.1137905196e+00
ENERGY -3.765421503214e+02
GRADIENT  1.5133058300e-04  1.2199989200e-04 -5.0942844300e-04 -9.4618628000e-05 -1.4727748000e-05  3.6152661500e-04 -7.2008845000e-05 -1.6114711800e-04 -1.2330035100e-04  4.2970848000e-05  5.1189552000e-05  1.2317673000e-05 -1.4811984000e-05 -5.7984993000e-05  8.5971300000e-07  3.5377253000e-05  9.1546490000e-06 -2.9364692000e-05 -2.0473200200e-04  5.7382852900e-04  6.0012402000e-05  1.2855581200e-04 -7.4707484800e-04  2.7459771200e-04  1.5092818800e-04  2.2161632100e-04  2.7322060300e-04 -3.7352697000e-05 -4.0670693000e-05  1.4265170000e-05 -1.7478300000e-05  3.3688160000e-06 -1.0107910000e-05  5.0553130000e-06  6.7734600000e-07 -2.2160779000e-05  8.6206070000e-06 -1.6187769000e-05  1.3709639000e-05 -6.6779652000e-05  2.4243097000e-05  1.4466067000e-05  1.2322837000e-05  9.6144161000e-05 -2.8113438000e-04  1.9980254000e-05  1.1944770800e-04  8.5403560000e-06 -1.9085455000e-05 -8.2592211000e-05 -5.7497856000e-05 -1.6271746000e-05 -1.0025505100e-04 -8.3607700000e-07

JOB 7
COORDS  1.5468053709e-01  1.1976596243e-03 -1.0795453246e-02 -5.7120269838e-01 -7.3317060060e-01 -1.0103071099e+00 -1.9886746463e+00 -7.3283028856e-01 -9.8957588792e-01 -2.6919801226e+00  8.6830179839e-04  1.1507108795e-02 -1.9741288923e+00  7.3457129993e-01  1.0022054420e+00 -5.5657530027e-01  7.3361384032e-01  1.0006410198e+00  1.6614903212e+00 -4.5069048427e-03 -1.8287813382e-02  2.3692972214e+00  1.2373776116e-01  1.1622382714e+00  2.3599688960e+00 -1.4507453899e-01 -1.2030251235e+00 -3.3502373223e-02 -1.3316122494e+00 -1.7712494662e+00 -2.5484009087e+00 -1.3103852110e+00 -1.7508814373e+00 -3.8005541148e+00  7.8850373426e-04  1.9699332861e-02 -2.5220786811e+00  1.3117151530e+00  1.7723575461e+00 -7.3651021055e-03  1.3318819460e+00  1.7534817487e+00  3.4199747223e+00  1.7604420340e-01  1.1919841729e+00  1.8554183252e+00  1.3874136263e-01  2.0782450410e+00  3.4102475498e+00 -2.0219604753e-01 -1.2374854241e+00  1.8418425067e+00 -1.4684563879e-01 -2.1167755763e+00
ENERGY -3.765421531398e+02
GRADIENT  1.8217912400e-04  3.0360183000e-04 -7.7977345000e-05  1.7658765500e-04 -3.2489603900e-04  1.3918455000e-04  1.4345407600e-04  1.7384991900e-04  2.4337419700e-04 -3.5885335200e-04 -1.5466782000e-05  6.9602710000e-06  5.5844070000e-06  3.3419656000e-05  7.4134780000e-06 -3.4664431000e-05 -1.5683457400e-04 -1.9137005500e-04 -5.1634535000e-05  2.1114678100e-04 -1.5011081700e-04 -8.6880195000e-05 -5.7778046500e-04  3.5190333000e-05  1.3771970000e-06  2.0395634800e-04 -1.9171946900e-04  6.0101638000e-05  3.9417575000e-05  2.2630540000e-06  9.1639170000e-06  2.1978025000e-05  1.9946024000e-05 -2.6836480000e-05  1.3582503000e-05  1.6272429000e-05 -2.8978857000e-05 -1.6182709000e-05 -8.2888350000e-06  3.1009906000e-05 -2.8548275000e-05 -2.7089957000e-05 -2.8001220000e-05  1.0858067200e-04  1.7888648800e-04  1.2834679000e-05  1.3046679200e-04  7.3082070000e-06 -1.5075794000e-05 -6.0212644000e-05  2.4806760000e-06  1.9889960000e-05 -5.8080069000e-05 -1.2337115000e-05

JOB 8
COORDS  1.5380199802e-01  2.5292266112e-03 -1.0393521341e-02 -5.7168423195e-01 -7.3283204772e-01 -1.0097355647e+00 -1.9890858601e+00 -7.3358071662e-01 -9.9026811080e-01 -2.6918448152e+00  4.7809631459e-04  1.0826988905e-02 -1.9744206611e+00  7.3471294160e-01  1.0014629003e+00 -5.5694085445e-01  7.3515160241e-01  1.0013775058e+00  1.6606648788e+00 -3.6505145380e-03 -1.7536395266e-02  2.3703388698e+00  1.2534882631e-01  1.1617643188e+00  2.3587166935e+00 -1.4637841794e-01 -1.2022275530e+00 -3.3452371835e-02 -1.3314450922e+00 -1.7701599921e+00 -2.5484380750e+00 -1.3116727784e+00 -1.7514573885e+00 -3.8004110373e+00  1.8036175640e-04  1.9129666734e-02 -2.5231456842e+00  1.3117293505e+00  1.7711410962e+00 -8.2824029773e-03  1.3340818062e+00  1.7541287926e+00  3.4212948125e+00  1.7309335943e-01  1.1894085140e+00  1.8584054017e+00  1.3724133370e-01  2.0788900310e+00  3.4090567208e+00 -2.0267765228e-01 -1.2364234496e+00  1.8408424437e+00 -1.4614431416e-01 -2.1161137670e+00
ENERGY -3.765421563952e+02
GRADIENT -4.1577284000e-05  3.2473747300e-04 -2.8341658300e-04 -5.5554790000e-06 -2.8494476400e-04  2.3951958400e-04 -1.9892799000e-05 -1.1446501000e-05 -2.1887933000e-05 -1.4095131900e-04 -8.1318810000e-06  1.1189772000e-05  1.4532777700e-04 -1.3236550600e-04 -2.0451420800e-04  1.2421253900e-04  7.8879812000e-05  2.0970015000e-04 -1.0776914900e-04  3.4315823300e-04  8.2396573000e-05  9.2909915000e-05 -5.3450310600e-04 -7.4346952000e-05 -5.7923009000e-05  1.4973983900e-04 -8.1523379000e-05 -5.9432810000e-06  2.4993396000e-05 -1.4472367000e-05 -7.4689740000e-06  6.5023410000e-06  1.2242500000e-07 -1.2675577000e-05 -1.3691613000e-05 -1.8098919000e-05  2.0655745000e-05 -1.2674472000e-05 -8.0048690000e-06  2.6999317000e-05  2.1805664000e-05  1.5454950000e-06 -9.8029100000e-06  6.8096750000e-05  1.3002577800e-04  6.8010730000e-06  8.0383250000e-05 -2.3632271000e-05 -4.8616710000e-06 -4.9601458000e-05  5.8445866000e-05  1.0159816000e-05 -4.9464388000e-05 -2.7457500000e-06

JOB 9
COORDS  1.5298908995e-01  3.4257694470e-03 -1.0934111928e-02 -5.7184559694e-01 -7.3353359796e-01 -1.0097174659e+00 -1.9891597626e+00 -7.3402346626e-01 -9.8964083226e-01 -2.6922260398e+00  6.6589426875e-04  1.0770495075e-02 -1.9765297394e+00  7.3614644360e-01  1.0016282922e+00 -5.5911279581e-01  7.3608472978e-01  1.0001189050e+00  1.6599718418e+00 -2.5733803772e-03 -1.6780785349e-02  2.3707012917e+00  1.2818352057e-01  1.1616706441e+00  2.3586906244e+00 -1.4805406596e-01 -1.2007645306e+00 -3.3743602761e-02 -1.3332437643e+00 -1.7693837888e+00 -2.5485445342e+00 -1.3129715430e+00 -1.7501521317e+00 -3.8007797865e+00 -3.2240766422e-04  1.8617888462e-02 -2.5254732664e+00  1.3134338385e+00  1.7709750593e+00 -1.0655357740e-02  1.3357033890e+00  1.7524364130e+00  3.4220832260e+00  1.6874484721e-01  1.1842717663e+00  1.8620078976e+00  1.3392305150e-01  2.0806735083e+00  3.4091601600e+00 -2.0183902586e-01 -1.2353557364e+00  1.8413632656e+00 -1.4432192989e-01 -2.1149465834e+00
ENERGY -3.765421565097e+02
GRADIENT  7.5552063000e-05  3.4934667300e-04 -4.3567373200e-04 -2.2647057000e-05 -4.1751615100e-04  9.5801537000e-05  2.5585448000e-05  6.0527357000e-05  5.6439907000e-05  2.6617683000e-04 -2.6061040000e-05 -3.5051573000e-05 -1.6026161000e-04  2.0558334900e-04  2.8544866100e-04 -2.6424229200e-04 -2.2858489800e-04 -1.4149096800e-04  8.1034274000e-05  4.6503191500e-04  8.8269062000e-05 -8.4736080000e-06 -4.3279117100e-04  1.6169359600e-04  8.9580918000e-05  5.5445113000e-05  1.8589741000e-04 -2.0847878000e-05 -1.1216839000e-05 -1.9172033000e-05  2.2226054000e-05 -2.3217970000e-06 -1.0943370000e-05  1.9283463000e-05  1.5667040000e-05  2.7754326000e-05 -2.0578949000e-05  1.0320835000e-05  2.1311002000e-05 -8.1501361000e-05  3.6207200000e-05 -1.2720601000e-05  3.3518300000e-06 -1.8143088000e-05 -2.5709363400e-04  2.9451130000e-06 -1.0374210000e-06 -1.2147713000e-05 -1.5387450000e-06 -3.3024985000e-05 -2.7127169000e-05  9.0416550000e-06 -2.6418295000e-05  2.8980178000e-05

