JOB 0
COORDS  1.6650020000e-01 -9.1220000000e-04  3.0591000000e-03 -5.5198730000e-01 -1.2270553000e+00 -2.1146070000e-01 -1.9694713000e+00 -1.2181988000e+00 -2.1691430000e-01 -2.6790823000e+00  2.6840000000e-04 -5.9990000000e-04 -1.9689621000e+00  1.2183600000e+00  2.1633800000e-01 -5.5148000000e-01  1.2263216000e+00  2.1285410000e-01  1.6734669000e+00 -9.2970000000e-04 -8.4340000000e-04  2.3780849000e+00 -1.1192193000e+00  4.0417800000e-01  2.3765175000e+00  1.1191429000e+00 -4.0362110000e-01 -8.5387000000e-03 -2.1706825000e+00 -4.1288410000e-01 -2.5237451000e+00 -2.1600417000e+00 -3.9634720000e-01 -3.7876767000e+00  6.7210000000e-04 -1.5399000000e-03 -2.5228937000e+00  2.1607826000e+00  3.9378430000e-01 -7.7956000000e-03  2.1698636000e+00  4.1401300000e-01  3.4289057000e+00 -1.1675176000e+00  3.7203810000e-01  1.8643823000e+00 -1.9410223000e+00  8.0938440000e-01  3.4273636000e+00  1.1686456000e+00 -3.7417460000e-01  1.8613709000e+00  1.9402210000e+00 -8.0844700000e-01
ENERGY -3.765421579936e+02
GRADIENT  1.0150053000e-05 -4.3067424000e-05  6.5200534000e-04 -1.0630140000e-06  6.0441801000e-05 -3.3506222600e-04  3.8624660000e-06  3.7256350000e-06  3.0666190000e-06 -8.0927410000e-06 -1.6977300000e-07 -9.7560000000e-08 -1.4881880000e-06  3.0235460000e-06 -1.5827030000e-06  3.3628670000e-06 -1.0492499000e-05 -2.3290680000e-06  1.1815471800e-04 -9.5991031000e-05 -6.2652213300e-04 -8.7887338000e-05  2.8579939000e-05  4.4947537400e-04 -6.9505450000e-06 -4.2131194000e-05 -1.5809129500e-04 -4.3240900000e-07 -6.2431170000e-06 -6.7403100000e-07 -1.4005180000e-06 -3.5082480000e-06  2.4688160000e-06 -4.2437740000e-06  4.8495300000e-07  1.3790500000e-07 -1.9705430000e-06  4.2882180000e-06 -2.7611930000e-06 -5.1364700000e-07  5.7646570000e-06 -1.7307480000e-06  3.3116530000e-06  9.6691349000e-05 -5.5925495000e-05 -5.6687210000e-06 -2.7166699000e-05 -1.8152251000e-05 -1.0046630000e-06  1.6844790000e-06  4.9938248000e-05 -4.5349010000e-06  2.4637312000e-05  4.6074816000e-05

JOB 1
COORDS  1.6659747207e-01 -8.8806240946e-03  1.4382560035e-02 -5.5548157791e-01 -1.2250793324e+00 -2.4085478601e-01 -1.9729144430e+00 -1.2119828315e+00 -2.4759902798e-01 -2.6790680094e+00  2.4957066235e-03  3.5828537701e-05 -1.9654992316e+00  1.2130178851e+00  2.4597013435e-01 -5.4800609754e-01  1.2167609996e+00  2.4414318679e-01  1.6733253407e+00 -8.7559867002e-03 -1.1666054177e-02  2.3844505637e+00 -1.1001122564e+00  4.5135952573e-01  2.3697376051e+00  1.1016833689e+00 -4.5099868224e-01 -1.4592256751e-02 -2.1636514154e+00 -4.7073377574e-01 -2.5297346411e+00 -2.1467535090e+00 -4.5405843335e-01 -3.7876452314e+00  6.3864363268e-03 -2.4283198718e-03 -2.5167730291e+00  2.1530901175e+00  4.4303076106e-01 -1.7330408975e-03  2.1547343798e+00  4.6347346439e-01  3.4354923774e+00 -1.1462160788e+00  4.2349955468e-01  1.8742197548e+00 -1.9017991485e+00  8.9897178164e-01  3.4202751147e+00  1.1585033851e+00 -4.2381834708e-01  1.8497194397e+00  1.9051521641e+00 -8.8393798973e-01
ENERGY -3.765419007800e+02
GRADIENT  1.1179014750e-03 -2.1625434200e-04  4.1255714880e-03 -5.1061865400e-04  5.3139326900e-04 -1.2541013470e-03  2.4459402700e-04 -3.0585687200e-04 -1.2466261400e-04  2.0639369000e-05  8.6946070000e-05  6.2449209000e-05  9.1925783000e-05  2.5804041800e-04 -1.1979876500e-04 -3.4707256500e-04 -1.3662756600e-04 -3.3922278300e-04 -9.1220190100e-04 -1.5447001010e-03 -4.7110545340e-03  4.5410202000e-04  6.5394058100e-04  1.4077172300e-03  3.4889298900e-04  2.8171092000e-04  3.6241910400e-04 -3.8107663600e-04 -1.8139960000e-05 -3.1097575000e-04 -2.4208763000e-05 -1.2306686000e-05  5.2128379000e-05 -2.0107412000e-05 -6.1043850000e-06  4.1488470000e-06 -2.0872972000e-05 -2.6499080000e-06 -7.2379850000e-06 -2.4748392200e-04  9.0134181000e-05 -1.9114851000e-05 -1.4895359500e-04  1.9920329000e-05  2.2794688600e-04  3.0799671100e-04  3.2673161800e-04  2.4341170700e-04 -1.6446652100e-04  2.1220764000e-05  1.0571659100e-04  2.0984083600e-04 -1.9522604000e-05  2.9490798500e-04

JOB 2
COORDS  1.6461927891e-01 -7.1331498226e-03  2.3535133524e-02 -5.4828091917e-01 -1.2209580965e+00 -2.6238652177e-01 -1.9659674892e+00 -1.2074780731e+00 -2.7320311291e-01 -2.6732585650e+00  1.1022927277e-03 -1.4104451367e-03 -1.9627669576e+00  1.2076030423e+00  2.7245671675e-01 -5.4513040392e-01  1.2165957870e+00  2.7326289592e-01  1.6709302008e+00 -5.0235848150e-03 -9.8840796831e-03  2.3726293434e+00 -1.0851929323e+00  4.9153165495e-01  2.3660244450e+00  1.0886532835e+00 -4.9062630400e-01 -4.6759426172e-04 -2.1524563818e+00 -5.0531879062e-01 -2.5218524470e+00 -2.1376440192e+00 -5.0164907495e-01 -3.7817816140e+00  3.8359590132e-03 -7.0142242743e-03 -2.5170089617e+00  2.1420415519e+00  4.8710320734e-01  3.0102007357e-03  2.1490587761e+00  5.1115117050e-01  3.4232732394e+00 -1.1442297281e+00  4.6301329997e-01  1.8528601330e+00 -1.8711699219e+00  9.5684411934e-01  3.4169460754e+00  1.1469626170e+00 -4.7210002245e-01  1.8431659051e+00  1.8720742339e+00 -9.5660958124e-01
ENERGY -3.765416488386e+02
GRADIENT -6.4954131900e-04 -1.2884444430e-03  5.5722946550e-03  7.0330533700e-04 -5.0197148000e-04 -2.3308249740e-03  3.2846981300e-04  2.8308343100e-04  4.6409770000e-06 -1.3232439500e-04  2.9120882000e-05  4.1574352000e-05  3.9080283500e-04 -4.3304281800e-04 -1.6975943300e-04  8.3740629200e-04  1.4058055760e-03 -1.8452419800e-04 -1.0594661820e-03 -4.5609519600e-04 -5.3353659320e-03 -8.6566112400e-04  1.2603774600e-04  1.8862607590e-03  3.3314248700e-04  6.2105379200e-04  3.2198974000e-05 -3.6099459000e-05 -2.0611588300e-04 -1.3966054700e-04  1.0083018500e-04 -1.5311384000e-05  4.6480872000e-05 -2.4337856000e-05 -1.0006946000e-05  3.1329300000e-07  1.2555915300e-04  1.0822637000e-05 -1.3908968000e-05 -1.7976177500e-04  2.2517267200e-04  1.3748140400e-04 -1.2338142500e-04  1.4781080200e-04  2.2692883300e-04  1.6652339900e-04 -6.1989873000e-05  2.0804570400e-04 -1.0028077200e-04  1.3886285200e-04  6.2841425000e-05  2.0519319200e-04 -1.0764819000e-05 -4.3696017000e-05

JOB 3
COORDS  1.6640954703e-01 -1.4978040933e-02  3.6050238564e-02 -5.5504418019e-01 -1.2120785819e+00 -2.9196122642e-01 -1.9732226824e+00 -1.1954216404e+00 -3.0976140916e-01 -2.6778536597e+00  6.7257535616e-03 -5.5953925982e-03 -1.9639955771e+00  1.2020741456e+00  3.0540102120e-01 -5.4580368403e-01  1.2012139458e+00  3.0942970925e-01  1.6742876407e+00 -1.4559541860e-02 -6.5242252908e-03  2.3907336715e+00 -1.0585170865e+00  5.4696867807e-01  2.3567596649e+00  1.0615062330e+00 -5.3963306146e-01 -8.1189136239e-03 -2.1380757373e+00 -5.5649141176e-01 -2.5306599760e+00 -2.1164481747e+00 -5.6952152363e-01 -3.7862517107e+00  1.3839835974e-02 -1.6461359163e-02 -2.5144406551e+00  2.1333327899e+00  5.4277209375e-01  7.0006601434e-03  2.1245223060e+00  5.7058205171e-01  3.4416867570e+00 -1.1141041303e+00  5.1122823713e-01  1.8782474622e+00 -1.8286555418e+00  1.0462357183e+00  3.4075656702e+00  1.1290636424e+00 -5.3280866564e-01  1.8227570661e+00  1.8152087877e+00 -1.0414776340e+00
ENERGY -3.765410902238e+02
GRADIENT  2.4676773880e-03 -2.6842124300e-04  7.0387717470e-03 -6.6502993100e-04  2.0339107290e-03 -2.8499964450e-03 -2.1985519800e-04 -5.2480040900e-04 -9.5286312000e-05  1.7855719100e-04 -2.1497650000e-05  2.2801865000e-05 -4.1392135900e-04  8.7743519500e-04  2.8801285200e-04 -9.1908372000e-04 -1.2863908940e-03 -1.1415776150e-03 -1.4257942450e-03 -2.0036428330e-03 -6.3264481770e-03  1.0078799950e-03  1.3116758660e-03  2.0119850510e-03  1.9135711500e-04 -2.4510214400e-04  6.6695502800e-04  5.3577033000e-05  1.7587185500e-04 -1.3346775800e-04 -9.5610200000e-05 -3.5329210000e-06  2.8392607000e-05  1.4292833000e-05  2.6847172000e-05 -2.5107778000e-05 -1.3535639200e-04  1.4677816000e-05 -1.1012957000e-05 -7.7402818000e-05 -1.7998513200e-04  6.2826432000e-05  3.3582204000e-05 -1.5350831000e-05  3.5419000000e-04  3.5692613000e-05  1.8222595000e-04  2.2325573000e-04 -5.5364953000e-05  3.6165074000e-05  8.0709703000e-05  4.9698145000e-05 -9.8894731000e-05 -1.9668702900e-04

JOB 4
COORDS  1.6330153907e-01 -1.3807911733e-02  3.2589023080e-02 -5.5364773088e-01 -1.2138712784e+00 -2.9538683761e-01 -1.9716597659e+00 -1.1951644990e+00 -3.1340098075e-01 -2.6758823177e+00  6.4563809000e-03 -6.8103169091e-03 -1.9608830644e+00  1.2000764618e+00  3.0802870329e-01 -5.4285852361e-01  1.2040975315e+00  3.1318671886e-01  1.6723221650e+00 -1.3484975710e-02 -4.3056925929e-03  2.3867353519e+00 -1.0553025679e+00  5.5457496421e-01  2.3541460174e+00  1.0595825989e+00 -5.4422128059e-01 -5.8631721447e-03 -2.1399322997e+00 -5.5786142802e-01 -2.5296507424e+00 -2.1154214847e+00 -5.7458056367e-01 -3.7842817793e+00  1.4087212634e-02 -1.7218897684e-02 -2.5122772929e+00  2.1298524920e+00  5.4869368849e-01  1.1184244540e-02  2.1262266616e+00  5.7643789213e-01  3.4374248484e+00 -1.1133777334e+00  5.1418783403e-01  1.8730076510e+00 -1.8259013848e+00  1.0518456026e+00  3.4050992992e+00  1.1265472905e+00 -5.4096109827e-01  1.8185648467e+00  1.8121115362e+00 -1.0462183121e+00
ENERGY -3.765411248140e+02
GRADIENT -2.1625650600e-04 -8.6344676000e-05  5.9819214720e-03 -1.9141413000e-05  3.6221413000e-04 -3.1375133680e-03  1.7666682100e-04  1.8751031800e-04  9.4644202000e-05 -4.5998872400e-04 -1.9456655000e-05 -1.7222369000e-05  4.5686922600e-04 -6.2156080300e-04 -8.5506817000e-05  2.8384782300e-04  8.1450559600e-04 -1.8266075100e-04 -7.7575999700e-04 -1.9744892250e-03 -5.4350961690e-03  5.1300988700e-04  1.1755666890e-03  2.1986751450e-03 -7.3003441000e-05 -3.1088716000e-05  4.2157593900e-04  1.8243870000e-06 -1.4621127000e-05 -2.7813882000e-05 -4.8234900000e-07  2.5770313000e-05  2.3901580000e-06 -4.1465668000e-05 -3.4981680000e-05 -1.3891455000e-05  5.0004101000e-05 -3.6304605000e-05 -3.1351196000e-05  8.8172632000e-05  4.6830743000e-05  7.7036597000e-05  3.1319828000e-05  1.5067961300e-04  1.1981216800e-04  4.2383110000e-06  1.6067574400e-04  1.8224872100e-04  5.4061920000e-06 -4.9815339000e-05 -2.3170440000e-06  1.7037490000e-06 -4.4145176000e-05 -1.4667264700e-04

JOB 5
COORDS  1.6401398654e-01 -1.2367953240e-02  2.7643230860e-02 -5.5039901443e-01 -1.2140641277e+00 -2.9832825664e-01 -1.9684540963e+00 -1.1961210426e+00 -3.1487025826e-01 -2.6724556155e+00  5.0167171663e-03 -5.5841256283e-03 -1.9626597198e+00  1.2009020289e+00  3.1176745399e-01 -5.4460220662e-01  1.2025885422e+00  3.1439953326e-01  1.6739507477e+00 -8.7642767071e-03 -5.6436382136e-03  2.3776468871e+00 -1.0529441344e+00  5.6128737681e-01  2.3584794369e+00  1.0607375491e+00 -5.4988567746e-01 -1.6661067282e-03 -2.1397705093e+00 -5.5996652901e-01 -2.5262406782e+00 -2.1165373473e+00 -5.7599552310e-01 -3.7808137879e+00  1.0270570020e-02 -1.4632902598e-02 -2.5150724135e+00  2.1292809286e+00  5.5575169739e-01  9.5098646617e-03  2.1244810538e+00  5.7798502099e-01  3.4277211892e+00 -1.1218300686e+00  5.2196964488e-01  1.8550805374e+00 -1.8221386772e+00  1.0515764824e+00  3.4095208368e+00  1.1270641808e+00 -5.4711523475e-01  1.8234672536e+00  1.8139715012e+00 -1.0513779594e+00
ENERGY -3.765411252583e+02
GRADIENT -1.6603283800e-04 -1.0067492160e-03  5.4237066980e-03  9.0678106000e-05  3.0611706300e-04 -2.9522110170e-03 -1.4292176500e-04 -7.6194557000e-05 -4.8721437000e-05  9.4648175500e-04 -6.9628481000e-05 -3.9822334000e-05 -4.8179933200e-04  8.4925669600e-04  2.1057202300e-04 -1.7574012600e-04 -3.4761392400e-04  1.0471156000e-05  5.9942253400e-04 -1.3798675300e-03 -5.1594953750e-03 -8.9115914700e-04  8.3996036000e-04  2.5374717110e-03  9.2455235000e-05  6.5085186200e-04 -8.7999169000e-05  2.1267449000e-05 -3.4201172000e-05  1.2537160400e-04  6.3970798000e-05 -5.0136939000e-05 -3.6570733000e-05  7.5176415000e-05  5.7493967000e-05  4.1416608000e-05 -1.1263168000e-05  9.2505723000e-05  5.3548500000e-07 -6.1675521000e-05 -2.0829338000e-05  4.8356914000e-05 -8.0705429000e-05  1.7070180100e-04  2.2361761000e-05  6.1826751000e-05  1.0559099000e-05  1.4877357300e-04  1.2380008000e-05  5.7769129000e-05 -1.4874290700e-04  7.7666924000e-05 -4.3908259000e-05 -9.3799099000e-05

JOB 6
COORDS  1.6453260839e-01 -1.1614776919e-02  2.7660865890e-02 -5.5226568542e-01 -1.2118454454e+00 -2.9762697127e-01 -1.9704563019e+00 -1.1954205586e+00 -3.1396489640e-01 -2.6763903084e+00  4.6779558262e-03 -5.3277469568e-03 -1.9625340754e+00  1.1986402567e+00  3.1025962206e-01 -5.4432367213e-01  1.2033542789e+00  3.1319266783e-01  1.6743738582e+00 -9.8511919359e-03 -5.3252970964e-03  2.3805205129e+00 -1.0527204034e+00  5.6112509583e-01  2.3588119551e+00  1.0596114460e+00 -5.4908169836e-01 -4.0340342000e-03 -2.1376834627e+00 -5.5994003448e-01 -2.5272048039e+00 -2.1166068049e+00 -5.7453297410e-01 -3.7847947811e+00  1.0587695460e-02 -1.3924861977e-02 -2.5144514477e+00  2.1273315330e+00  5.5394970591e-01  8.6284845891e-03  2.1262047458e+00  5.7588114575e-01  3.4305736698e+00 -1.1222923687e+00  5.2116561338e-01  1.8585004334e+00 -1.8236801285e+00  1.0492466457e+00  3.4098180639e+00  1.1261193142e+00 -5.4474676720e-01  1.8238961139e+00  1.8139066186e+00 -1.0490910266e+00
ENERGY -3.765411372942e+02
GRADIENT  1.4679166400e-04 -7.7804912800e-04  5.3532464090e-03 -1.2183681300e-04  9.4711275600e-04 -2.7972913680e-03  9.9793380000e-05  9.5564453000e-05  1.8178738000e-05 -4.5795637600e-04  2.6068225000e-05 -1.3258512000e-05  2.2282133700e-04 -3.8088864200e-04 -9.7206443000e-05  1.2072505600e-04  1.5843781600e-04  8.8503329000e-05  1.6872373700e-04 -1.5673543330e-03 -5.0901599280e-03 -2.4784560500e-04  1.2954036450e-03  2.3197802930e-03  1.6295564000e-05  2.9251523000e-04  7.4794570000e-05  4.1235601000e-05  1.4995762000e-05  7.3407067000e-05 -2.8246775000e-05  3.0948813000e-05 -9.1212400000e-07 -3.1117110000e-05 -1.9804904000e-05  4.5289190000e-06 -1.8051200000e-06 -4.0116723000e-05 -1.4401171000e-05  5.0273835000e-05 -2.7577693000e-05  8.9784480000e-06 -1.9349514000e-05 -4.3276203000e-05  1.4568848100e-04  2.8838056000e-05  4.3157898000e-05  1.1069458200e-04  1.4319206000e-05  4.7928210000e-06 -1.0047283400e-04  2.8332146000e-05 -4.5263070000e-05 -8.2596881000e-05

JOB 7
COORDS  1.6234087792e-01 -1.3382973588e-02  2.7940115297e-02 -5.5427137069e-01 -1.2138039280e+00 -2.9709003757e-01 -1.9723737084e+00 -1.1954082908e+00 -3.1319905675e-01 -2.6756410802e+00  6.5600488405e-03 -5.5403757222e-03 -1.9624911073e+00  1.2013366487e+00  3.0858855269e-01 -5.4434409490e-01  1.2034912466e+00  3.1129445681e-01  1.6719676280e+00 -1.3618232943e-02 -4.0696207833e-03  2.3849297243e+00 -1.0526576422e+00  5.6112726393e-01  2.3544483492e+00  1.0571305060e+00 -5.4680245369e-01 -6.9352348823e-03 -2.1400676073e+00 -5.5994708969e-01 -2.5306668901e+00 -2.1159183420e+00 -5.7286839896e-01 -3.7840176687e+00  1.3447436380e-02 -1.4402465589e-02 -2.5137068625e+00  2.1308043752e+00  5.5098865585e-01  9.9279873676e-03  2.1259652053e+00  5.7257622224e-01  3.4352331192e+00 -1.1162355308e+00  5.1671557039e-01  1.8683408819e+00 -1.8283475003e+00  1.0475379470e+00  3.4052882028e+00  1.1255521660e+00 -5.3982709005e-01  1.8185485720e+00  1.8123378249e+00 -1.0444050087e+00
ENERGY -3.765411374524e+02
GRADIENT -3.2227026000e-04 -8.4113638000e-05  5.2216814110e-03  1.5735055500e-04  7.1036386600e-04 -2.8665704250e-03 -4.9396484000e-05 -8.6031888000e-05  1.7163216000e-05  3.0727855600e-04  2.2572797000e-05  4.6929410000e-06 -1.3710121400e-04  1.5897839100e-04  6.7655843000e-05  9.7423386000e-05  9.0438006000e-05 -4.6891142000e-05 -3.8197081200e-04 -2.1338914380e-03 -5.0488192110e-03  5.5946063300e-04  1.6219186630e-03  2.2655502850e-03 -2.4720086100e-04 -2.6087832700e-04  3.5727064600e-04 -7.7839810000e-06 -3.8054356000e-05 -5.5470928000e-05  3.3802722000e-05 -2.7561135000e-05  5.7081600000e-07  2.6984259000e-05  5.5075190000e-06 -1.3615089000e-05  1.2934722000e-05  1.9708100000e-05  1.9352482000e-05 -2.0483982000e-05  3.3618388000e-05 -2.6140095000e-05  8.8236074000e-05  3.1232504000e-05  9.5260388000e-05 -4.4602276000e-05  7.7610800000e-05  7.7454419000e-05  1.7828154000e-05 -1.1760445600e-04 -2.0036880000e-06 -6.1278946000e-05 -1.3373321000e-05 -6.7504272000e-05

