JOB 0
COORDS  1.5078530000e-01  3.8200000000e-05  1.1242700000e-02 -5.7629090000e-01 -7.0030650000e-01  1.0342755000e+00 -1.9936587000e+00 -6.9835410000e-01  1.0139738000e+00 -2.6948238000e+00  3.5499000000e-03 -1.1037900000e-02 -1.9759163000e+00  7.0286970000e-01 -1.0255402000e+00 -5.5844320000e-01  6.9993870000e-01 -1.0245084000e+00  1.6576763000e+00 -8.6300000000e-03  1.8812700000e-02  2.3681168000e+00  7.9783300000e-02 -1.1638087000e+00  2.3550762000e+00 -1.1286890000e-01  1.2079380000e+00 -3.9533600000e-02 -1.2746573000e+00  1.8142167000e+00 -2.5545362000e+00 -1.2497353000e+00  1.7936294000e+00 -3.8033817000e+00  5.2501000000e-03 -1.9529100000e-02 -2.5231855000e+00  1.2551165000e+00 -1.8141990000e+00 -8.0546000000e-03  1.2719896000e+00 -1.7966370000e+00  3.4195272000e+00  1.1711740000e-01 -1.1910575000e+00  1.8578176000e+00  5.2061500000e-02 -2.0815551000e+00  3.4055255000e+00 -1.6528170000e-01  1.2454947000e+00  1.8368946000e+00 -7.4221600000e-02  2.1208702000e+00
ENERGY -3.765421589053e+02
GRADIENT -3.2249307000e-05  3.1632569500e-04  3.1114289500e-04  1.0103292000e-05 -3.4930574200e-04 -1.6506288200e-04  5.5827840000e-05  5.8772948000e-05 -6.3222640000e-05 -1.1085254000e-04 -7.5063100000e-06  7.4662800000e-06  6.5494463000e-05 -4.3182731000e-05  6.5513769000e-05  2.9651710000e-06 -8.8775340000e-06 -6.4630590000e-05 -5.1968788000e-05  3.8545937600e-04 -6.7806866000e-05  3.6049353000e-05 -3.6491308200e-04 -1.3952368000e-05  4.0664709000e-05  3.0752181000e-05 -5.6624243000e-05  1.5283700000e-06  8.6144450000e-06  1.3447528000e-05  1.9270600000e-06  5.1968620000e-06 -5.7568250000e-06 -7.4769050000e-06 -1.2609620000e-06 -3.0247150000e-06  3.3144000000e-07 -7.9138820000e-06  6.2021620000e-06  4.3628760000e-06  1.3393985000e-05  8.4595300000e-07  4.2571800000e-07 -5.8440000000e-06  5.2793000000e-06 -2.8402700000e-06 -4.8621760000e-06  9.2952310000e-06 -3.6213930000e-06 -1.5262474000e-05  3.0365944000e-05  3.8072290000e-06 -8.6311780000e-06 -9.8195180000e-06

JOB 1
COORDS  1.5068030206e-01 -2.8166450297e-02 -1.4976605275e-03 -5.7820598317e-01 -6.8777503620e-01  1.0469847624e+00 -1.9955746938e+00 -6.7245814718e-01  1.0336177473e+00 -2.6939363741e+00  9.9784219679e-03 -6.3651837998e-03 -1.9739835577e+00  6.7908626942e-01 -1.0403138199e+00 -5.5662244289e-01  6.6169576785e-01 -1.0452675549e+00  1.6575205174e+00 -3.0943641620e-02  1.2551568428e-02  2.3715135489e+00  1.3353016270e-01 -1.1597638793e+00  2.3503796282e+00 -1.6056215875e-01  1.2018512917e+00 -4.3147036093e-02 -1.2435278402e+00  1.8414193030e+00 -2.5581895620e+00 -1.1963508687e+00  1.8307967219e+00 -3.8024347821e+00  2.2919987075e-02 -9.4756561139e-03 -2.5196884864e+00  1.2200749659e+00 -1.8378280973e+00 -4.1415689126e-03  1.2138829192e+00 -1.8302378267e+00  3.4220443304e+00  1.9365683830e-01 -1.1790446314e+00  1.8661991395e+00  1.4348086521e-01 -2.0806377735e+00  3.4015068624e+00 -1.9259085929e-01  1.2432566842e+00  1.8269169838e+00 -1.6245370676e-01  2.1125998779e+00
ENERGY -3.765420699759e+02
GRADIENT -7.2970274600e-04 -7.0482529200e-04 -1.2527030540e-03  4.6354349900e-04  6.4647158000e-04  6.5133888700e-04 -3.5457589000e-04  1.7534591000e-05 -1.3948693600e-04  3.2820296400e-04 -3.2914110000e-05  4.3974604000e-05 -2.7167080600e-04  4.5944615000e-05 -1.6814683000e-05  2.8236142700e-04  3.8853114300e-04  2.3858336100e-04  6.8024113000e-04 -2.8515341710e-03  6.1159436000e-05 -4.7235457300e-04  8.0826381000e-04  1.6998732000e-04 -4.2813494900e-04  5.8357053200e-04 -4.2755900000e-07  3.2913114700e-04  3.0975544000e-04  6.5454795000e-05  3.2822378000e-05 -8.7159775000e-05 -1.7846995000e-05  4.6793516000e-05  1.5819739000e-05  1.0766646000e-05  7.4074210000e-06 -1.0546331000e-05 -2.9468108000e-05  3.9483726100e-04  9.8397040000e-06  1.2921172200e-04  1.3025577500e-04  2.2448907500e-04 -2.1164314000e-05 -3.2203855300e-04  3.7865479600e-04 -1.1476591100e-04  1.3612870500e-04  1.4568764000e-05  3.4502920000e-05 -2.4855384300e-04  2.4047989900e-04  1.8922031800e-04

JOB 2
COORDS  1.5209458637e-01 -3.6503420501e-02 -1.0595963785e-02 -5.8152914071e-01 -6.6952096748e-01  1.0519584181e+00 -1.9986667811e+00 -6.4861487372e-01  1.0481531318e+00 -2.7037413027e+00  1.3778256945e-02 -7.7429404694e-05 -1.9823174308e+00  6.5746372470e-01 -1.0487947831e+00 -5.6516439806e-01  6.3558782486e-01 -1.0603364720e+00  1.6599688735e+00 -3.0442924362e-02  5.0447126780e-03  2.3891818754e+00  1.7841496151e-01 -1.1510466339e+00  2.3497813686e+00 -1.9789218692e-01  1.1916407747e+00 -4.9420668797e-02 -1.2153960283e+00  1.8550327677e+00 -2.5572192268e+00 -1.1532488068e+00  1.8604433197e+00 -3.8122661474e+00  3.1271531271e-02  2.1588898149e-03 -2.5285742686e+00  1.1856357714e+00 -1.8544529218e+00 -2.0547175607e-02  1.1731442842e+00 -1.8604972866e+00  3.4396372434e+00  2.3886592226e-01 -1.1489775203e+00  1.9011529811e+00  2.0763670181e-01 -2.0803127969e+00  3.4008711893e+00 -2.2362312637e-01  1.2326955110e+00  1.8254683829e+00 -2.4243408643e-01  2.1002792167e+00
ENERGY -3.765419337453e+02
GRADIENT  9.4639038300e-04 -1.8203545620e-03 -6.4135519100e-04 -7.7396473900e-04  1.8519221690e-03 -2.6342811000e-05  2.6876365000e-05  1.6305071900e-04 -1.7031221900e-04 -1.0465104950e-03 -5.4276003000e-05  1.9409296000e-05  3.3798420400e-04 -2.6937932200e-04  4.6765662200e-04 -7.5573168400e-04 -3.4414960000e-06  7.4906438400e-04  9.5972802900e-04 -1.9185679910e-03 -1.1068793080e-03  8.5547298000e-04  9.0900685300e-04  6.7644935700e-04 -3.9938402700e-04  4.2380841000e-04 -3.4043710900e-04  3.0276889500e-04  2.6836776600e-04 -1.8052025300e-04 -1.4963968700e-04  2.2080317000e-05 -1.0121950300e-04 -7.2378623000e-05 -1.0798835000e-05  1.2833532000e-05 -1.1274596700e-04 -2.3941015000e-05  1.0741998200e-04  1.3321859500e-04  3.1712807000e-05  2.9033638200e-04  8.4290208000e-05  2.5302759800e-04  2.5435036200e-04 -1.8824362500e-04  8.9618594000e-05  1.7344989600e-04  7.7168389000e-05  1.9786193000e-05 -1.6539218600e-04 -2.2514548300e-04  5.9267651000e-05 -1.8939690000e-05

JOB 3
COORDS  1.4948719060e-01 -5.2390527563e-02 -1.3011311512e-02 -5.8211516576e-01 -6.5054389424e-01  1.0721917713e+00 -1.9983637346e+00 -6.1794618122e-01  1.0673665583e+00 -2.6965885391e+00  1.9415668251e-02 -1.0909056850e-03 -1.9775602115e+00  6.2913919417e-01 -1.0714817148e+00 -5.6111952433e-01  5.9823039763e-01 -1.0819300648e+00  1.6565559629e+00 -3.6360954311e-02  8.4633265639e-03  2.3767664775e+00  2.4519034893e-01 -1.1384061543e+00  2.3540087599e+00 -2.5096864314e-01  1.1839161190e+00 -5.5593973896e-02 -1.1802531748e+00  1.8897342261e+00 -2.5610518548e+00 -1.0931186125e+00  1.8944303488e+00 -3.8049501061e+00  4.4195120244e-02  2.3802467199e-03 -2.5223225407e+00  1.1373755830e+00 -1.8908917205e+00 -1.5544555114e-02  1.1098877486e+00 -1.8982416580e+00  3.4265345113e+00  3.1233187598e-01 -1.1365459512e+00  1.8875945706e+00  3.0789933234e-01 -2.0651102067e+00  3.4053073040e+00 -2.6292264367e-01  1.2192191329e+00  1.8362379039e+00 -3.5318442433e-01  2.0911227357e+00
ENERGY -3.765416091264e+02
GRADIENT -9.7616435200e-04 -2.4712729360e-03 -2.2582130650e-03  3.0544621400e-04  1.6156188640e-03  2.2086111300e-03  3.7001164000e-05  1.4775565700e-04  1.2589679000e-05  9.1066772900e-04 -8.6397395000e-05 -3.8649976000e-05 -2.7264719800e-04  3.0046282100e-04 -3.6699175400e-04  9.2408414000e-05  5.8165217800e-04 -3.2622866000e-04  8.8955763100e-04 -2.4560424740e-03 -9.9053126000e-05 -1.0070217060e-03  1.6894203270e-03 -7.8361054000e-05 -1.0892609800e-04  2.7702559700e-04  7.8015646900e-04  1.4692920100e-04 -1.3747004200e-04 -4.9854094000e-05  9.4237866000e-05 -4.0340777000e-05  4.6355546000e-05  6.2904669000e-05 -4.1810220000e-06 -5.6759439000e-05  3.7264684000e-05  1.0478607200e-04 -3.1826214000e-05  1.9393139400e-04  4.2650603000e-05  2.3791120000e-05 -1.1634865900e-04  3.2259261500e-04  3.7880811400e-04 -2.1093601900e-04  1.2236432000e-04 -2.0029140000e-05 -9.6967200000e-06 -5.4845604000e-05 -2.9650276000e-05 -7.3408374000e-05  4.5940643000e-05 -9.5009577000e-05

JOB 4
COORDS  1.5054757356e-01 -4.1283751279e-02 -9.1300367908e-03 -5.8429214747e-01 -6.4018837277e-01  1.0734597837e+00 -2.0008139986e+00 -6.1405330198e-01  1.0689706911e+00 -2.7016168835e+00  1.7163581478e-02 -1.3206487717e-03 -1.9799752030e+00  6.2316404595e-01 -1.0721074237e+00 -5.6319993241e-01  5.9947690939e-01 -1.0817505898e+00  1.6577255623e+00 -2.8753524929e-02  1.0077383898e-02  2.3819905917e+00  2.5419625640e-01 -1.1345451921e+00  2.3570861929e+00 -2.5984523068e-01  1.1812432202e+00 -5.9137406654e-02 -1.1666937491e+00  1.8938797377e+00 -2.5614197894e+00 -1.0891908883e+00  1.8974706697e+00 -3.8100901384e+00  3.8222167312e-02  1.4133635969e-04 -2.5248731890e+00  1.1238255717e+00 -1.8960220325e+00 -2.1340548494e-02  1.1073743182e+00 -1.9028154782e+00  3.4326794698e+00  3.0591315706e-01 -1.1369115103e+00  1.8936972436e+00  3.2432934633e-01 -2.0610773809e+00  3.4083834787e+00 -2.7726136457e-01  1.2134670845e+00  1.8421509988e+00 -3.6975898120e-01  2.0891737705e+00
ENERGY -3.765416595514e+02
GRADIENT -1.1333381300e-04 -2.1507709560e-03 -1.4364068940e-03 -2.5233531700e-04  1.9850796360e-03  9.7507664400e-04  2.1277099000e-05 -1.0233202000e-04  2.1598460800e-04 -9.2112172000e-05  3.8257950000e-05 -4.5725240000e-05  1.8241159100e-04 -1.8281659400e-04  2.9414656900e-04  2.1525500100e-04  4.5559474300e-04 -2.6621564700e-04 -1.4332020400e-04 -1.6455952120e-03 -2.6738450000e-04  9.6423822000e-05  1.4837074260e-03  6.0480388400e-04  1.0316909500e-04  1.6691028900e-04  2.0157634200e-04 -9.9372330000e-06 -1.6974131800e-04 -1.1147105200e-04 -3.7817086000e-05  1.7609167000e-05  9.1832120000e-06 -5.6809210000e-06 -2.9193714000e-05  2.7338385000e-05  2.7210304000e-05  1.2966877000e-05  2.6408943000e-05  1.0333017900e-04 -4.4250942000e-05 -1.3570909000e-05 -3.5506094000e-05  2.8922963700e-04 -2.1711229000e-04 -3.5747588000e-05 -1.6064360000e-06  5.9561908000e-05 -2.7288700000e-06 -8.6457545000e-05  1.5954155000e-05 -2.7162131000e-05 -3.5864530000e-05 -7.3028240000e-05

JOB 5
COORDS  1.5050760368e-01 -3.0473007763e-02 -3.6814006339e-03 -5.8317895916e-01 -6.3141816434e-01  1.0782326032e+00 -1.9998999358e+00 -6.1005532716e-01  1.0684686804e+00 -2.7040497118e+00  1.4569663172e-02 -3.5410553415e-03 -1.9852857060e+00  6.2028081866e-01 -1.0762390781e+00 -5.6835631666e-01  6.0076154143e-01 -1.0787109857e+00  1.6577877997e+00 -2.2947216549e-02  1.0357351510e-02  2.3847914194e+00  2.6192989825e-01 -1.1323344792e+00  2.3593234341e+00 -2.6887438075e-01  1.1770067508e+00 -5.8866425285e-02 -1.1523047307e+00  1.9027699701e+00 -2.5596818815e+00 -1.0854568449e+00  1.8973276737e+00 -3.8126142854e+00  2.9932667486e-02 -2.5504762536e-03 -2.5301204161e+00  1.1142904861e+00 -1.9042559382e+00 -2.8656938088e-02  1.1062328951e+00 -1.9025670532e+00  3.4363536220e+00  2.9209005728e-01 -1.1275693908e+00  1.9019113129e+00  3.4184208066e-01 -2.0609288222e+00  3.4106876549e+00 -2.8957360336e-01  1.2040880869e+00  1.8483044265e+00 -3.8399660302e-01  2.0865745227e+00
ENERGY -3.765416602953e+02
GRADIENT  4.3938041700e-04 -1.6288698950e-03 -7.2050600700e-04  2.1177039100e-04  1.4787590080e-03  1.0542221440e-03  2.9884086100e-04  2.0346525700e-04 -5.3385299300e-04  3.6178709000e-05  2.7855124000e-05  7.4809598000e-05 -4.9805958800e-04  4.4698027700e-04 -8.9914560400e-04 -6.2869352100e-04 -4.7273078100e-04  1.1518165160e-03  3.6919002100e-04 -1.4162439430e-03 -1.4061309400e-04  4.1233909000e-05  1.4895565860e-03  1.0870583000e-05 -7.8576233000e-05  1.1877473900e-04 -1.5346583300e-04  8.2096688000e-05 -1.0645850600e-04 -4.3260088000e-05  4.1823508000e-05  3.2486917000e-05 -1.5639013000e-05  7.3982920000e-06  6.9361177000e-05 -9.5374854000e-05 -1.1705019600e-04  6.9896600000e-07 -3.6512104000e-05 -2.4255939700e-04 -6.9401320000e-05  1.8547300000e-05  5.1492990000e-06 -2.5607769000e-05  4.6823457100e-04  7.1211144000e-05 -1.7275450000e-06 -1.5721702000e-05 -1.1197580000e-06 -3.4905914000e-05 -1.6743717700e-04 -4.5615478000e-05 -1.1049343000e-04  4.1395666000e-05

JOB 6
COORDS  1.5036329638e-01 -2.8739280089e-02 -4.2711988622e-03 -5.8401460318e-01 -6.3005423441e-01  1.0771905021e+00 -2.0007698000e+00 -6.1148564581e-01  1.0698627161e+00 -2.7029485241e+00  1.2896280324e-02 -3.3819109443e-03 -1.9819582691e+00  6.1914895356e-01 -1.0744575086e+00 -5.6504243834e-01  6.0286744392e-01 -1.0811741613e+00  1.6574941643e+00 -2.3729112484e-02  1.0995210742e-02  2.3829294108e+00  2.6157803933e-01 -1.1325268764e+00  2.3586404489e+00 -2.6985959115e-01  1.1778948001e+00 -5.8677209224e-02 -1.1487257405e+00  1.9024047053e+00 -2.5601548565e+00 -1.0874552044e+00  1.8986950965e+00 -3.8115239959e+00  2.8115352018e-02 -4.2225543174e-03 -2.5275668622e+00  1.1130195947e+00 -1.9019799439e+00 -2.5368268361e-02  1.1094164774e+00 -1.9045064575e+00  3.4345649284e+00  2.8967549699e-01 -1.1320884110e+00  1.8972835649e+00  3.4312477836e-01 -2.0595636521e+00  3.4099738637e+00 -2.9043203786e-01  1.2064490923e+00  1.8469665760e+00 -3.8285934422e-01  2.0873304962e+00
ENERGY -3.765416741142e+02
GRADIENT -3.7057992000e-05 -1.3973443500e-03 -8.6362970500e-04 -6.4598296000e-05  1.6006739180e-03  5.9717684400e-04 -8.4853215000e-05 -1.4026835900e-04  1.2699589400e-04 -1.4966981900e-04  5.0874448000e-05 -2.6665863000e-05  1.6073560300e-04 -2.2422610800e-04  3.1375673100e-04  2.4290225900e-04  2.1860822000e-04 -2.2694546100e-04  1.5876528300e-04 -1.6569485500e-03 -2.2225408700e-04 -1.1878200800e-04  1.5599960780e-03  1.3184478300e-04 -8.6615574000e-05  1.1841074000e-04 -3.6381508000e-05 -1.5492848000e-05 -1.7585120000e-05 -1.1242823000e-05 -2.7513818000e-05  6.2992560000e-06  1.0373060000e-06 -1.3066582000e-05 -9.8902440000e-06  4.5682086000e-05  3.0960122000e-05 -2.2714283000e-05  1.1073932000e-05 -1.6775630000e-06 -1.6881056000e-05 -4.6101176000e-05  1.3935250000e-06 -1.5690572000e-05  2.6069875400e-04  1.9139600000e-05  6.2253956000e-05 -3.0162468000e-05 -5.6846430000e-06 -4.5608801000e-05 -5.1532639000e-05 -1.6232073000e-05 -6.8522009000e-05  2.5607583000e-05

JOB 7
COORDS  1.5109616110e-01 -3.1109671474e-02 -3.1392420138e-03 -5.8410040309e-01 -6.3222407745e-01  1.0779092162e+00 -2.0008119400e+00 -6.1191111947e-01  1.0683658438e+00 -2.7021882478e+00  1.3170534142e-02 -5.0405132355e-03 -1.9809208615e+00  6.2038112190e-01 -1.0753498718e+00 -5.6406327097e-01  6.0175602400e-01 -1.0794954949e+00  1.6583588863e+00 -2.5600852046e-02  1.2681044173e-02  2.3811101587e+00  2.6006596347e-01 -1.1324362814e+00  2.3605145846e+00 -2.6868937670e-01  1.1797263337e+00 -5.9840495856e-02 -1.1512488632e+00  1.9035628504e+00 -2.5614379603e+00 -1.0878822538e+00  1.8963504641e+00 -3.8107530518e+00  2.8716325801e-02 -6.4157581941e-03 -2.5253441118e+00  1.1159559769e+00 -1.9026625898e+00 -2.2735805132e-02  1.1092705517e+00 -1.9011282131e+00  3.4325643875e+00  2.9291445967e-01 -1.1422465300e+00  1.8894893283e+00  3.3903977150e-01 -2.0565000325e+00  3.4118706574e+00 -2.8724607786e-01  1.2092951199e+00  1.8487828163e+00 -3.7925297004e-01  2.0893621848e+00
ENERGY -3.765416726529e+02
GRADIENT  1.5702278900e-04 -1.3432289910e-03 -1.1222665990e-03 -4.0939651000e-05  1.4474875250e-03  8.5859083000e-04  4.2923336000e-05  3.9865831000e-05 -6.4084750000e-05  3.3309200000e-07 -1.0858028000e-05 -2.4385870000e-06 -7.5755857000e-05  7.8809761000e-05 -1.1288839300e-04 -9.3218396000e-05 -7.6604412000e-05  1.5978193700e-04 -4.3133066500e-04 -1.9132034290e-03 -2.2229246300e-04  2.4987190200e-04  1.5479240080e-03  8.9095110900e-04  1.4957982100e-04  1.3633020900e-04 -6.1494000000e-07 -5.5408450000e-06  1.8227560000e-06 -1.7647673000e-05  2.2137580000e-06  6.4360400000e-07 -6.5135470000e-06 -1.5675080000e-06  6.3549670000e-06 -1.2556997000e-05 -2.0818136000e-05  7.0701370000e-06  1.4092230000e-06  3.3117880000e-05 -3.8049622000e-05  2.4782316000e-05 -5.5743980000e-06  1.5522725000e-04 -5.0006602900e-04 -5.7944100000e-07  4.2196235000e-05  6.9062267000e-05  5.5090310000e-06 -6.5700452000e-05  1.1415588400e-04  2.6504540000e-05 -1.4587469000e-05 -5.8029144000e-05

JOB 8
COORDS  1.5059156341e-01 -2.9904075595e-02 -3.7025711781e-03 -5.8382214820e-01 -6.3129154435e-01  1.0777258513e+00 -2.0005341389e+00 -6.1172750432e-01  1.0690711985e+00 -2.7022822356e+00  1.2926388940e-02 -4.3261515286e-03 -1.9816016852e+00  6.2006844935e-01 -1.0750936094e+00 -5.6474564309e-01  6.0242076836e-01 -1.0802860303e+00  1.6578510479e+00 -2.4662719305e-02  1.1686171135e-02  2.3821422397e+00  2.6087350269e-01 -1.1324773610e+00  2.3594211025e+00 -2.6952566880e-01  1.1786599823e+00 -5.8967545486e-02 -1.1499609977e+00  1.9032410860e+00 -2.5606079428e+00 -1.0877667662e+00  1.8973940846e+00 -3.8108505037e+00  2.8078721784e-02 -5.3997940046e-03 -2.5266922884e+00  1.1150216451e+00 -1.9023324889e+00 -2.4188735506e-02  1.1099679145e+00 -1.9024166449e+00  3.4337475606e+00  2.8992326125e-01 -1.1360773589e+00  1.8941461381e+00  3.4009758644e-01 -2.0584687997e+00  3.4107976744e+00 -2.8799949362e-01  1.2072784469e+00  1.8479776685e+00 -3.8052472745e-01  2.0884418689e+00
ENERGY -3.765416766798e+02
GRADIENT -3.0367929000e-05 -1.3592299320e-03 -9.8117168600e-04 -4.1061770000e-06  1.4514586500e-03  8.1437844700e-04 -8.1277200000e-06 -1.0415337000e-05  1.2472446000e-05  3.1856228000e-05 -7.4281500000e-07 -1.1971760000e-06 -1.1796526000e-05  9.3179470000e-06 -1.8156088000e-05  1.1784535000e-05  4.6116050000e-06 -1.2765000000e-07  3.7614973000e-05 -1.7711137310e-03 -2.5592994600e-04  1.2020264000e-05  1.5779164300e-03  4.2162466700e-04 -2.8724494000e-05  9.6031319000e-05  5.0330450000e-05 -5.6247830000e-06 -2.8617230000e-06  1.5269160000e-06  1.3327100000e-06 -2.6928980000e-06  1.2665170000e-06  2.0163470000e-06  8.8876000000e-08  7.2598600000e-07  1.0821310000e-06  3.9407920000e-06 -1.3699290000e-06 -1.0316422000e-05 -1.7888310000e-06 -5.5586460000e-06 -4.8323850000e-06  3.9594797000e-05 -1.3473961000e-05  1.8285470000e-06  4.4062498000e-05  1.8146501000e-05 -2.9144010000e-06 -3.1825207000e-05 -3.4345162000e-05 -4.7889100000e-07 -4.4973128000e-05 -1.0106334000e-05

JOB 9
COORDS  1.5079706259e-01 -2.9713244635e-02 -3.5504263234e-03 -5.8373289241e-01 -6.3119846974e-01  1.0777158874e+00 -2.0004603593e+00 -6.1171037056e-01  1.0688519127e+00 -2.7024216424e+00  1.2850828694e-02 -4.4555309128e-03 -1.9814338323e+00  6.2004321548e-01 -1.0749882174e+00 -5.6456422965e-01  6.0254967246e-01 -1.0801323985e+00  1.6580317767e+00 -2.4655149060e-02  1.1798121831e-02  2.3819213750e+00  2.6108595550e-01 -1.1325831084e+00  2.3598101638e+00 -2.6980212538e-01  1.1786068772e+00 -5.8953213686e-02 -1.1498164912e+00  1.9033086951e+00 -2.5605109697e+00 -1.0878684314e+00  1.8971186686e+00 -3.8109955394e+00  2.7889218814e-02 -5.6496571017e-03 -2.5264375730e+00  1.1149950566e+00 -1.9022806461e+00 -2.3991130162e-02  1.1102639721e+00 -1.9021509868e+00  3.4335678728e+00  2.8886290762e-01 -1.1360372478e+00  1.8939607095e+00  3.3943531314e-01 -2.0586881964e+00  3.4111867169e+00 -2.8765242907e-01  1.2077709833e+00  1.8483055876e+00 -3.7984051813e-01  2.0884763895e+00
ENERGY -3.765416769099e+02
GRADIENT -5.6293730000e-06 -1.3313284560e-03 -1.0154525420e-03  1.4830918000e-05  1.4393510950e-03  8.1353078100e-04  3.5323834000e-05  2.6682180000e-05 -5.0137223000e-05 -9.2659000000e-05  2.0479360000e-06 -9.6649700000e-07  2.9438702000e-05 -2.4976117000e-05  4.3073888000e-05  2.1901590000e-05 -2.8960930000e-06 -8.1052220000e-06  6.1603365000e-05 -1.7912603890e-03 -1.8993065300e-04 -8.1457270000e-05  1.6117519680e-03  3.3825918100e-04  2.9618200000e-05  8.3292359000e-05  6.0894610000e-06 -1.2206380000e-06  1.2097920000e-06  8.1799100000e-07 -1.2587120000e-06  1.0071970000e-06 -7.1495540000e-06 -7.6531940000e-06 -2.2766400000e-07 -1.2372000000e-08 -2.6815970000e-06 -2.2718220000e-06  7.2064740000e-06  1.8436210000e-06 -7.4802300000e-07 -2.1148320000e-06 -7.4514250000e-06  1.7140807000e-05  4.9672295000e-05 -2.8964300000e-06  4.3990137000e-05  2.3274310000e-06 -4.8643150000e-06 -3.5225488000e-05  2.5843230000e-05  5.3245180000e-06 -3.6257024000e-05 -1.4008221000e-05

