JOB 0
COORDS  1.5490370000e-01  1.9750200000e-02 -1.7335400000e-02 -5.7820720000e-01 -3.9643140000e-01 -1.1834547000e+00 -1.9949636000e+00 -4.0042830000e-01 -1.1643819000e+00 -2.6985559000e+00 -3.5545000000e-03  1.1363400000e-02 -1.9788808000e+00  4.0135110000e-01  1.1744033000e+00 -5.6197040000e-01  4.1462400000e-01  1.1661917000e+00  1.6621917000e+00  4.6827000000e-03 -2.1490800000e-02  2.3872020000e+00  6.7581250000e-01  9.4792200000e-01  2.3641605000e+00 -7.1128070000e-01 -9.7463940000e-01 -5.2596600000e-02 -6.7725850000e-01 -2.1166537000e+00 -2.5541760000e+00 -7.0914810000e-01 -2.0690175000e+00 -3.8071604000e+00 -1.1279900000e-02  2.1677100000e-02 -2.5247033000e+00  6.9899030000e-01  2.0908727000e+00 -2.2314700000e-02  6.9912390000e-01  2.0900470000e+00  3.4389357000e+00  6.6478720000e-01  9.7170630000e-01  1.8983838000e+00  1.3220241000e+00  1.6152887000e+00  3.4156283000e+00 -7.2147970000e-01 -1.0043998000e+00  1.8536670000e+00 -1.3232408000e+00 -1.6576947000e+00
ENERGY -3.765416742792e+02
GRADIENT -6.1556385000e-05  1.3994443970e-03 -5.3267603800e-04  5.9586176000e-05 -1.5410826870e-03  3.7635688300e-04  1.3772393500e-04  9.9857900000e-05  1.9683344000e-04 -1.7588231400e-04 -2.5415628000e-05 -1.1735125000e-05 -9.7410710000e-06  4.5755026000e-05  5.4598234000e-05 -2.9667909000e-05 -7.7566095000e-05 -9.0261002000e-05 -3.2961038600e-04  1.5258306690e-03 -9.9455438200e-04  5.4866222900e-04 -1.7118596400e-03  6.3247657800e-04 -1.5512583500e-04 -7.7348644000e-05  4.1730086000e-05  2.6245751000e-05 -3.6304323000e-05 -5.2858770000e-06  9.3914250000e-06  1.3599579000e-05  1.6439871000e-05 -1.2511374000e-05 -4.0976400000e-07  2.3784411000e-05 -1.4552358000e-05  3.7105040000e-06 -5.9324090000e-06 -2.9655402000e-05  2.7011250000e-05 -1.6965842000e-05  2.5975616000e-05  2.6025159700e-04  2.9572790400e-04  2.2950808000e-05 -4.6913950000e-05 -4.2413351000e-05  8.9941510000e-06  1.1757262500e-04  1.0964571900e-04 -2.9128011000e-05  2.3767473000e-05 -4.5971886000e-05

JOB 1
COORDS  1.5510022806e-01 -7.7357545699e-03 -4.0306466940e-03 -5.7755806984e-01 -3.7814306948e-01 -1.1858189617e+00 -1.9943311899e+00 -3.6933162376e-01 -1.1750023832e+00 -2.6964918944e+00  4.0408936968e-03  9.1910173865e-03 -1.9780762615e+00  3.7456769014e-01  1.1844743774e+00 -5.6111158317e-01  3.7460321110e-01  1.1839400234e+00  1.6622738003e+00 -1.6144550588e-02 -1.0696841349e-02  2.3794623774e+00  7.1992583626e-01  9.1614042108e-01  2.3690963944e+00 -7.5117619811e-01 -9.4588533141e-01 -5.0149880110e-02 -6.3478687623e-01 -2.1248994470e+00 -2.5527656588e+00 -6.4689927037e-01 -2.0901953770e+00 -3.8051270848e+00  7.8635017967e-03  1.5465768735e-02 -2.5254632828e+00  6.5753577974e-01  2.1046446035e+00 -2.2418818297e-02  6.3572778519e-01  2.1152707201e+00  3.4314409313e+00  7.2497839412e-01  9.2399793272e-01  1.8864799197e+00  1.3930684463e+00  1.5532771577e+00  3.4201542243e+00 -7.4547534353e-01 -9.8837362724e-01  1.8625348098e+00 -1.3955557564e+00 -1.6014374824e+00
ENERGY -3.765419295297e+02
GRADIENT  4.0563688600e-04  9.1648621000e-05  1.2113940400e-04 -5.5863364600e-04 -5.9022700000e-07  7.5945993500e-04 -1.8404984100e-04 -3.2363637100e-04 -8.4683825700e-04  4.9095820200e-04  3.5253444000e-05  9.7622707000e-05  7.9885685000e-05 -1.2572122000e-05  2.5966406000e-05 -4.8517660000e-06  4.9594344600e-04  2.1319340000e-06  4.0050839100e-04 -1.3989883110e-03  5.3123053800e-04 -6.9838870100e-04  1.6959469800e-04  1.0579771910e-03  5.8464482500e-04  3.1373905500e-04 -5.1420692400e-04 -4.8664357900e-04  1.2654570600e-04 -1.6444531300e-04 -4.4268111000e-05 -1.0496561700e-04 -2.0740961000e-05  2.0409297000e-05  5.0192090000e-06 -6.5993396000e-05  4.5898109000e-05 -9.1744980000e-06  2.9720523000e-05 -3.7712203400e-04  3.2594793700e-04  3.5856774000e-05 -1.4151856100e-04 -2.2314141600e-04 -7.0407220800e-04  2.8312073500e-04  1.7072600900e-04 -1.0240093200e-04 -1.3296875100e-04 -8.9436090000e-05 -1.1329037600e-04  3.1422804900e-04  4.3138742900e-04 -1.2878925400e-04

JOB 2
COORDS  1.5425239296e-01 -1.5425673618e-02 -4.2060412753e-03 -5.7235498983e-01 -3.5996133796e-01 -1.1965339990e+00 -1.9892769220e+00 -3.4228115069e-01 -1.1793517360e+00 -2.6945329228e+00  8.3941912184e-03  1.0143926776e-02 -1.9759054992e+00  3.5118264718e-01  1.1936981818e+00 -5.5878951665e-01  3.4601541889e-01  1.1915603392e+00  1.6603442933e+00 -1.6563465365e-02 -1.2375231350e-02  2.3752396379e+00  7.5696427096e-01  8.8515561579e-01  2.3656445533e+00 -7.8320093723e-01 -9.2230822735e-01 -4.2469301066e-02 -5.9908872179e-01 -2.1390329870e+00 -2.5492219517e+00 -5.9656366917e-01 -2.1002703368e+00 -3.8031790059e+00  1.6090511743e-02  1.4377220768e-02 -2.5224807022e+00  6.1649460052e-01  2.1195908940e+00 -1.5544696710e-02  5.8241228371e-01  2.1270091616e+00  3.4270448173e+00  7.7263795523e-01  9.0867011959e-01  1.8712936758e+00  1.4445017879e+00  1.4981675186e+00  3.4165903818e+00 -7.7483557889e-01 -9.7080137573e-01  1.8578710161e+00 -1.4603131452e+00 -1.5436943797e+00
ENERGY -3.765420706999e+02
GRADIENT -6.1971904400e-04 -6.6562090900e-04 -1.9963824000e-05  9.1722278300e-04 -3.9089391500e-04 -1.3913102760e-03  9.5462631200e-04  4.0218681800e-04  1.2900543480e-03 -8.1100378100e-04 -3.7425286000e-05 -2.1941588000e-05  1.5014266400e-04  7.6533832000e-05  7.5322687000e-05  2.2312114900e-04  4.9152546700e-04 -7.1370568000e-05 -1.6996781790e-03 -6.8379330400e-04  3.8937730400e-04  7.3486529800e-04 -7.3304396700e-04 -1.2249776000e-04  3.3156548000e-04  4.8540795500e-04 -1.1098390200e-04 -1.8542752700e-04 -1.2166602000e-05 -2.8929679600e-04  1.4452519400e-04 -1.3429117000e-05  8.8354650000e-05 -7.7496191000e-05  2.7228306000e-05  1.0873613200e-04 -4.7594760000e-06  1.0584502000e-05 -2.5237322000e-05 -3.7321222300e-04  1.8095466400e-04  1.5276321300e-04 -7.2730534000e-05  6.9548038000e-04  3.2494804100e-04  2.8452024700e-04  2.6663661000e-05 -1.8001344800e-04 -8.2400680000e-05 -7.3196656000e-05 -6.6481835000e-05  1.9292908500e-04  2.1277003300e-04 -1.2884190400e-04

JOB 3
COORDS  1.5529668571e-01 -2.2771392367e-02  1.1499686577e-03 -5.7285297128e-01 -3.2618139755e-01 -1.2004147931e+00 -1.9902426593e+00 -3.0442813199e-01 -1.1957030195e+00 -2.6889772097e+00  1.2058283773e-02  7.0811291781e-03 -1.9722064578e+00  3.1361055331e-01  1.2034669673e+00 -5.5474546928e-01  3.0530567878e-01  1.2067812209e+00  1.6609066000e+00 -1.6617087130e-02 -1.2443024241e-02  2.3702098630e+00  8.1249297550e-01  8.3776120303e-01  2.3621332769e+00 -8.3019931814e-01 -8.8318911023e-01 -3.5447254190e-02 -5.3781939724e-01 -2.1451111431e+00 -2.5492137047e+00 -5.2497300292e-01 -2.1260393090e+00 -3.7974716267e+00  2.5001258219e-02  1.1707803733e-02 -2.5213230691e+00  5.5020890628e-01  2.1356451218e+00 -7.6028357239e-03  5.0549776378e-01  2.1485532331e+00  3.4220685583e+00  8.3030865342e-01  8.6630075921e-01  1.8591326094e+00  1.5254072071e+00  1.4156071789e+00  3.4127964695e+00 -8.1850040363e-01 -9.4146367427e-01  1.8519776886e+00 -1.5524186609e+00 -1.4503949453e+00
ENERGY -3.765421162453e+02
GRADIENT  8.5116449900e-04 -1.3778860390e-03  4.2743163000e-05 -5.2466251800e-04  9.2371721700e-04  1.6266365920e-03 -1.0207338470e-03 -4.3364236700e-04 -1.9955947190e-03  1.1332566430e-03 -5.6085337000e-05  9.8318971000e-05 -1.2167626300e-04  1.3498625000e-04  1.2620344000e-04  5.0982223500e-04  5.4214194300e-04 -1.2058544200e-04 -9.3527902300e-04 -1.7079440600e-04  4.7399521500e-04  4.9608766400e-04 -1.0185665700e-04 -7.4290649000e-05 -1.5551009600e-04  1.2362493500e-04 -2.1116483300e-04 -3.8071746000e-04  4.3619346000e-05 -1.2862005000e-05 -1.0369064700e-04  1.7626480000e-06 -1.3334006100e-04  8.4484381000e-05 -6.1937374000e-05 -1.3363853600e-04  1.0365816600e-04  6.2234538000e-05  5.1521449000e-05 -1.3098079200e-04 -1.7640487200e-04  1.3529169400e-04 -6.8565213000e-05  4.9324084500e-04  9.0599663000e-05  2.2507062100e-04  5.3732393000e-05 -8.4427822000e-05 -9.1056607000e-05  1.2939328800e-04  1.3024080900e-04  1.4669339900e-04 -1.3012867700e-04 -6.5991580000e-06

JOB 4
COORDS  1.5599823687e-01 -1.4266823339e-02 -5.0340552613e-03 -5.6993866683e-01 -3.1885595944e-01 -1.2072746895e+00 -1.9874175263e+00 -2.9930175112e-01 -1.1910050091e+00 -2.6924829254e+00  1.0402326670e-02  9.8642614884e-03 -1.9732263970e+00  3.0854503632e-01  1.2052285190e+00 -5.5566903591e-01  3.0474900759e-01  1.2021998790e+00  1.6623297323e+00 -1.1671083982e-02 -1.6298238016e-02  2.3662635142e+00  8.1964964363e-01  8.3505486386e-01  2.3638159915e+00 -8.3513775677e-01 -8.7758261132e-01 -3.3056181310e-02 -5.2837908985e-01 -2.1528808471e+00 -2.5476234802e+00 -5.1954093980e-01 -2.1205391641e+00 -3.8010713753e+00  1.9362228508e-02  1.4346624883e-02 -2.5201421089e+00  5.3879019392e-01  2.1402892860e+00 -5.4620484433e-03  5.0302678887e-01  2.1425799712e+00  3.4182822668e+00  8.2216804684e-01  8.6600302385e-01  1.8567741680e+00  1.5372369254e+00  1.4089605564e+00  3.4146885898e+00 -8.3213803015e-01 -9.3570249873e-01  1.8495045014e+00 -1.5585906755e+00 -1.4395258469e+00
ENERGY -3.765421258797e+02
GRADIENT  4.1912857200e-04 -4.1262714000e-04  6.2607284000e-04  5.5686939700e-04  2.5360302200e-04 -8.4061164800e-04  6.8917554000e-04  2.9343549000e-04  1.2743624500e-03 -1.1495632560e-03  1.0468476000e-05 -7.5208630000e-05  7.6566576000e-05 -1.6821387000e-05  5.6598616000e-05 -3.2618037300e-04  1.5810058900e-04 -6.2340367100e-04  8.0908852200e-04 -3.4265383000e-04 -6.2737420100e-04 -1.3747222080e-03  9.2672724100e-04  9.2360521400e-04  2.6712888100e-04  4.9305052000e-05 -1.0806501400e-04  1.3146361600e-04 -3.7315103000e-05  4.2598410000e-06  5.5478034000e-05  3.7725913000e-05  9.6560027000e-05 -9.0635691000e-05  2.4758383000e-05  8.9778754000e-05 -9.6239991000e-05  8.8933570000e-06 -6.8414878000e-05  1.8433566000e-05 -1.6317900000e-04 -1.9947030000e-06 -3.4138975000e-05 -6.3563128100e-04 -8.0722657500e-04 -1.9180420000e-06  1.9265050600e-04  1.3538793900e-04 -1.8193167000e-05 -2.0392800200e-04 -1.5700772200e-04  8.5294948000e-05 -1.4377612600e-04  1.0492214500e-04

JOB 5
COORDS  1.5407675893e-01 -1.0890173044e-02 -4.0241356908e-03 -5.7011091392e-01 -3.1686345875e-01 -1.2072838727e+00 -1.9874628076e+00 -3.0077656849e-01 -1.1939825272e+00 -2.6899722349e+00  7.9679547497e-03  8.5199804586e-03 -1.9734135816e+00  3.0765296340e-01  1.2051170487e+00 -5.5602213077e-01  3.0715565962e-01  1.2045283294e+00  1.6609215900e+00 -1.0579734994e-02 -1.4084462071e-02  2.3719544885e+00  8.1854119745e-01  8.3345914849e-01  2.3583672244e+00 -8.3552646702e-01 -8.7691849059e-01 -3.1240400799e-02 -5.2576270550e-01 -2.1519061505e+00 -2.5473754935e+00 -5.2255658468e-01 -2.1233713647e+00 -3.7985267281e+00  1.4944570974e-02  1.3292291781e-02 -2.5222409461e+00  5.3656776732e-01  2.1393886857e+00 -6.1546720423e-03  5.0819490973e-01  2.1445265659e+00  3.4237935511e+00  8.2172191398e-01  8.7136736883e-01  1.8625486765e+00  1.5365467164e+00  1.4067257721e+00  3.4092096326e+00 -8.3536256956e-01 -9.3625677330e-01  1.8404998608e+00 -1.5548401069e+00 -1.4408324149e+00
ENERGY -3.765421524769e+02
GRADIENT -3.9605166400e-04 -6.6512029400e-04  1.9028842000e-05  1.8953759900e-04  3.4257882300e-04 -6.0929187600e-04  7.0259149000e-05  4.4029127000e-05  2.8703130400e-04  5.2289923000e-05  3.3381308000e-05 -5.7125819000e-05  2.7726385000e-05 -5.5906153000e-05  6.1726380000e-06 -4.5410494000e-05  2.2141968000e-04  2.0066946700e-04 -3.7138484500e-04 -5.8744640000e-06  3.7539026300e-04  2.4371192800e-04 -1.4086985400e-04 -2.1891844500e-04  8.0701046000e-05  3.6665979300e-04  9.9412860000e-05  6.7005193000e-05 -7.3619152000e-05 -1.0705652000e-05  4.2291077000e-05 -1.5591905000e-05  3.9080410000e-06  2.1919660000e-06  1.2745576000e-05  1.7575276000e-05  1.0803548000e-05  5.8299760000e-06  6.1475970000e-06 -6.5180700000e-07 -7.2139534000e-05  4.2260001000e-05  6.1204332000e-05  1.1768732900e-04 -2.9196007000e-05 -4.4972778000e-05  7.5140381000e-05 -1.1304182500e-04  4.3235722000e-05 -1.4760638100e-04 -9.1669569000e-05 -1.4905734000e-05 -4.2979344000e-05  7.3100321000e-05

JOB 6
COORDS  1.5538238849e-01 -1.0814969657e-02 -5.2836169386e-03 -5.7203229207e-01 -3.1628761802e-01 -1.2066179553e+00 -1.9894457963e+00 -3.0056394215e-01 -1.1936783587e+00 -2.6912286814e+00  7.7609396541e-03  9.3880436302e-03 -1.9725718234e+00  3.0795046157e-01  1.2046259403e+00 -5.5507084672e-01  3.0720560850e-01  1.2028317090e+00  1.6622288253e+00 -1.2151046193e-02 -1.5654774025e-02  2.3706093531e+00  8.1831502285e-01  8.3296414181e-01  2.3603015277e+00 -8.3727977861e-01 -8.7788206677e-01 -3.4573344429e-02 -5.2448160455e-01 -2.1521377383e+00 -2.5496621065e+00 -5.2211949146e-01 -2.1229546964e+00 -3.7997834363e+00  1.4621544346e-02  1.5424909106e-02 -2.5202276630e+00  5.3737777786e-01  2.1394546117e+00 -4.9503834782e-03  5.0985166261e-01  2.1423025891e+00  3.4221680155e+00  8.2306323071e-01  8.7633743619e-01  1.8582273512e+00  1.5336769692e+00  1.4067965751e+00  3.4112957256e+00 -8.3383230135e-01 -9.3334400048e-01  1.8447234225e+00 -1.5561371700e+00 -1.4444793359e+00
ENERGY -3.765421536688e+02
GRADIENT  3.8026423900e-04 -4.4364345100e-04  1.3638074600e-04 -2.0624375400e-04  5.1065436400e-04  1.7438024000e-04 -4.0113077000e-05 -3.6384694000e-05 -8.4604632000e-05 -1.4126838600e-04  5.1039300000e-06 -6.0085330000e-06  5.8474909000e-05 -3.6392165000e-05 -6.0831128000e-05 -1.0697761100e-04  1.1825444000e-05 -1.6759222300e-04  1.6676092500e-04 -1.8620735100e-04  3.1011578600e-04  7.9063451000e-05 -3.4414201000e-05 -1.6766072600e-04 -1.8174510400e-04 -2.0252751800e-04 -3.6587568200e-04 -1.1724460000e-05  5.6156770000e-06  4.6485164000e-05 -3.2986460000e-05 -5.2333780000e-06  1.1038404000e-05 -8.6286570000e-06  3.3634510000e-06 -1.2999820000e-05 -1.8121952000e-05  1.7459950000e-06 -1.7479438000e-05  5.1089212000e-05  7.7701000000e-08 -5.1763309000e-05 -1.9762865000e-05  2.6742435200e-04  1.2409357000e-04  2.2051164000e-05  6.0049270000e-05 -8.1900662000e-05 -2.9696900000e-06  1.4538751100e-04  1.8956494500e-04  2.9093330000e-05 -6.6426600000e-05  2.6226817000e-05

JOB 7
COORDS  1.5452924667e-01 -9.6464063851e-03 -5.3263950896e-03 -5.7147230246e-01 -3.1594577743e-01 -1.2072584568e+00 -1.9888501888e+00 -3.0083658836e-01 -1.1942383172e+00 -2.6903733823e+00  6.9470401251e-03  9.1690868417e-03 -1.9728878506e+00  3.0769992182e-01  1.2049771435e+00 -5.5540719997e-01  3.0769044807e-01  1.2032853769e+00  1.6612967877e+00 -1.0972081312e-02 -1.5156133703e-02  2.3705846472e+00  8.1943343988e-01  8.3266384040e-01  2.3589325573e+00 -8.3705647885e-01 -8.7674496366e-01 -3.3502242396e-02 -5.2360433456e-01 -2.1526303027e+00 -2.5490981655e+00 -5.2247966173e-01 -2.1234755041e+00 -3.7989242608e+00  1.3018120356e-02  1.5001451142e-02 -2.5210282393e+00  5.3663473088e-01  2.1396469334e+00 -5.3101914684e-03  5.1066912565e-01  2.1427098031e+00  3.4222037598e+00  8.1994995344e-01  8.7466403090e-01  1.8602777004e+00  1.5348210967e+00  1.4083178399e+00  3.4098145458e+00 -8.3547181444e-01 -9.3431470217e-01  1.8417563236e+00 -1.5546978099e+00 -1.4434257448e+00
ENERGY -3.765421569399e+02
GRADIENT  1.6202801000e-05 -4.0234387600e-04  4.8485414000e-05 -1.6017831000e-05  3.9507218800e-04 -1.3688295000e-05 -7.1408736000e-05 -3.0515701000e-05 -1.3195044300e-04  1.3577613400e-04 -1.2629735000e-05 -7.3538300000e-07 -3.9234852000e-05  2.8660349000e-05  7.7689429000e-05  1.8856877000e-05 -1.6669000000e-05 -3.6501780000e-05  8.5372451000e-05 -2.4183607700e-04  2.7414099200e-04 -8.3039877000e-05  1.9692375600e-04 -3.9811480000e-05 -5.6546770000e-05  1.7792474000e-05 -1.4592971300e-04 -8.9248740000e-06 -5.4350210000e-06  9.9285820000e-06 -1.4592300000e-06 -1.7464200000e-06 -1.2784997000e-05  1.3072118000e-05 -8.8305800000e-07 -3.1697190000e-06  3.6690760000e-06  8.4058090000e-06  7.6505010000e-06  1.5042012000e-05  1.0922309000e-05 -9.1865960000e-06 -6.0576820000e-06  4.0737165000e-05 -6.4999207000e-05  9.1842230000e-06  6.6327239000e-05 -4.3010501000e-05 -5.8075970000e-06  5.2766400000e-07  5.5336120000e-05  7.6316820000e-06 -5.3443386000e-05  2.9535178000e-05

JOB 8
COORDS  1.5428356822e-01 -8.3404010501e-03 -5.1383779236e-03 -5.7159304702e-01 -3.1538085310e-01 -1.2069714233e+00 -1.9889910524e+00 -3.0113161862e-01 -1.1940065388e+00 -2.6917329338e+00  6.1699122985e-03  8.7837229890e-03 -1.9738276785e+00  3.0729969794e-01  1.2041982633e+00 -5.5631900693e-01  3.0836686931e-01  1.2033014559e+00  1.6611861107e+00 -9.8955857756e-03 -1.4515790017e-02  2.3723965783e+00  8.2009097848e-01  8.3195170737e-01  2.3580546696e+00 -8.3680145251e-01 -8.7586311077e-01 -3.3489117545e-02 -5.2270799909e-01 -2.1523529814e+00 -2.5487266691e+00 -5.2331242124e-01 -2.1234122182e+00 -3.8003018544e+00  1.1438294659e-02  1.4437403706e-02 -2.5221575693e+00  5.3576763327e-01  2.1388579723e+00 -6.9087229904e-03  5.1177434075e-01  2.1430309943e+00  3.4239929400e+00  8.1712981223e-01  8.7455045278e-01  1.8636149182e+00  1.5347639309e+00  1.4097982063e+00  3.4088184016e+00 -8.3648274042e-01 -9.3573751945e-01  1.8392366582e+00 -1.5525501090e+00 -1.4433876181e+00
ENERGY -3.765421573866e+02
GRADIENT  1.6285460000e-06 -4.2741325900e-04 -1.0216309600e-04 -3.9453862000e-05  3.4224238100e-04 -5.0066299000e-05  7.2828415000e-05  2.4394757000e-05  8.0705247000e-05 -2.5060768000e-04 -2.3782360000e-06  8.4918480000e-06  1.2735184800e-04 -3.5869941000e-05 -2.0359079000e-04  2.2204094000e-05 -1.2681668000e-05  1.0206553300e-04 -9.9262963000e-05 -1.8803281800e-04  4.1662132400e-04  9.7018407000e-05  1.5859055300e-04 -1.9019323400e-04  7.2539559000e-05  2.3628982500e-04  7.7703057000e-05  1.7868477000e-05 -4.2507960000e-06  1.3191714000e-05 -1.3184548000e-05  4.9751930000e-06  1.8813407000e-05 -1.8541099000e-05 -4.7755860000e-06 -6.5979930000e-06 -7.1420800000e-07 -5.0484790000e-06 -2.2625096000e-05  9.6808950000e-06  2.0580100000e-06 -4.1696260000e-06  1.9656855000e-05 -4.6384940000e-06 -6.9165372000e-05 -2.1433930000e-06  3.8436363000e-05 -5.9381906000e-05  9.2836280000e-06 -1.0554779000e-04 -5.1513348000e-05 -1.0096846000e-05 -1.6589558000e-05  4.2285514000e-05

