JOB 0
COORDS  1.5341580000e-01  6.0247300000e-02 -4.6985700000e-02 -5.5290570000e-01 -8.5168480000e-01 -8.9844080000e-01 -1.9710785000e+00 -8.8215550000e-01 -8.5187280000e-01 -2.6790224000e+00 -1.5181000000e-02  3.0844800000e-02 -1.9711524000e+00  8.7945290000e-01  8.8616360000e-01 -5.5264590000e-01  9.0865190000e-01  8.6751470000e-01  1.6693748000e+00  3.1343700000e-02 -2.6841800000e-02  2.3391617000e+00 -2.3623990000e-01  1.1495836000e+00  2.3795034000e+00  1.7193880000e-01 -1.2012087000e+00  8.1240000000e-04 -1.5344677000e+00 -1.5719224000e+00 -2.5246954000e+00 -1.5883727000e+00 -1.5008828000e+00 -3.7866714000e+00 -4.0749800000e-02  5.6622800000e-02 -2.5252821000e+00  1.5506881000e+00  1.5708585000e+00  8.3790000000e-04  1.6053977000e+00  1.5268055000e+00  3.3898385000e+00 -2.1848940000e-01  1.2323317000e+00  1.7835360000e+00 -3.8044040000e-01  2.0312455000e+00  3.4281526000e+00  8.1084200000e-02 -1.2526663000e+00  1.8645936000e+00  4.0545430000e-01 -2.0882742000e+00
ENERGY -3.765388085649e+02
GRADIENT -4.2878822400e-04  2.3046665410e-03 -5.3485552010e-03  2.2435965800e-04 -3.4064104410e-03  2.9276957730e-03  1.2602046200e-04  1.8973864100e-04  1.7090836400e-04  1.4839640100e-04 -1.4548283000e-05 -1.1177296000e-05 -5.6916999000e-05  7.9279988000e-05  7.8300637000e-05  1.3261795100e-04  1.5071572600e-04  1.4314504700e-04 -2.8472872800e-04  5.1697136680e-03  3.0958948520e-03  2.0652766200e-04 -4.4693120420e-03 -1.3657615550e-03 -1.3344082700e-04  9.4216595000e-05 -3.2695115000e-05  1.2191707000e-05 -4.2765965000e-05 -5.4520553000e-05  6.0110181000e-05 -3.6486510000e-06 -8.1712270000e-06  9.6815590000e-06  2.0595976000e-05  2.0150808000e-05  1.7528145000e-05  1.4666383000e-05  1.7558112000e-05 -3.5037239000e-05  4.1787418000e-05  2.8521375000e-05 -5.5268780000e-06 -8.4477348000e-05  3.0297150100e-04  7.0394700000e-07  1.1123693000e-05 -4.5761595000e-05  1.9521556000e-05 -3.2988021000e-05  8.7045885000e-05 -1.2974553000e-05 -1.4364607000e-05 -2.1180904000e-05

JOB 1
COORDS  1.5707669405e-01  8.4257520379e-02 -6.0058096326e-02 -5.5178631558e-01 -8.5848538045e-01 -8.7516300810e-01 -1.9696253316e+00 -9.0379487325e-01 -8.2518039667e-01 -2.6823653488e+00 -2.0574539840e-02  3.7042412928e-02 -1.9750636456e+00  8.9816053708e-01  8.6687205943e-01 -5.5676632547e-01  9.3957693034e-01  8.4166659103e-01  1.6731117643e+00  5.1292132609e-02 -2.9567711701e-02  2.3280633354e+00 -2.8981590937e-01  1.1360968228e+00  2.3930417000e+00  2.1790305906e-01 -1.1946366964e+00  4.3267919977e-03 -1.5572206626e+00 -1.5298755007e+00 -2.5178557072e+00 -1.6334956443e+00 -1.4524853312e+00 -3.7896329590e+00 -5.4612065002e-02  6.9273596465e-02 -2.5310073494e+00  1.5794606446e+00  1.5400286560e+00 -8.1045597750e-03  1.6535387438e+00  1.4863359403e+00  3.3788331632e+00 -2.9258715517e-01  1.2192400208e+00  1.7663545543e+00 -4.6966151566e-01  2.0073532559e+00  3.4400935609e+00  1.1018286309e-01 -1.2455686013e+00  1.8870320562e+00  4.9083102821e-01 -2.0755210311e+00
ENERGY -3.765375842908e+02
GRADIENT  3.6931414430e-03  2.4772366550e-03 -7.5482205480e-03 -1.6680531350e-03 -2.0552206030e-03  5.1668923800e-03 -8.2237651000e-05 -7.6872454300e-04 -7.4285009300e-04 -4.6947952800e-04  6.5657176000e-05  4.4388085000e-05  3.8424417000e-04 -1.1448174900e-04 -1.0169047700e-04 -6.9189250600e-04 -1.0170640690e-03  2.9247439300e-04 -1.6454512900e-04  8.5263131770e-03  4.4816450090e-03 -7.3188157200e-04 -5.4725633770e-03 -6.3335730800e-04  2.9521496600e-04 -7.2105047200e-04 -5.3049006200e-04 -5.7685554000e-05 -6.6872201000e-05  3.3397259000e-04 -2.1586278400e-04  3.1369718000e-05  2.4512138000e-05 -6.1210094000e-05 -6.8971484000e-05 -3.5590135000e-05 -7.0493179000e-05 -1.0507252000e-05 -7.2420217000e-05  6.1454328000e-05 -1.0582042300e-04 -4.5903911000e-05 -2.1128759400e-04  1.0055357400e-04 -5.5557860000e-04  1.0782944500e-04 -4.0075233300e-04 -1.3306053200e-04 -2.4064830300e-04 -1.5526260400e-04 -9.0683069000e-05  1.1911708100e-04 -2.3537830900e-04  1.1300536600e-04

JOB 2
COORDS  1.5165926657e-01  8.7738990181e-02 -6.6554761815e-02 -5.4649739133e-01 -8.7782318372e-01 -8.6365057107e-01 -1.9640070260e+00 -9.1981318428e-01 -8.0448451764e-01 -2.6772425575e+00 -2.1090773610e-02  4.1160450118e-02 -1.9751560931e+00  9.1753938086e-01  8.5259917652e-01 -5.5714363288e-01  9.6062044856e-01  8.2227080981e-01  1.6687886249e+00  5.1466634630e-02 -2.8530907703e-02  2.3210282149e+00 -3.3281116356e-01  1.1251997564e+00  2.3928433442e+00  2.5484078067e-01 -1.1848904439e+00  1.1125560286e-02 -1.5867762599e+00 -1.5062406940e+00 -2.5135404360e+00 -1.6626985458e+00 -1.4148358366e+00 -3.7842762096e+00 -5.8575617368e-02  7.5266291462e-02 -2.5321855313e+00  1.6096664879e+00  1.5137130828e+00 -6.4306132664e-03  1.6867408449e+00  1.4515101090e+00  3.3715378393e+00 -3.4347521977e-01  1.2140192597e+00  1.7554069485e+00 -5.3410405016e-01  1.9893690327e+00  3.4402962546e+00  1.4919254695e-01 -1.2362691854e+00  1.8901215589e+00  5.6189956260e-01 -2.0566212679e+00
ENERGY -3.765368923177e+02
GRADIENT  1.0124128070e-03  2.6349579100e-03 -8.7056512670e-03  1.8734769000e-05 -4.3238953050e-03  3.0855859430e-03  7.6766894800e-04  4.1594328100e-04  3.9523366500e-04  5.9162047000e-05  5.9587940000e-06 -6.0243443000e-05  8.9800203000e-05  3.5227863500e-04  4.4214465900e-04 -2.4169896200e-04 -4.1946481300e-04  1.1483697270e-03 -1.9427003830e-03  8.2993619580e-03  5.4825533930e-03  1.8676933900e-04 -5.4232854310e-03 -1.2905137130e-03  2.4116418500e-04 -9.4381571800e-04 -3.8888086500e-04  5.2239517000e-05 -2.7947413100e-04  6.2852006000e-05  9.8304194000e-05  1.1711220000e-05  2.4074776000e-05 -2.9093920000e-05  7.4009558000e-05  5.9846858000e-05 -2.1636310000e-06  4.2067534000e-05  8.9608720000e-06 -9.5861990000e-05  1.2721811000e-04  5.1599461000e-05 -1.4020858300e-04  2.0784461000e-05 -1.4402205200e-04  6.8416585000e-05 -3.0171741500e-04 -2.1363211500e-04 -2.1346721200e-04 -1.8915089800e-04 -1.0433331800e-04  6.4125500000e-05 -9.0219345000e-05  9.9313245000e-05

JOB 3
COORDS  1.5018814226e-01  8.9418073366e-02 -7.0225797728e-02 -5.4976982173e-01 -9.0341650687e-01 -8.3074839886e-01 -1.9676584580e+00 -9.4840048158e-01 -7.7152521606e-01 -2.6798676975e+00 -2.2650821484e-02  4.4069604169e-02 -1.9764616584e+00  9.4345564373e-01  8.2065168986e-01 -5.5814019229e-01  9.9031871185e-01  7.8933866915e-01  1.6711154480e+00  4.5873610081e-02 -2.7529365063e-02  2.3206392178e+00 -4.0447216218e-01  1.1033315427e+00  2.4006201535e+00  3.1754085911e-01 -1.1657289946e+00  8.4939890059e-03 -1.6290777696e+00 -1.4536656839e+00 -2.5154824857e+00 -1.7124342327e+00 -1.3568718960e+00 -3.7866767237e+00 -6.0067404267e-02  8.1703595832e-02 -2.5338611253e+00  1.6557588604e+00  1.4595745694e+00 -8.0801397257e-03  1.7370789679e+00  1.3944426934e+00  3.3707914038e+00 -4.2590091083e-01  1.1995991581e+00  1.7502259701e+00 -6.3793595989e-01  1.9565858361e+00  3.4496148527e+00  2.2223348260e-01 -1.2152232389e+00  1.9024207630e+00  6.8034624761e-01 -2.0189230215e+00
ENERGY -3.765358738813e+02
GRADIENT  1.4430051250e-03  3.2344806590e-03 -9.6231417690e-03 -8.6544481300e-04 -3.3380338520e-03  4.0481256010e-03  1.1097514000e-05 -2.5096677200e-04 -5.1833350000e-06  1.8180191500e-04  2.1022030000e-05 -5.9671187000e-05  3.7129042400e-04 -2.7822785000e-04 -1.6390682200e-04 -3.3313197200e-04 -2.5668252700e-04  1.6743101590e-03 -2.6313489840e-03  7.0626095920e-03  6.4760523550e-03  1.5227189300e-03 -4.9379797740e-03 -2.4095057870e-03  3.6307348300e-04 -1.1404783060e-03 -2.5703912700e-04  2.5979850000e-06 -4.5768876000e-05 -2.7443480000e-06 -3.7365678000e-05 -4.9368462000e-05  3.9889431000e-05 -1.0083438000e-05 -2.9556031000e-05 -5.5558580000e-05  2.2180639000e-05 -3.6694839000e-05 -1.2910280000e-06  8.9262245000e-05  1.4655900700e-04 -9.3194599000e-05 -2.7888639000e-05 -1.5566367400e-04  5.1180960900e-04 -1.0358856000e-05  5.2039747000e-05 -2.0790097800e-04 -7.5089235000e-05 -2.3812009900e-04  9.5925290000e-06 -9.1329060000e-06  2.5741847200e-04  1.1049108500e-04

JOB 4
COORDS  1.5037614293e-01  6.3456164733e-02 -5.5866986010e-02 -5.5688130068e-01 -9.2646051379e-01 -8.1136226664e-01 -1.9761611016e+00 -9.5868958818e-01 -7.6094787856e-01 -2.6841276506e+00 -1.7633304076e-02  3.9987651279e-02 -1.9743151565e+00  9.5388123226e-01  8.0330595771e-01 -5.5481328957e-01  9.8832527481e-01  7.7821898254e-01  1.6761719143e+00  2.0883975972e-02 -2.8117461370e-02  2.3285541077e+00 -4.3336897630e-01  1.0986372351e+00  2.4005673139e+00  3.4577176927e-01 -1.1550907503e+00 -2.6485235678e-03 -1.6578354438e+00 -1.4308883875e+00 -2.5270925259e+00 -1.7229732984e+00 -1.3430783912e+00 -3.7912940569e+00 -4.4350887805e-02  7.3033967746e-02 -2.5277902937e+00  1.6818279316e+00  1.4278445362e+00 -1.3536674524e-03  1.7412942556e+00  1.3721149274e+00  3.3795341953e+00 -4.3866744324e-01  1.1918100446e+00  1.7622835597e+00 -6.7308017344e-01  1.9534597783e+00  3.4525581790e+00  2.8382650348e-01 -1.2030236962e+00  1.8950286722e+00  7.2520084092e-01 -1.9970540569e+00
ENERGY -3.765359836960e+02
GRADIENT  6.2525996500e-04  3.3926951790e-03 -6.1220740060e-03 -7.0381556900e-04 -2.3359435550e-03  4.4018171850e-03 -6.3134625800e-04 -2.2960562200e-04 -1.2974283100e-04 -6.5736095000e-05 -7.8353198000e-05  1.6153344000e-05  1.6015750500e-04 -3.1726037000e-04 -4.4438262700e-04 -5.8793627700e-04 -4.4220345300e-04  5.3711560400e-04  3.7951565900e-04  3.1597681680e-03  3.6611780880e-03  7.8484709000e-05 -4.3818273750e-03 -1.4241138490e-03  4.3107066800e-04 -3.3029581800e-04 -3.5692051600e-04  2.8199184000e-05  3.6289781500e-04 -1.9791201500e-04 -9.8598622000e-05 -5.0045947000e-05  1.9403698000e-05  1.0023709000e-05 -8.6980085000e-05 -7.8018734000e-05 -6.2706102000e-05 -1.1899069400e-04  6.9312430000e-06  1.9310463200e-04  3.5475574000e-05 -2.9306238700e-04  1.2822108400e-04  1.9678997100e-04 -2.5548768000e-05 -5.1538608000e-05  5.1141110600e-04  3.1133760600e-04  1.9298904100e-04  5.2638873000e-05  6.1212086000e-05 -1.3333646000e-05  6.6558476900e-04  7.0479402000e-05

JOB 5
COORDS  1.4943376320e-01  5.8002508854e-02 -4.7420959543e-02 -5.5643383831e-01 -9.3053607809e-01 -8.0557652427e-01 -1.9759323833e+00 -9.6062811407e-01 -7.6253162475e-01 -2.6825155535e+00 -1.4962565451e-02  3.4399437394e-02 -1.9733289782e+00  9.5627879369e-01  7.9884442655e-01 -5.5370054813e-01  9.8897137947e-01  7.8083570175e-01  1.6751769870e+00  2.1090559292e-02 -2.2813518363e-02  2.3370298779e+00 -4.3462454315e-01  1.0974825291e+00  2.3918273052e+00  3.5258067216e-01 -1.1519888013e+00 -9.4128643095e-04 -1.6646213397e+00 -1.4206981732e+00 -2.5266712962e+00 -1.7241468668e+00 -1.3458617291e+00 -3.7898792606e+00 -3.7696317909e-02  6.3259345974e-02 -2.5278656801e+00  1.6874633444e+00  1.4186309883e+00 -8.9344282411e-04  1.7417251157e+00  1.3756722427e+00  3.3877143756e+00 -4.4180993823e-01  1.1938415726e+00  1.7722609172e+00 -6.8688135284e-01  1.9495117195e+00  3.4438756330e+00  2.9763177697e-01 -1.2051814134e+00  1.8788910931e+00  7.2201572270e-01 -1.9938107988e+00
ENERGY -3.765360061634e+02
GRADIENT -6.0210664000e-05  2.9558866170e-03 -6.0603251250e-03 -7.6085127200e-04 -1.8032421000e-03  4.3885353150e-03 -9.5750664700e-04 -8.9195474900e-04 -6.7952691300e-04  3.4590095800e-04 -2.5332692000e-05  3.0502446000e-05  4.0033181900e-04 -6.2777279400e-04 -6.4370406000e-04  1.6858201600e-04  2.1745752900e-04  7.1843404600e-04 -8.0901161500e-04  3.8200408010e-03  4.1852625520e-03  1.4344593910e-03 -3.8594484790e-03 -2.9216730380e-03  6.7373822000e-05 -5.8817220100e-04  3.1206379300e-04 -9.6878463000e-05  2.8731992400e-04 -1.6102267300e-04 -1.2122650200e-04 -8.2160193000e-05 -1.5725149000e-05  3.9417388000e-05 -1.3352916200e-04 -1.1521238300e-04  6.5817593000e-05 -5.8290463000e-05  4.8111620000e-06  1.8298239300e-04  8.9346002000e-05 -1.7540273000e-04  1.0649499100e-04 -1.9952548100e-04  9.5724969800e-04 -7.3973211000e-05  4.1057512600e-04  3.3494752000e-05  1.3380157200e-04  1.1816630900e-04  1.0110182200e-04 -4.9616668000e-05  3.7284063700e-04  5.8893955000e-05

JOB 6
COORDS  1.5038703128e-01  5.6866267123e-02 -4.7731901033e-02 -5.5697498661e-01 -9.3064662285e-01 -8.0582837444e-01 -1.9765192447e+00 -9.5881745849e-01 -7.6188617830e-01 -2.6857451114e+00 -1.3669256416e-02  3.3166034121e-02 -1.9754331204e+00  9.5618761875e-01  7.9791380702e-01 -5.5565039399e-01  9.8689144436e-01  7.7947666621e-01  1.6761348038e+00  2.1006379641e-02 -2.0722493192e-02  2.3408625650e+00 -4.3333737903e-01  1.0984654757e+00  2.3921488917e+00  3.5383434035e-01 -1.1499311546e+00 -2.5241185331e-03 -1.6666215683e+00 -1.4196729583e+00 -2.5270774729e+00 -1.7226187596e+00 -1.3449680872e+00 -3.7931637741e+00 -3.6205834685e-02  6.0912547938e-02 -2.5290391715e+00  1.6877759203e+00  1.4180413351e+00 -3.1696634336e-03  1.7385127170e+00  1.3760129041e+00  3.3918750446e+00 -4.3959009745e-01  1.1912539727e+00  1.7784971584e+00 -6.8828649798e-01  1.9512427071e+00  3.4441211089e+00  2.9684803656e-01 -1.2027128263e+00  1.8790873371e+00  7.2194583657e-01 -1.9923140906e+00
ENERGY -3.765360075842e+02
GRADIENT  7.5271274200e-04  2.8387885980e-03 -6.5454950430e-03 -9.4950197400e-04 -1.7683487660e-03  4.1922122670e-03 -5.0392723800e-04 -3.1027837200e-04 -1.0386310800e-04 -3.7985341200e-04 -2.1430373000e-05 -8.3107060000e-06  3.1180120700e-04 -6.8475039900e-04 -5.8042723600e-04 -2.7653102600e-04 -1.8320565300e-04  2.5762296600e-04 -7.4571682200e-04  3.7726001300e-03  4.5938907420e-03  1.7700602650e-03 -3.8035224570e-03 -2.8985431090e-03 -5.2379226000e-05 -5.0082896400e-04  3.1086600700e-04  5.1675700000e-07  2.7317920700e-04 -9.0817856000e-05 -1.4613210000e-04 -2.5421087000e-05  5.8722212000e-05 -2.0407639000e-05 -7.4752800000e-05 -8.4705955000e-05 -2.6820847000e-05 -1.0809773400e-04 -2.5816637000e-05  1.8730350400e-04  6.8649200000e-07 -1.8166052200e-04  1.5628237400e-04 -1.9413019500e-04  8.5808049200e-04 -1.0440842500e-04  4.0115746200e-04 -1.2995631000e-05  1.4573799700e-04  3.3173680000e-06  2.5864266200e-04 -1.0273416100e-04  3.8719830900e-04  2.0268790000e-05

JOB 7
COORDS  1.5014857007e-01  5.7732677911e-02 -4.8369393159e-02 -5.5741522421e-01 -9.3008479555e-01 -8.0617623950e-01 -1.9768351640e+00 -9.6008674432e-01 -7.6250448777e-01 -2.6839783918e+00 -1.4067726079e-02  3.3208367164e-02 -1.9744801400e+00  9.5605513842e-01  7.9832826191e-01 -5.5476233902e-01  9.8784228162e-01  7.8003635994e-01  1.6757614432e+00  2.1503244783e-02 -2.0988565032e-02  2.3379299202e+00 -4.3284074396e-01  1.0997526970e+00  2.3931989563e+00  3.5461941144e-01 -1.1495359909e+00 -2.5471218688e-03 -1.6662529662e+00 -1.4194255948e+00 -2.5276030120e+00 -1.7242130788e+00 -1.3450188788e+00 -3.7913576973e+00 -3.6559927711e-02  6.1523926167e-02 -2.5285781940e+00  1.6869883315e+00  1.4187800226e+00 -2.0426067377e-03  1.7389159754e+00  1.3770812635e+00  3.3890508941e+00 -4.3976287778e-01  1.1909164129e+00  1.7752510943e+00 -6.8750267908e-01  1.9524253789e+00  3.4449931077e+00  2.9453662053e-01 -1.2028865987e+00  1.8808693359e+00  7.2364398822e-01 -1.9919954786e+00
ENERGY -3.765360123378e+02
GRADIENT  7.8452274100e-04  2.6958965580e-03 -6.5210897400e-03 -1.2384714050e-03 -1.5286086230e-03  4.3396752260e-03 -8.9142977900e-04 -8.1945292900e-04 -4.5431876200e-04  3.3797130800e-04  4.1278540000e-05 -1.9627995000e-05  1.9076440700e-04 -7.1480347000e-04 -5.8486241600e-04 -1.4324284200e-04  1.5131795300e-04  5.1699458700e-04 -5.2595741700e-04  3.7986334210e-03  4.5434930190e-03  1.2658477330e-03 -3.9298487640e-03 -2.3468656670e-03  9.0427032000e-05 -3.3636502800e-04  5.0053101000e-05 -6.5811869000e-05  2.3221391600e-04 -6.3992740000e-05 -1.6365815000e-04 -8.2144016000e-05  2.3471143000e-05  3.3430845000e-05 -1.1393782300e-04 -1.2500548900e-04  2.9085084000e-05 -8.4012933000e-05 -1.6746590000e-06  1.9691724300e-04  5.5061220000e-06 -1.3228344300e-04  1.4625496100e-04 -1.0261780700e-04  5.3986519200e-04 -8.7719452000e-05  3.9436316800e-04  5.5536571000e-05  1.5560083000e-04 -4.4010492000e-05  1.8572154700e-04 -9.8645457000e-05  4.3878503700e-04  1.2458154000e-05

JOB 8
COORDS  1.5032698702e-01  5.7708147862e-02 -4.8260647437e-02 -5.5696890467e-01 -9.3054670963e-01 -8.0554504306e-01 -1.9764158318e+00 -9.6038120215e-01 -7.6160628917e-01 -2.6839754323e+00 -1.4402346320e-02  3.3865027063e-02 -1.9736674086e+00  9.5587023897e-01  7.9815640171e-01 -5.5396185838e-01  9.8827151402e-01  7.8008351501e-01  1.6759759050e+00  2.1751875742e-02 -2.1662685317e-02  2.3359512848e+00 -4.3271853556e-01  1.1002549815e+00  2.3943355252e+00  3.5640301241e-01 -1.1492309402e+00 -2.0738401581e-03 -1.6666596969e+00 -1.4188330137e+00 -2.5270910010e+00 -1.7246506682e+00 -1.3440019476e+00 -3.7913580462e+00 -3.6948238896e-02  6.2449781840e-02 -2.5276670643e+00  1.6870733527e+00  1.4183654834e+00 -1.1250332015e-03  1.7396603160e+00  1.3766172042e+00  3.3866770416e+00 -4.4230374780e-01  1.1954265912e+00  1.7705044351e+00 -6.8815222511e-01  1.9508493874e+00  3.4460535432e+00  2.9595047105e-01 -1.2037742059e+00  1.8817466076e+00  7.2476146229e-01 -1.9917817002e+00
ENERGY -3.765360138535e+02
GRADIENT  5.6861358300e-04  2.6363501430e-03 -6.3105538530e-03 -1.0927744320e-03 -1.6364737690e-03  4.3013253400e-03 -7.6137253200e-04 -6.8471404300e-04 -3.8621704300e-04 -3.3897974000e-05  3.8404419000e-05  1.7904902000e-05  4.0688164500e-04 -8.9908727600e-04 -7.8515877700e-04 -3.5737960000e-06  3.2831981800e-04  6.9969322700e-04 -7.6989776700e-04  3.7356260530e-03  4.3451836550e-03  1.2336818800e-03 -3.7850983820e-03 -2.5014577930e-03  2.8554766500e-04 -2.8585663700e-04  8.0940915000e-05 -4.7946580000e-05  2.3325187000e-04 -6.9985488000e-05 -1.5470377400e-04 -6.0244193000e-05  2.5789321000e-05  6.5327060000e-06 -1.2965770400e-04 -1.2774791400e-04  4.2104332000e-05 -9.7728558000e-05 -2.1037964000e-05  2.2496223500e-04  5.2282620000e-06 -1.2666467200e-04  9.8624272000e-05 -2.0435920200e-04  7.5678094700e-04 -6.5940325000e-05  4.0086180000e-04  4.6729149000e-05  1.6133558200e-04 -9.2183890000e-06  2.1269196000e-05 -8.2239760000e-05  4.1654368600e-04  5.1195868000e-05

JOB 9
COORDS  1.5010280920e-01  5.7060893245e-02 -4.7435054655e-02 -5.5682906183e-01 -9.3132076222e-01 -8.0461976617e-01 -1.9763409242e+00 -9.6080078427e-01 -7.6143397339e-01 -2.6835378574e+00 -1.4177341973e-02  3.3730426725e-02 -1.9742342828e+00  9.5683639642e-01  7.9812294397e-01 -5.5452733793e-01  9.8816722190e-01  7.7990640764e-01  1.6758713932e+00  2.1403479288e-02 -2.0560888309e-02  2.3362419622e+00 -4.3264810831e-01  1.1011749423e+00  2.3943198411e+00  3.5864757492e-01 -1.1471042985e+00 -1.7397275243e-03 -1.6674658419e+00 -1.4176641789e+00 -2.5270607027e+00 -1.7249546234e+00 -1.3439474062e+00 -3.7909236283e+00 -3.6642308294e-02  6.1805157056e-02 -2.5283488929e+00  1.6885354519e+00  1.4176856724e+00 -1.4896227276e-03  1.7397507535e+00  1.3759584408e+00  3.3869072001e+00 -4.4335043622e-01  1.1968573380e+00  1.7704647513e+00 -6.9087806505e-01  1.9506920091e+00  3.4460258812e+00  2.9765031271e-01 -1.2010455517e+00  1.8817721907e+00  7.2525180124e-01 -1.9904202294e+00
ENERGY -3.765360161820e+02
GRADIENT  5.6046291100e-04  2.6624091310e-03 -6.3156806740e-03 -1.0344372430e-03 -1.5588049120e-03  4.3846765190e-03 -8.7629843300e-04 -8.3592511300e-04 -5.2545273000e-04  2.9536656900e-04  3.2656986000e-05  2.4213423000e-05  2.1441180100e-04 -5.6382177700e-04 -5.1541692500e-04 -1.3070336600e-04  8.1517820000e-05  5.0277081700e-04 -7.4751080500e-04  3.5645816560e-03  4.2924855250e-03  1.3826103170e-03 -3.6183267510e-03 -2.6722002530e-03  2.0404121100e-04 -2.0460257900e-04  1.6449215400e-04 -5.0130867000e-05  2.5721638400e-04 -7.3499392000e-05 -1.3949879900e-04 -7.5167384000e-05  1.6820630000e-06  3.5962012000e-05 -1.1987914700e-04 -1.1706830600e-04  2.5518577000e-05 -6.5016906000e-05  1.8137240000e-06  1.9575163600e-04 -9.5112310000e-06 -1.5230270500e-04  1.0141541800e-04 -2.5705009000e-04  8.4532525300e-04 -8.1133145000e-05  3.8277652400e-04  2.2555538000e-05  1.5567464000e-04 -4.7823620000e-05  9.6470236000e-05 -9.5109765000e-05  3.7641914700e-04  5.4030854000e-05

JOB 10
COORDS  1.4919589066e-01  5.6276710470e-02 -4.4457463794e-02 -5.5633203073e-01 -9.3240218646e-01 -8.0226645794e-01 -1.9759845443e+00 -9.6092054787e-01 -7.6127493103e-01 -2.6842692718e+00 -1.3644259154e-02  3.2192010172e-02 -1.9753099524e+00  9.5768833086e-01  7.9664669332e-01 -5.5561788368e-01  9.8892884617e-01  7.8084440204e-01  1.6750700387e+00  2.0763908098e-02 -1.5679035414e-02  2.3373276621e+00 -4.3224623566e-01  1.1051341201e+00  2.3936215536e+00  3.6364441380e-01 -1.1400071130e+00 -5.6908660781e-04 -1.6688181529e+00 -1.4143694436e+00 -2.5260925306e+00 -1.7250135484e+00 -1.3444223245e+00 -3.7917148167e+00 -3.5599877850e-02  5.8605756912e-02 -2.5301159889e+00  1.6902501907e+00  1.4145685882e+00 -3.0319354386e-03  1.7410610004e+00  1.3766280859e+00  3.3883720108e+00 -4.4418119061e-01  1.1962266922e+00  1.7736575860e+00 -6.9830692672e-01  1.9536056926e+00  3.4451704166e+00  2.9970522545e-01 -1.1928117932e+00  1.8812969551e+00  7.2546178804e-01 -1.9855025089e+00
ENERGY -3.765360195889e+02
GRADIENT  1.7257475600e-04  2.7437310180e-03 -6.4783401930e-03 -8.5306518400e-04 -1.6458811770e-03  4.2935745830e-03 -7.9088324300e-04 -7.4451442300e-04 -4.6196593000e-04  4.4729224000e-05  1.9415335000e-05  3.8527801000e-05  4.2066421100e-04 -7.0493121800e-04 -6.1939781400e-04  1.4602103000e-05  2.5190000500e-04  6.2438121400e-04 -5.1418494800e-04  3.2696172020e-03  4.2779618680e-03  1.4828601740e-03 -3.3981002750e-03 -2.5880668770e-03 -6.9534788000e-05  2.0780730000e-06  3.7076823800e-04 -4.5334908000e-05  2.6744703400e-04 -1.0797755900e-04 -1.2662200700e-04 -5.9905057000e-05  4.1910790000e-06  1.6169033000e-05 -1.2577104500e-04 -1.2191105800e-04  3.9301275000e-05 -7.1126347000e-05 -7.0201680000e-06  2.1426944400e-04  2.2164433000e-05 -1.6437513700e-04  1.5891336100e-04 -2.2553723300e-04  6.2733692100e-04 -1.3140337500e-04  2.9454947600e-04 -4.9877640000e-06  1.2057543500e-04 -1.7985609700e-04  3.1668973700e-04 -1.3578895800e-04  2.8492737900e-04  2.0956826000e-05

JOB 11
COORDS  1.4959522064e-01  5.6759857960e-02 -4.3395885653e-02 -5.5571972045e-01 -9.3206451308e-01 -8.0141213199e-01 -1.9753761239e+00 -9.6068262391e-01 -7.6097634001e-01 -2.6842857054e+00 -1.3507328372e-02  3.1868704001e-02 -1.9764022082e+00  9.5799070491e-01  7.9694857831e-01 -5.5669808144e-01  9.8887795582e-01  7.8144571880e-01  1.6754271858e+00  2.1522687036e-02 -1.3091880720e-02  2.3358552448e+00 -4.3115662386e-01  1.1089997095e+00  2.3955417508e+00  3.6571644075e-01 -1.1362034662e+00  1.8604189344e-04 -1.6687434118e+00 -1.4130868314e+00 -2.5251238243e+00 -1.7250063137e+00 -1.3441642215e+00 -3.7917343784e+00 -3.5770384602e-02  5.7571735270e-02 -2.5316542782e+00  1.6903554096e+00  1.4147079904e+00 -4.6578596115e-03  1.7410559313e+00  1.3776845189e+00  3.3867947067e+00 -4.4596298045e-01  1.2004000857e+00  1.7710169319e+00 -6.9991298582e-01  1.9557827338e+00  3.4468672554e+00  2.9980418972e-01 -1.1910304143e+00  1.8830913932e+00  7.2531755330e-01 -1.9825722264e+00
ENERGY -3.765360237039e+02
GRADIENT  5.2186602500e-04  2.7325769400e-03 -6.4395797020e-03 -9.6460863300e-04 -1.6387235390e-03  4.2876612950e-03 -8.2796445500e-04 -6.9709009500e-04 -4.1153366600e-04  2.4540339200e-04 -1.4100910000e-06 -9.2247700000e-06  2.4842952400e-04 -5.4561657700e-04 -4.7686819400e-04 -2.0291297600e-04  4.3730959000e-05  4.8099212900e-04 -6.8526191900e-04  3.2639285330e-03  4.1760133770e-03  1.4130082840e-03 -3.3431151550e-03 -2.3773636450e-03  1.9631633200e-04  5.6074847000e-05  5.0501888200e-04 -4.9402939000e-05  2.5766282000e-04 -1.0166419100e-04 -1.3418190000e-04 -6.4923038000e-05  1.1617045000e-05  2.8501524000e-05 -1.0774862600e-04 -1.0806781100e-04  9.7095660000e-06 -7.1600652000e-05  7.0802000000e-08  1.9116425400e-04  1.3269366000e-05 -1.6931954900e-04  1.3596102200e-04 -2.6096856100e-04  5.8565741500e-04 -1.0008131200e-04  2.6058969900e-04 -2.8618369000e-05  1.1211799800e-04 -1.4631480900e-04  7.9421979000e-05 -1.2021395300e-04  2.4989729100e-04  1.6289494000e-05

JOB 12
COORDS  1.5011857465e-01  5.7759838778e-02 -4.0762373950e-02 -5.5411427030e-01 -9.3143646197e-01 -7.9956225738e-01 -1.9737584148e+00 -9.6024624654e-01 -7.6034002557e-01 -2.6842146270e+00 -1.3533218097e-02  3.1555289112e-02 -1.9777451081e+00  9.5802497471e-01  7.9772381352e-01 -5.5799879057e-01  9.8909499867e-01  7.8352517645e-01  1.6757366527e+00  2.3385709009e-02 -9.0248450101e-03  2.3317873843e+00 -4.2970948423e-01  1.1155410098e+00  2.3981036993e+00  3.6852854126e-01 -1.1307147969e+00  2.3945279441e-03 -1.6683232518e+00 -1.4104652296e+00 -2.5226303449e+00 -1.7248844948e+00 -1.3439346027e+00 -3.7916809043e+00 -3.6271369769e-02  5.5979848269e-02 -2.5338970784e+00  1.6899802183e+00  1.4151495982e+00 -7.0928305120e-03  1.7413986573e+00  1.3806758064e+00  3.3823564216e+00 -4.4941107522e-01  1.2093823246e+00  1.7638399893e+00 -7.0112766113e-01  1.9593269544e+00  3.4493178264e+00  2.9938848965e-01 -1.1839827882e+00  1.8876309842e+00  7.2621681678e-01 -1.9791250144e+00
ENERGY -3.765360301270e+02
GRADIENT  8.6164134600e-04  2.6647629300e-03 -6.1946490570e-03 -9.9695570900e-04 -1.7543420930e-03  4.1935051930e-03 -7.5389578800e-04 -5.5033904000e-04 -3.1946858100e-04  2.6937869800e-04 -3.3845302000e-05 -5.2744901000e-05  1.4989201300e-04 -4.6273229700e-04 -4.2512722000e-04 -3.0828929200e-04 -7.8745449000e-05  4.2826974300e-04 -5.2058035500e-04  3.3146754490e-03  4.0593969090e-03  1.0721098220e-03 -3.3338939960e-03 -2.0091957000e-03  1.7975941400e-04  3.2057278500e-04  8.0145489000e-05 -5.3053855000e-05  2.2148963900e-04 -9.2298193000e-05 -1.3252371600e-04 -6.2028375000e-05  2.3597804000e-05  2.7106999000e-05 -8.5707776000e-05 -8.5672444000e-05 -8.6950270000e-06 -7.8357740000e-05 -1.3447120000e-06  1.6585903300e-04  1.3711300000e-05 -1.5378691400e-04  5.5343967000e-05 -3.2477678500e-04  5.5823626300e-04 -3.0060752000e-05  2.1152022800e-04 -2.6972181000e-05  1.1251134500e-04 -2.0959087700e-04  9.8424000000e-05 -7.2352120000e-05  2.2800660300e-04 -5.9323866000e-05

JOB 13
COORDS  1.4996109375e-01  5.7590882671e-02 -3.2630656800e-02 -5.5087488294e-01 -9.3166206063e-01 -7.9455318301e-01 -1.9705979416e+00 -9.5922193523e-01 -7.6036699603e-01 -2.6843801159e+00 -1.2391650823e-02  2.8570450087e-02 -1.9808950159e+00  9.5901658255e-01  7.9762501359e-01 -5.6101923644e-01  9.8929399742e-01  7.8855597780e-01  1.6753048725e+00  2.4781684699e-02  2.1546362054e-03  2.3274662553e+00 -4.2957495007e-01  1.1283114789e+00  2.4001046475e+00  3.7190117260e-01 -1.1174556408e+00  7.5755095271e-03 -1.6691899460e+00 -1.4029175534e+00 -2.5175395955e+00 -1.7236785747e+00 -1.3459861777e+00 -3.7919457997e+00 -3.4787854925e-02  4.8520489545e-02 -2.5390770543e+00  1.6912742402e+00  1.4128530914e+00 -1.2383868897e-02  1.7416155809e+00  1.3877781297e+00  3.3778726523e+00 -4.5289107525e-01  1.2225731001e+00  1.7574914472e+00 -7.0581395193e-01  1.9691304458e+00  3.4512985338e+00  3.0363087231e-01 -1.1726227929e+00  1.8896149998e+00  7.2752273612e-01 -1.9666780243e+00
ENERGY -3.765360412785e+02
GRADIENT  8.6232306400e-04  2.5645673430e-03 -5.7909201900e-03 -8.1256095500e-04 -1.9791082600e-03  3.9320484270e-03 -5.3269388900e-04 -3.4509708700e-04 -2.2399426300e-04  1.6821231100e-04 -6.3493000000e-05 -6.4503029000e-05  7.5258038000e-05 -3.3215297300e-04 -3.4413999500e-04 -2.5976116400e-04 -1.8189826400e-04  3.3365905300e-04 -6.6049136300e-04  3.5126030870e-03  3.7956177940e-03  6.5623521100e-04 -3.3122254730e-03 -1.7460057760e-03  4.3667444700e-04  2.5101802100e-04  3.1325012700e-04 -5.2966635000e-05  1.6438208500e-04 -8.0760608000e-05 -1.0188984000e-04 -5.1694831000e-05  2.9659353000e-05  1.9827754000e-05 -4.7577877000e-05 -4.9635067000e-05 -1.2729317000e-05 -7.1962741000e-05 -2.3848410000e-06  1.1362343200e-04  2.6142485000e-05 -1.2275627500e-04  2.4552530000e-05 -3.2278765500e-04  3.8084365400e-04 -3.8084470000e-06  1.3288305400e-04 -2.2975048000e-05  1.1475727400e-04 -8.9341582000e-05 -2.7113129200e-04 -1.6702498000e-05  1.4524156900e-04 -4.4696254000e-05

JOB 14
COORDS  1.4914288852e-01  5.5380177016e-02 -1.9979127425e-02 -5.4681820295e-01 -9.3312645388e-01 -7.8722243913e-01 -1.9666543611e+00 -9.5766096224e-01 -7.6079312768e-01 -2.6847415533e+00 -9.9585939120e-03  2.3512078434e-02 -1.9853195394e+00  9.6071412463e-01  7.9706163786e-01 -5.6530051876e-01  9.8886159296e-01  7.9585043432e-01  1.6741914033e+00  2.5997327327e-02  1.8469393232e-02  2.3228335763e+00 -4.3102406440e-01  1.1454289381e+00  2.4005409474e+00  3.7563758967e-01 -1.0993195639e+00  1.4356349909e-02 -1.6721527487e+00 -1.3912667793e+00 -2.5112828705e+00 -1.7211729122e+00 -1.3497525617e+00 -3.7924492039e+00 -3.1076633672e-02  3.6272226500e-02 -2.5461041885e+00  1.6940427979e+00  1.4086441406e+00 -1.9506718202e-02  1.7405330863e+00  1.3984752793e+00  3.3731081654e+00 -4.5389880370e-01  1.2406432395e+00  1.7513661246e+00 -7.1311447799e-01  1.9832611950e+00  3.4521059367e+00  3.1170449629e-01 -1.1515715788e+00  1.8911822222e+00  7.3077161244e-01 -1.9493672351e+00
ENERGY -3.765360556474e+02
GRADIENT  6.8353266100e-04  2.2646497470e-03 -5.2610999940e-03 -5.0296858000e-04 -2.2724930660e-03  3.4411463170e-03 -2.0280255700e-04 -6.9154241000e-05 -5.7895880000e-05  6.1286352000e-05 -5.2684971000e-05 -4.8486041000e-05 -2.3933961000e-05 -1.9297728500e-04 -2.1380564900e-04 -1.4390129500e-04 -1.9035798700e-04  1.4151491100e-04 -3.5466525700e-04  3.9254621370e-03  3.6008563730e-03  1.4648988700e-04 -3.4552141390e-03 -1.4071137980e-03  3.0206988400e-04  2.1052835200e-04  7.3391014000e-05 -3.5992115000e-05  6.7885411000e-05 -4.4280792000e-05 -5.3739220000e-05 -2.7554431000e-05  3.0418883000e-05  4.5923340000e-06 -3.8677240000e-06 -1.2848345000e-05 -8.8414210000e-06 -4.8091720000e-05 -1.5928110000e-06  3.9825753000e-05  3.0253349000e-05 -5.3518172000e-05 -2.4042900000e-05 -2.4201265100e-04  1.5520531200e-04  3.6773015000e-05  3.1105566000e-05 -1.5268118000e-05  6.0711907000e-05 -4.0665132000e-05 -2.4893877400e-04  3.5006518000e-05  6.3180849000e-05 -5.6218113000e-05

JOB 15
COORDS  1.4778282650e-01  5.1583233244e-02 -1.1145482821e-02 -5.4510238029e-01 -9.3556388857e-01 -7.8240644253e-01 -1.9650527127e+00 -9.5665246664e-01 -7.6173288181e-01 -2.6851964355e+00 -7.4380890931e-03  1.9299153694e-02 -1.9879522962e+00  9.6234146520e-01  7.9602084880e-01 -5.6788738752e-01  9.8763816932e-01  8.0041200199e-01  1.6727025689e+00  2.5239916864e-02  2.9362645904e-02  2.3214667104e+00 -4.3390969653e-01  1.1551696466e+00  2.3986882329e+00  3.7694879738e-01 -1.0877190106e+00  1.7698408655e-02 -1.6760803106e+00 -1.3831070662e+00 -2.5087155128e+00 -1.7187484258e+00 -1.3533833161e+00 -3.7929919044e+00 -2.6741942438e-02  2.6744755509e-02 -2.5499521647e+00  1.6972398125e+00  1.4046213902e+00 -2.3161514486e-02  1.7381695483e+00  1.4053806307e+00  3.3718406475e+00 -4.4992114762e-01  1.2508692944e+00  1.7507666035e+00 -7.1872891618e-01  1.9926435269e+00  3.4507906214e+00  3.2048854963e-01 -1.1366969486e+00  1.8892714090e+00  7.3380927515e-01 -1.9369341131e+00
ENERGY -3.765360630800e+02
GRADIENT  3.0183513500e-04  1.9229447310e-03 -5.0350431210e-03 -2.0201327500e-04 -2.3809960610e-03  3.1067968870e-03  1.8767101000e-05  1.5067612000e-05 -4.3195480000e-06 -1.8273699000e-05 -4.5484060000e-06  2.5813570000e-06 -4.9748261000e-05 -5.4335044000e-05 -6.4830424000e-05  2.5706830000e-06 -9.9562133000e-05 -1.3769848000e-05 -9.6670773000e-05  4.2833188210e-03  3.5556394100e-03 -6.3237108000e-05 -3.6298834680e-03 -1.4380881640e-03  9.0655582000e-05 -2.7158900000e-07  2.2639719000e-05 -8.3778760000e-06  6.3238200000e-06 -5.3311450000e-06 -9.3186250000e-06 -5.9122410000e-06  1.1676540000e-05 -3.5378500000e-07  7.6319570000e-06  8.1874600000e-07  4.4054000000e-06 -1.1202530000e-05 -4.8088000000e-08 -2.7261880000e-06  1.1601201000e-05 -2.8646260000e-06 -1.2112193000e-05 -8.7927478000e-05  7.5324020000e-06  1.6660856000e-05 -1.4973902000e-05 -3.3452290000e-06  2.3196780000e-05  1.6844863000e-05 -1.1027502200e-04  2.6093224000e-05  2.2505969000e-05 -8.5297730000e-06

JOB 16
COORDS  1.4717322090e-01  5.0097244345e-02 -1.0858915831e-02 -5.4586019962e-01 -9.3645121570e-01 -7.8249030749e-01 -1.9658613767e+00 -9.5655330688e-01 -7.6212772268e-01 -2.6855195468e+00 -6.8140356231e-03  1.8769760182e-02 -1.9879607386e+00  9.6263003046e-01  7.9570781405e-01 -5.6793532996e-01  9.8699453637e-01  8.0032606970e-01  1.6721183388e+00  2.4491174974e-02  2.9691410890e-02  2.3219039623e+00 -4.3490492448e-01  1.1547946655e+00  2.3975549955e+00  3.7688857205e-01 -1.0874206598e+00  1.6746021589e-02 -1.6773215613e+00 -1.3829394690e+00 -2.5099193537e+00 -1.7181324443e+00 -1.3540754031e+00 -3.7933294451e+00 -2.5505120920e-02  2.5870172731e-02 -2.5496814878e+00  1.6979957274e+00  1.4040147753e+00 -2.2695163367e-02  1.7370525424e+00  1.4054031166e+00  3.3723216188e+00 -4.4693483033e-01  1.2508047151e+00  1.7519432233e+00 -7.1947969071e-01  1.9928744754e+00  3.4498146328e+00  3.2272542797e-01 -1.1350375244e+00  1.8880110423e+00  7.3430659402e-01 -1.9363106264e+00
ENERGY -3.765360639127e+02
GRADIENT  1.9285209800e-04  1.7886266630e-03 -5.1227201450e-03 -1.5656714900e-04 -2.3411227800e-03  3.0846667720e-03  1.4435512000e-05 -1.2964265000e-05 -1.0349478000e-05 -3.3352050000e-06  1.3886502000e-05  1.3728469000e-05 -2.1703097000e-05 -3.1987951000e-05 -2.6623864000e-05  1.0166324000e-05 -2.4070289000e-05 -1.7966655000e-05 -2.5838772000e-05  4.3521553450e-03  3.6123555110e-03 -1.2021086000e-05 -3.6993673360e-03 -1.5079722180e-03  7.2674830000e-06 -4.8880703000e-05 -1.3386743000e-05  3.7827600000e-07  2.8048600000e-06  1.2764750000e-06 -2.9291060000e-06 -1.2615540000e-06  2.7560460000e-06  6.3125600000e-07 -8.4593000000e-07 -3.4720550000e-06  5.3936970000e-06 -8.9661900000e-07  4.2226700000e-07  1.0082000000e-06  1.9348840000e-06  2.4815550000e-06 -4.2808400000e-07 -2.6865155000e-05  1.2908910000e-06  2.2765370000e-06 -9.0614850000e-06 -3.6088830000e-06  4.6266980000e-06  1.2025564000e-05  7.9387800000e-07  5.5774920000e-06  2.2349077000e-05  7.4959570000e-06

