JOB 0
COORDS  1.5210150000e-01 -4.1800000000e-04 -3.0196000000e-03 -5.5446450000e-01 -1.0579708000e+00 -6.5577260000e-01 -1.9752925000e+00 -1.0472472000e+00 -6.4394350000e-01 -2.6789127000e+00  3.8662000000e-03  1.0541200000e-02 -1.9657194000e+00  1.0528385000e+00  6.5805110000e-01 -5.4479530000e-01  1.0591950000e+00  6.5663160000e-01  1.6834145000e+00 -3.5640000000e-03 -9.9756000000e-03  2.3725793000e+00 -6.3357780000e-01  1.0017463000e+00  2.3689033000e+00  6.2563250000e-01 -1.0247544000e+00 -4.4297000000e-03 -1.8734060000e+00 -1.1639271000e+00 -2.5314946000e+00 -1.8620096000e+00 -1.1470710000e+00 -3.7867290000e+00  5.6175000000e-03  1.5855400000e-02 -2.5145763000e+00  1.8693452000e+00  1.1663837000e+00  1.2608900000e-02  1.8733029000e+00  1.1588577000e+00  3.4259177000e+00 -6.7197270000e-01  1.0512201000e+00  1.8305458000e+00 -1.1099147000e+00  1.7685919000e+00  3.4221760000e+00  6.5556920000e-01 -1.0814244000e+00  1.8247960000e+00  1.1030385000e+00 -1.7894835000e+00
ENERGY -3.765347376348e+02
GRADIENT  8.2415195000e-05  5.4884568000e-05  1.3044228300e-04 -1.8135634000e-05 -5.1646219000e-05  3.0113039000e-05 -3.4766547000e-05 -4.4607951000e-05 -5.7950297000e-05  1.1782537200e-04 -3.6723480000e-06  1.2636321000e-05 -2.1133820000e-05  3.5129431000e-05 -5.4683680000e-06 -1.6628097000e-05  2.4807620000e-06  6.4329328000e-05 -4.3357268000e-05 -1.9919113500e-04 -1.8186709600e-04 -6.8313778000e-05  1.2192881600e-04  1.0448032700e-04 -3.2575270000e-06  1.7823377300e-04 -1.2942752500e-04 -1.2631114000e-05  3.4299520000e-06 -2.1533181000e-05  1.8425030000e-06 -9.4285790000e-06 -5.7561280000e-06  5.0861370000e-06 -4.0754970000e-06 -4.6017000000e-08  5.2660050000e-06  4.6953210000e-06  5.1461540000e-06 -4.5523670000e-06  1.4737443000e-05 -8.2005840000e-06 -4.8712425000e-05 -8.1147613000e-05  5.3686428000e-05  2.7061416000e-05 -9.4418800000e-07 -1.2001253000e-05 -7.6509590000e-06 -3.2811479000e-05  2.0898546000e-05  1.7660835000e-05  1.2899272000e-05 -2.0400200000e-07

JOB 1
COORDS  1.5226576400e-01  1.7611661731e-02 -1.4608420440e-02 -5.4948564686e-01 -1.0647098710e+00 -6.3078561134e-01 -1.9703661493e+00 -1.0626704856e+00 -6.1449186832e-01 -2.6801398606e+00  2.4740192895e-05  1.4125820175e-02 -1.9712349697e+00  1.0678819835e+00  6.3487881647e-01 -5.5034897481e-01  1.0833920264e+00  6.2878802283e-01  1.6837734060e+00  1.2669280210e-02 -5.3241430928e-03  2.3648725161e+00 -6.7857825658e-01  9.7119589163e-01  2.3788133662e+00  6.6490459522e-01 -9.9860507063e-01  4.2732137993e-03 -1.8918580855e+00 -1.1154140916e+00 -2.5223695519e+00 -1.8948863201e+00 -1.0930483331e+00 -3.7879300160e+00 -5.6348262155e-03  2.3056484988e-02 -2.5236664236e+00  1.8916121296e+00  1.1274313188e+00  2.9784636694e-03  1.9103696342e+00  1.1141946497e+00  3.4178338688e+00 -7.3168120587e-01  1.0160930379e+00  1.8176470208e+00 -1.1873534341e+00  1.7131565122e+00  3.4324005872e+00  6.8256236343e-01 -1.0547947428e+00  1.8415000543e+00  1.1744983974e+00 -1.7472034249e+00
ENERGY -3.765347127219e+02
GRADIENT -1.5061438000e-05  8.7627704000e-05 -2.9012595240e-03 -1.0893852700e-04  1.4813136700e-04  4.1797389000e-05  8.8883433000e-05  1.0462073800e-04  2.1885619600e-04 -3.3214768800e-04 -1.2749865000e-05 -5.5209325000e-05  9.1934316000e-05 -1.8821769100e-04 -8.7895253000e-05  1.0751626100e-04 -6.8892794500e-04  1.1251270700e-03  5.8316652000e-05  2.5702788350e-03  2.7116793620e-03  1.5597377200e-04 -1.6049529600e-04 -2.9450577500e-04 -2.5282501000e-05 -1.0845763980e-03 -3.6525210700e-04  2.2942764000e-05 -7.1692755000e-05  1.5915301100e-04 -2.0419045000e-05  1.1254209000e-05  5.9016621000e-05 -2.0423063000e-05  1.3599754000e-05  3.6945590000e-06 -1.8430160000e-06  2.6831034000e-05 -6.7311868000e-05  1.1484656000e-05 -4.0102727000e-05  4.2410449000e-05  6.3357363000e-05  7.1447354000e-05 -2.6320734000e-05 -4.3710969000e-05 -3.3582996800e-04 -2.2262309100e-04  7.5912850000e-06 -2.6399352200e-04 -2.2018468200e-04 -2.9865007000e-05 -1.9030533700e-04 -1.2048829300e-04

JOB 2
COORDS  1.5225037034e-01  2.3292832890e-02 -1.9503122013e-02 -5.4768652294e-01 -1.0732852967e+00 -6.1197804805e-01 -1.9685740588e+00 -1.0734294813e+00 -5.9440303125e-01 -2.6803058256e+00 -1.0853786748e-03  1.5395463718e-02 -1.9730807456e+00  1.0788540116e+00  6.1686445271e-01 -5.5222169573e-01  1.0972268381e+00  6.0812478631e-01  1.6838417870e+00  1.6775167776e-02 -3.3127436390e-03  2.3621902610e+00 -7.1058152561e-01  9.4853928522e-01  2.3826307617e+00  6.9295324455e-01 -9.7760625793e-01  7.3106742809e-03 -1.9087047935e+00 -1.0807411900e+00 -2.5192622384e+00 -1.9156177782e+00 -1.0567472340e+00 -3.7880693732e+00 -9.1991785200e-03  2.5747432369e-02 -2.5266624265e+00  1.9092964463e+00  1.0966891012e+00 -7.7060637734e-05  1.9329221998e+00  1.0797341010e+00  3.4151127999e+00 -7.6836155282e-01  9.8942650554e-01  1.8138893010e+00 -1.2394892144e+00  1.6755116011e+00  3.4363385957e+00  7.1017926430e-01 -1.0317727258e+00  1.8477699410e+00  1.2264004774e+00 -1.7111961195e+00
ENERGY -3.765347712140e+02
GRADIENT -3.8170188800e-04  2.4689152100e-04 -4.1236600380e-03  1.0523272000e-05  2.8489773900e-04 -1.1451570400e-04  9.0119427000e-05  2.1441469100e-04  3.6047154500e-04 -4.0588030200e-04 -2.0899715000e-05 -8.8442090000e-05  3.1075365000e-05 -1.8991548000e-04 -4.6932937000e-05  1.6070951600e-04 -1.1231227930e-03  1.6227602770e-03  3.7639824500e-04  3.3214284490e-03  3.8013288000e-03  1.6542689800e-04 -1.6297610900e-04 -3.9446624200e-04 -6.9267453000e-05 -1.7988329540e-03 -3.9455975800e-04  3.6809722000e-05 -9.0204805000e-05  2.1178724200e-04 -9.6091870000e-06  7.9309190000e-06  8.4063483000e-05 -1.6209557000e-05  2.7083135000e-05  4.1976750000e-06 -1.0314954000e-05  3.7114995000e-05 -8.9778359000e-05  3.5659660000e-06 -5.3050023000e-05  3.6213042000e-05  1.7184058500e-04  2.3154681400e-04 -1.1625512900e-04 -1.0629300400e-04 -4.0793894300e-04 -2.4960366500e-04  3.8906450000e-05 -3.2418817400e-04 -3.7014268900e-04 -7.5192504000e-05 -1.9821125700e-04 -1.3450331500e-04

JOB 3
COORDS  1.5228643031e-01  2.3679122116e-02 -2.4867761254e-02 -5.4657309226e-01 -1.0967229433e+00 -5.7322846796e-01 -1.9672137999e+00 -1.0986820866e+00 -5.5482349842e-01 -2.6742966088e+00 -4.3421520765e-03  2.0561220282e-02 -1.9698387330e+00  1.0990447550e+00  5.8165827858e-01 -5.4925317487e-01  1.1203695059e+00  5.6610773827e-01  1.6829677487e+00  1.5391459971e-02 -1.2189234834e-02  2.3503259846e+00 -7.7033642838e-01  9.0059151348e-01  2.3862245760e+00  7.5303045534e-01 -9.3833020175e-01  9.1562850396e-03 -1.9460883128e+00 -1.0153160422e+00 -2.5189259617e+00 -1.9563504655e+00 -9.8661900909e-01 -3.7819771454e+00 -1.3428393697e-02  3.5222836033e-02 -2.5243677840e+00  1.9438095525e+00  1.0346593472e+00  3.9130245633e-03  1.9734731944e+00  1.0042520762e+00  3.4018665722e+00 -8.4315114686e-01  9.4726177056e-01  1.7920704433e+00 -1.3274511520e+00  1.5981521035e+00  3.4403585453e+00  7.7920644891e-01 -9.7705333977e-01  1.8565934862e+00  1.3363199566e+00 -1.6368788515e+00
ENERGY -3.765352943797e+02
GRADIENT -1.5377363530e-03  2.9466171200e-04 -3.5681684060e-03  3.1650622400e-04  5.4354115400e-04 -3.2244959500e-04 -7.4736664000e-04 -6.3090117000e-04 -2.2906533000e-04  1.3353400560e-03  2.5369776000e-05 -3.9362043000e-05 -5.0216505300e-04  2.7911143700e-04  7.0631077000e-05  5.4132102600e-04 -1.1881439410e-03  2.6222035920e-03  1.3084366180e-03  2.2997108850e-03  2.9749421700e-03 -5.9791087100e-04  3.1099704600e-04  8.7159565000e-05 -3.2238616800e-04 -1.2857054620e-03 -1.6878598640e-03 -1.1858544300e-04 -1.1300927200e-04  1.2705832400e-04  5.2762147000e-05 -1.4036287500e-04  6.3597680000e-06  1.2156256200e-04 -3.7155550000e-05 -4.2350790000e-06  8.6699288000e-05  1.3051619400e-04 -4.6343653000e-05 -6.5499149000e-05  6.0960152000e-05 -1.1070786000e-05 -7.1103400000e-06  1.5414567000e-05  3.3916119000e-04  3.2018540000e-05 -1.9056293400e-04 -3.1257725000e-05  1.0355649400e-04 -4.9795468300e-04 -2.3841848000e-04  2.5780850000e-06  1.2587368100e-04 -4.0123938000e-05

JOB 4
COORDS  1.5485816005e-01 -4.8958070688e-04 -8.7566462907e-03 -5.5497248227e-01 -1.1162081750e+00 -5.5268537918e-01 -1.9757981351e+00 -1.0981964687e+00 -5.4214015177e-01 -2.6872977492e+00  4.3073028558e-03  1.2298210926e-02 -1.9675872057e+00  1.1062189349e+00  5.5662667152e-01 -5.4659868168e-01  1.1148779278e+00  5.4656793634e-01  1.6846372220e+00 -9.4782788441e-03 -1.1866293030e-02  2.3761289305e+00 -7.9319132230e-01  8.8468851887e-01  2.3734356001e+00  7.7499383402e-01 -9.0943481325e-01 -7.3393451812e-03 -1.9749632809e+00 -9.8675884369e-01 -2.5312926747e+00 -1.9552863069e+00 -9.6988600719e-01 -3.7952841057e+00  4.9793329531e-03  1.9536258332e-02 -2.5141697373e+00  1.9650536074e+00  9.9235420133e-01  1.0042381741e-02  1.9736355257e+00  9.6894349481e-01  3.4295507271e+00 -8.4415761286e-01  9.1474077615e-01  1.8376438050e+00 -1.3692809800e+00  1.5822511259e+00  3.4262910956e+00  8.3486977892e-01 -9.4120823341e-01  1.8306839786e+00  1.3696374057e+00 -1.5878555138e+00
ENERGY -3.765356720915e+02
GRADIENT -4.2707589600e-04  1.1969381700e-03 -5.2224050100e-04  7.5522800900e-04  2.4123353000e-05 -1.5525946880e-03  1.3955331290e-03  2.3194218290e-03  1.1192586610e-03 -3.3085386600e-03 -1.4812449000e-05  5.2181224000e-05  6.8020172500e-04 -1.0916026170e-03 -6.1990833800e-04 -3.0378376500e-04 -1.5795514180e-03  1.5111787690e-03  6.3187973100e-04 -1.3666213740e-03 -4.4631941300e-04  4.9079941500e-04  1.4034574900e-03  5.3045646400e-04  1.3268676800e-04 -1.8430729590e-03 -6.2854722000e-05  2.2763189600e-04  1.0474754000e-04 -6.5323119000e-05  6.1489760000e-06  2.1777087100e-04  1.7712646000e-04 -2.4488757800e-04  7.6136895000e-05  3.2213546000e-05 -1.6778371600e-04 -2.2436020200e-04 -1.1876168700e-04  9.5592764000e-05 -1.7519216000e-05 -2.6421201800e-04  2.0881052800e-04  3.5972419600e-04  1.0585057600e-04 -1.2820283300e-04  2.0755397000e-04  1.5763296000e-04  7.2631755000e-05  5.5613790000e-06 -2.7407199100e-04 -8.8699585000e-05  2.2236869400e-04  2.4013571300e-04

JOB 5
COORDS  1.5280656870e-01 -4.4419108329e-02  3.5477862700e-02 -5.7086594900e-01 -1.1573989680e+00 -5.0038233897e-01 -1.9904226778e+00 -1.1284485770e+00 -5.1942021837e-01 -2.6660595950e+00  1.4594055772e-02 -2.9022740611e-03 -1.9483423945e+00  1.1342372910e+00  5.0873360087e-01 -5.2839787714e-01  1.1206913517e+00  5.1032931984e-01  1.6768491603e+00 -4.8048997835e-02 -2.2253323142e-02  2.3979657123e+00 -8.4438787169e-01  8.4012186570e-01  2.3337100609e+00  8.3625238083e-01 -8.4902737907e-01 -2.7897103188e-02 -2.0304233722e+00 -9.1107707647e-01 -2.5587110808e+00 -1.9838985106e+00 -9.3421823335e-01 -3.7736079547e+00  3.7622906282e-02 -9.0695936869e-03 -2.4898719314e+00  2.0175767404e+00  9.0000741487e-01  4.0652278031e-02  1.9897337378e+00  8.9363416120e-01  3.4522565652e+00 -8.7399794641e-01  8.4622310215e-01  1.8844022155e+00 -1.4630901751e+00  1.5193832127e+00  3.3817494426e+00  9.5420645809e-01 -8.5525424563e-01  1.7690229759e+00  1.4557214058e+00 -1.4856701345e+00
ENERGY -3.765357315621e+02
GRADIENT  2.4769293100e-04  5.0913047200e-04  9.2599295250e-03 -9.3681294700e-04  4.0631648830e-03 -2.1382037500e-03 -3.1907684630e-03 -4.2073790690e-03 -2.4593634620e-03  6.0795950510e-03  4.0632715000e-05  3.3090381800e-04 -1.9407627810e-03  2.1583119670e-03  6.9588669100e-04  4.8652126000e-05 -8.0811891000e-04 -3.6992482100e-04  6.5802379600e-04 -6.4816493120e-03 -9.4558857590e-03 -7.0784023100e-04  2.7559312520e-03  2.7978666140e-03 -3.7823985000e-05 -6.9091477600e-04  8.1124581800e-04 -5.0830723900e-04  2.9881734500e-04 -4.2594679000e-04 -6.4809101000e-05 -4.8582644600e-04 -2.0756003700e-04  4.8498028000e-04 -2.0514307300e-04 -8.5654858000e-05  2.1018401300e-04  3.2402994400e-04  2.8818272100e-04 -1.8552467000e-04  2.4966418000e-04 -3.7172522100e-04  6.2582475000e-05  8.6580373300e-04 -1.2951757000e-04 -9.0673568000e-05  6.5694589500e-04  6.4776966700e-04 -5.6084504000e-05  5.2540699500e-04  3.7023029400e-04 -5.8477850000e-05  4.3466871100e-04  4.4972016100e-04

JOB 6
COORDS  1.5372625271e-01 -3.6144933988e-02  3.1240486985e-02 -5.5968759083e-01 -1.1513729467e+00 -5.1255240461e-01 -1.9794178543e+00 -1.1136501290e+00 -5.2225354245e-01 -2.6765460599e+00  1.4606770292e-02 -1.6282595946e-03 -1.9528066847e+00  1.1254354051e+00  5.2011379551e-01 -5.3263639033e-01  1.1184211149e+00  5.2485105527e-01  1.6783571622e+00 -3.0144261350e-02 -1.4035860347e-02  2.3918301763e+00 -8.2652705358e-01  8.5532630040e-01  2.3382805712e+00  8.2639926649e-01 -8.6850521829e-01 -1.6050477078e-02 -2.0233421905e+00 -9.2524757412e-01 -2.5435770902e+00 -1.9690237601e+00 -9.4207551684e-01 -3.7844360204e+00  3.1593491911e-02 -9.1417094510e-03 -2.4949217734e+00  2.0039461861e+00  9.2091103776e-01  3.2305531151e-02  1.9829878738e+00  9.2416409117e-01  3.4452527863e+00 -8.7560770194e-01  8.6948727289e-01  1.8674022974e+00 -1.4442246784e+00  1.5271268080e+00  3.3882044907e+00  9.2524636779e-01 -8.8697565147e-01  1.7778965894e+00  1.4278110301e+00 -1.5260148333e+00
ENERGY -3.765359891897e+02
GRADIENT -1.4584777140e-03 -8.0749788800e-04  7.0911508080e-03  1.0779160760e-03 -4.1625179600e-04 -4.1423256680e-03  1.0400891600e-03  1.5482636500e-03  5.3461682100e-04 -1.2750877800e-03 -2.2898286000e-05  1.1575059000e-04  5.3520736300e-04 -8.1471345800e-04 -5.6994185900e-04  8.4343362600e-04  9.4255357300e-04  6.0954946700e-04 -4.6557917600e-04 -3.6319016740e-03 -5.8270499940e-03 -2.1813693500e-04  2.1645645350e-03  2.2698712840e-03 -2.6843712800e-04  3.2356300900e-04 -1.0670396920e-03  9.5287154000e-05 -1.0401811100e-04 -2.2313605300e-04  1.4754222300e-04  8.4606282000e-05  5.8027273000e-05 -1.1715646400e-04  6.1049764000e-05  2.3952165000e-05  9.1799304000e-05 -7.1164152000e-05  1.6853882000e-05 -9.3363090000e-06  2.2944343300e-04 -5.5480442000e-05 -1.6216351300e-04  3.3074337000e-05  5.5697036500e-04  1.1811483300e-04  2.3253439800e-04  1.6638625100e-04 -2.4605399000e-05  9.9464079000e-05  4.4005529500e-04  7.6461919000e-05  1.6078199700e-04  1.6870660000e-06

JOB 7
COORDS  1.5709795247e-01 -3.0166289050e-02  3.0708905467e-02 -5.6514513158e-01 -1.1378613574e+00 -5.1545345798e-01 -1.9854871041e+00 -1.1101090874e+00 -5.3004923056e-01 -2.6840632038e+00  1.5606933933e-02 -6.3369438621e-03 -1.9622296537e+00  1.1233065316e+00  5.2475099340e-01 -5.4167357926e-01  1.1135862667e+00  5.3151871890e-01  1.6839089884e+00 -2.4972006376e-02 -1.8522426396e-03  2.4038770745e+00 -8.1612062800e-01  8.6650084239e-01  2.3451657309e+00  8.1459035325e-01 -8.7123899426e-01 -2.0996809329e-02 -2.0096935326e+00 -9.2716616169e-01 -2.5458636019e+00 -1.9659785029e+00 -9.5418081092e-01 -3.7918880902e+00  3.1822091143e-02 -1.6122390578e-02 -2.5052281503e+00  1.9992724499e+00  9.3007273087e-01  1.9584648883e-02  1.9750606711e+00  9.4194976736e-01  3.4575960897e+00 -8.6541675062e-01  8.6518306471e-01  1.8864280394e+00 -1.4377885887e+00  1.5402282894e+00  3.3955638883e+00  9.0377757749e-01 -9.0745734064e-01  1.7824130479e+00  1.4056098192e+00 -1.5360639823e+00
ENERGY -3.765359738104e+02
GRADIENT  2.6233593380e-03 -9.4093897800e-04  4.7486519240e-03 -1.4291269890e-03  3.6115625250e-03 -2.3444070190e-03 -3.9663093200e-04 -8.0999854300e-04 -2.9465123200e-04 -2.9990935900e-04  4.4095180000e-06 -1.6782872000e-05 -3.2933903500e-04  5.4009998200e-04  2.9976749000e-04 -1.0411553870e-03 -1.8521545120e-03 -6.8009956400e-04 -1.7511083000e-05 -2.2400701980e-03 -3.3749439250e-03  8.5911603000e-04  2.3337648120e-03  1.6895183440e-03  3.9386920500e-04 -9.8418734700e-04  3.0463590000e-05  4.9561716000e-05  2.7134832000e-04  1.5709928400e-04 -2.2548263200e-04  3.4895069000e-05  3.1378588000e-05 -1.1446239000e-05 -2.1516530000e-06 -2.2283518000e-05 -1.8169672200e-04 -3.1725792000e-05 -2.0343912000e-05  2.8526990000e-05 -2.6846720100e-04 -1.2586436500e-04  8.1217175000e-05  1.4951749800e-04  1.2164896000e-04 -4.5935946000e-05  6.6790407000e-05 -5.4691385000e-05 -1.4748171000e-05  2.4134866800e-04 -1.7601423400e-04 -1.2514809000e-05 -1.0484681600e-04  2.3001863000e-05

JOB 8
COORDS  1.5333259384e-01 -3.5475989200e-02  3.3296399921e-02 -5.6323193390e-01 -1.1477475962e+00 -5.1157742020e-01 -1.9830833911e+00 -1.1136069004e+00 -5.2593174461e-01 -2.6779677424e+00  1.6505760868e-02 -6.6574145889e-03 -1.9563569985e+00  1.1266861422e+00  5.1960606662e-01 -5.3618151337e-01  1.1172198544e+00  5.2729136481e-01  1.6788543662e+00 -2.9919169130e-02 -6.2233003511e-03  2.3985898905e+00 -8.2232264160e-01  8.6106588970e-01  2.3376357224e+00  8.2323452127e-01 -8.6417360392e-01 -1.9207911223e-02 -2.0211969712e+00 -9.2039698165e-01 -2.5463861712e+00 -1.9689063733e+00 -9.4723197546e-01 -3.7857536506e+00  3.4587288800e-02 -1.6931137623e-02 -2.4992574094e+00  2.0049385700e+00  9.2000601196e-01  2.8169153757e-02  1.9794400154e+00  9.3227111698e-01  3.4523455894e+00 -8.7008657536e-01  8.5730550428e-01  1.8822818848e+00 -1.4479675755e+00  1.5320161616e+00  3.3877545356e+00  9.1712260469e-01 -8.9520597429e-01  1.7741356594e+00  1.4200367373e+00 -1.5231809352e+00
ENERGY -3.765360393447e+02
GRADIENT -2.3659205900e-04 -1.0444349240e-03  5.9710415010e-03 -1.3748296000e-05  1.5044593960e-03 -3.4784288190e-03  5.5818718000e-05 -4.6214000000e-06  1.3556637000e-05  8.5987594000e-05  1.9867163000e-05  1.3084067000e-05 -4.5911999000e-05 -7.4218320000e-06  2.0032300000e-06  1.9475110400e-04  1.2765025000e-04  6.1140244000e-05 -5.5656888000e-05 -3.1350111840e-03 -5.0041062710e-03 -2.7333724000e-05  2.3716658730e-03  2.3591989500e-03  4.8200809000e-05 -5.1462397500e-04 -2.5561705000e-05  1.1566934000e-05 -1.0344655000e-05 -2.0707073000e-05  1.2950815000e-05 -8.2923260000e-06  9.6768900000e-07  7.0601320000e-06  3.5335770000e-06 -4.3004310000e-06  1.9866650000e-05  4.4810380000e-06  1.1992551000e-05 -1.7561988000e-05  3.3251501000e-05  2.0990250000e-06  5.4396039000e-05  3.6071777900e-04 -1.1851309100e-04 -4.3643122000e-05  1.0881515900e-04  1.3179368900e-04 -1.4295010000e-06  1.6518143700e-04  1.7572131000e-05 -2.2841405000e-05  4.2000501000e-05  6.3749665000e-05

JOB 9
COORDS  1.5460875359e-01 -3.6450892279e-02  3.3948196920e-02 -5.6330140991e-01 -1.1489589097e+00 -5.0852240771e-01 -1.9832299243e+00 -1.1150253137e+00 -5.2268186552e-01 -2.6782929659e+00  1.5873172612e-02 -5.4489562113e-03 -1.9556866195e+00  1.1268515851e+00  5.1781708353e-01 -5.3551879971e-01  1.1173303650e+00  5.2461213851e-01  1.6797827928e+00 -2.9486882078e-02 -9.5756428609e-03  2.3967005905e+00 -8.2350207033e-01  8.5884256389e-01  2.3379413323e+00  8.2891271397e-01 -8.6316594563e-01 -1.9808607143e-02 -2.0232510812e+00 -9.1619313007e-01 -2.5464917341e+00 -1.9711122890e+00 -9.4242882729e-01 -3.7860921923e+00  3.4045946988e-02 -1.5193191499e-02 -2.4981563165e+00  2.0061833740e+00  9.1643119180e-01  2.8901806500e-02  1.9806151439e+00  9.2718677288e-01  3.4499650799e+00 -8.8009764441e-01  8.6051417593e-01  1.8750160334e+00 -1.4510457838e+00  1.5237347318e+00  3.3882426699e+00  9.2107412100e-01 -8.9212986300e-01  1.7755047294e+00  1.4271103099e+00 -1.5218148501e+00
ENERGY -3.765360421379e+02
GRADIENT  2.3881567600e-04 -1.3386117050e-03  6.5715972600e-03 -9.0024051000e-05  1.7865607130e-03 -3.4095289520e-03  3.3195799000e-05  2.5172491000e-05 -2.7137611000e-05 -1.2365336800e-04  2.5928827000e-05  2.3181080000e-05  1.4307303000e-05 -7.4890970000e-05 -5.7993212000e-05  9.8375200000e-05 -2.3521483000e-05 -5.0671763000e-05 -4.5398850000e-06 -3.4208196190e-03 -5.5001677960e-03 -5.4912440000e-06  2.7705510220e-03  2.2813907450e-03 -1.4320396700e-04  1.2745452900e-04 -4.6779307800e-04  1.4077924000e-05  2.2791341000e-05  1.0700902000e-05 -1.2819510000e-05  1.2129106000e-05 -1.7191090000e-06 -7.7098610000e-06 -7.7812770000e-06  2.3498150000e-06 -3.5431560000e-06 -1.1233392000e-05 -2.3795620000e-06  3.3450120000e-06 -7.8187410000e-06 -1.8357020000e-06 -6.7929561000e-05 -9.6673195000e-05  3.5345634600e-04  5.7590564000e-05  1.3644493000e-04  6.4832414000e-05  1.6937860000e-06  5.6197880000e-06  1.7798604800e-04  2.1510324000e-05  8.1564198000e-05  3.4148363000e-05

JOB 10
COORDS  1.5370918370e-01 -3.6287118703e-02  3.4119298369e-02 -5.6356412023e-01 -1.1489747409e+00 -5.0873816868e-01 -1.9834830196e+00 -1.1146129202e+00 -5.2326471172e-01 -2.6784647416e+00  1.6465227100e-02 -6.3322026432e-03 -1.9564334234e+00  1.1274648950e+00  5.1774565127e-01 -5.3631599101e-01  1.1174882798e+00  5.2514044194e-01  1.6790244055e+00 -2.9733993868e-02 -7.4893583687e-03  2.3972798198e+00 -8.2243696892e-01  8.6100314083e-01  2.3371754105e+00  8.2805569142e-01 -8.6156593133e-01 -1.9999594941e-02 -2.0234894407e+00 -9.1586299028e-01 -2.5467807400e+00 -1.9705896447e+00 -9.4318074595e-01 -3.7862534506e+00  3.4681562343e-02 -1.6664301417e-02 -2.4990938532e+00  2.0067136069e+00  9.1629783364e-01  2.8219787649e-02  1.9802881417e+00  9.2859080617e-01  3.4505993247e+00 -8.7874158679e-01  8.5701778383e-01  1.8778539283e+00 -1.4533473672e+00  1.5245456261e+00  3.3874905408e+00  9.1901259027e-01 -8.9369293627e-01  1.7741341199e+00  1.4242380684e+00 -1.5215127043e+00
ENERGY -3.765360476295e+02
GRADIENT  4.3807318000e-05 -1.2780515900e-03  6.2893047140e-03 -7.4570700000e-06  1.6789284550e-03 -3.4740071310e-03  2.6904944000e-05  3.6301845000e-05  2.0759091000e-05  6.2576300000e-06  9.5245090000e-06 -1.3198220000e-06 -2.9156254000e-05  4.1249172000e-05  2.6729189000e-05  6.1830266000e-05  3.4349820000e-06 -4.6240738000e-05 -1.0513829000e-05 -3.3681651130e-03 -5.3512153760e-03 -1.1874286000e-05  2.7478335550e-03  2.4688567190e-03 -6.1384844000e-05 -4.7275899000e-05 -1.9938422900e-04  1.2464509000e-05 -1.7308690000e-06  1.2458963000e-05  6.9488890000e-06  3.9696640000e-06 -3.1867720000e-06  2.2429030000e-06  2.9413890000e-06  3.6285320000e-06 -4.6542050000e-06  1.5559330000e-06 -1.3397400000e-07 -1.1449632000e-05 -6.3616460000e-06  1.2409723000e-05 -1.7831927000e-05  4.1306959000e-05  1.0765011700e-04  1.9196573000e-05  7.4158509000e-05  4.5510735000e-05 -5.3244160000e-06  3.9477229000e-05  5.9448538000e-05  3.7062040000e-06  3.5129986000e-05  2.8615154000e-05

JOB 11
COORDS  1.5290167813e-01 -3.5729368035e-02  3.4330060649e-02 -5.6456940763e-01 -1.1486176246e+00 -5.0790548994e-01 -1.9845172905e+00 -1.1149885395e+00 -5.2301486437e-01 -2.6793299898e+00  1.6444618930e-02 -6.7649917035e-03 -1.9566949408e+00  1.1273461865e+00  5.1684865325e-01 -5.3659627974e-01  1.1185003997e+00  5.2505376881e-01  1.6782634029e+00 -3.0045739665e-02 -6.3800335573e-03  2.3968691563e+00 -8.2180449862e-01  8.6273237126e-01  2.3367337423e+00  8.2834911369e-01 -8.5954927014e-01 -2.0903312724e-02 -2.0233699823e+00 -9.1437770474e-01 -2.5475734505e+00 -1.9712998661e+00 -9.4258550468e-01 -3.7871190071e+00  3.4975445007e-02 -1.7150334568e-02 -2.4995874392e+00  2.0066536725e+00  9.1492291385e-01  2.7794770898e-02  1.9814311375e+00  9.2847294865e-01  3.4500585093e+00 -8.8079811132e-01  8.5382245521e-01  1.8781557714e+00 -1.4567199197e+00  1.5230787501e+00  3.3871946227e+00  9.1676015228e-01 -8.9406707543e-01  1.7738911296e+00  1.4230489233e+00 -1.5210029650e+00
ENERGY -3.765360489271e+02
GRADIENT -8.0959008000e-05 -1.2108653030e-03  6.1475732380e-03 -7.2752646000e-05  1.8055292090e-03 -3.4130296100e-03 -5.3146545000e-05 -8.8099348000e-05 -2.3641836000e-05 -1.2427081400e-04  1.1894516000e-05 -5.8915790000e-06  1.7981605000e-04 -2.6744459800e-04 -1.0034195600e-04  2.1869305100e-04  3.1128409700e-04  1.0833662300e-04  2.0375443000e-05 -3.4187827230e-03 -5.3241863270e-03 -1.3924052000e-05  2.8636090470e-03  2.6476867160e-03 -6.1306863000e-05 -4.5052637000e-05 -2.9061476000e-05 -1.3468518000e-05 -5.1491740000e-06  1.2077906000e-05 -1.3070447000e-05  1.8333200000e-06 -3.3447840000e-06 -9.6180680000e-06 -2.9453013000e-05 -1.2755746000e-05  2.2490641000e-05 -1.6316469000e-05 -9.3766270000e-06  2.7183434000e-05  9.0630670000e-06  2.1849858000e-05  9.5433130000e-06  6.7546945000e-05 -4.4122836000e-05 -4.8962450000e-06  1.3018986000e-05  1.5612450000e-05  7.9185900000e-07  5.9925570000e-06  2.3986470000e-06 -8.4210320000e-06  5.5184570000e-06  1.0583894000e-05

JOB 12
COORDS  1.5226513138e-01 -3.6449226516e-02  3.3852070201e-02 -5.6484641923e-01 -1.1499077524e+00 -5.0757336308e-01 -1.9847673289e+00 -1.1148588923e+00 -5.2202711520e-01 -2.6794378726e+00  1.7008743599e-02 -6.4227554644e-03 -1.9578723755e+00  1.1288170347e+00  5.1667752112e-01 -5.3780512783e-01  1.1178211053e+00  5.2387623471e-01  1.6776253115e+00 -3.0671392805e-02 -6.3307814414e-03  2.3960087375e+00 -8.2158327410e-01  8.6383256328e-01  2.3363212984e+00  8.2918321389e-01 -8.5788775683e-01 -2.1612170375e-02 -2.0250838009e+00 -9.1373680357e-01 -2.5483418203e+00 -1.9711671652e+00 -9.4089352501e-01 -3.7872212586e+00  3.5273321719e-02 -1.6897992704e-02 -2.5004267362e+00  2.0085598145e+00  9.1432079369e-01  2.7159440711e-02  1.9807144807e+00  9.2651538319e-01  3.4490422008e+00 -8.8346304472e-01  8.5272705349e-01  1.8769151390e+00 -1.4597920973e+00  1.5207437943e+00  3.3868615944e+00  9.1622747436e-01 -8.9348725202e-01  1.7737501870e+00  1.4226845104e+00 -1.5206468320e+00
ENERGY -3.765360488148e+02
GRADIENT -5.8123760000e-06 -1.1692380680e-03  6.1213552550e-03  9.4143726000e-05  1.5728355400e-03 -3.5021309110e-03  3.2837200000e-06  7.6671779000e-05  5.1823514000e-05  1.9348750200e-04 -3.5302742000e-05 -2.2268904000e-05 -1.5460392200e-04  3.0581267300e-04  1.5154848100e-04 -8.2545857000e-05 -1.6119663500e-04 -7.8544077000e-05  2.3615847000e-05 -3.6059194470e-03 -5.4346427360e-03  4.8826530000e-06  3.0298549960e-03  2.7570327050e-03 -5.5969230000e-05  3.1402834000e-05  6.5241422000e-05  1.1332282000e-05 -1.4249297000e-05  1.0838550000e-06  2.8736864000e-05 -8.4072030000e-06 -5.9993250000e-06  1.6426272000e-05  2.6719514000e-05  1.2948140000e-05 -2.2305001000e-05  2.0438246000e-05  7.6069040000e-06 -3.2773846000e-05 -1.1759569000e-05  6.1125520000e-06  1.3095785000e-05  1.5083365000e-05 -6.9199287000e-05 -8.7985710000e-06 -2.9161864000e-05 -2.0477039000e-05  2.7759010000e-06 -1.3297664000e-05 -3.3507918000e-05 -6.8012130000e-06 -1.6796486000e-05 -6.5933370000e-06

