JOB 0
COORDS  1.5959120000e-01 -2.9596700000e-02  4.2510000000e-02 -5.5914710000e-01 -1.1924312000e+00 -3.8859260000e-01 -1.9780025000e+00 -1.1635172000e+00 -4.1063250000e-01 -2.6756301000e+00  1.2880600000e-02 -9.0316000000e-03 -1.9563799000e+00  1.1731863000e+00  4.0270630000e-01 -5.3740610000e-01  1.1677901000e+00  4.1074630000e-01  1.6754763000e+00 -2.4872200000e-02 -5.6279000000e-03  2.3957716000e+00 -9.5407000000e-01  7.1668310000e-01  2.3389766000e+00  9.6902480000e-01 -6.9503470000e-01 -1.3636800000e-02 -2.0994625000e+00 -7.1435160000e-01 -2.5396833000e+00 -2.0564516000e+00 -7.4767630000e-01 -3.7836907000e+00  2.7862300000e-02 -2.2573400000e-02 -2.5026472000e+00  2.0851640000e+00  7.1311730000e-01  2.4074800000e-02  2.0658459000e+00  7.3403400000e-01  3.4462816000e+00 -1.0277938000e+00  6.7130010000e-01  1.8791892000e+00 -1.6817118000e+00  1.2740062000e+00  3.3888959000e+00  1.0595601000e+00 -7.0484970000e-01  1.7833996000e+00  1.6544750000e+00 -1.2677534000e+00
ENERGY -3.765387814823e+02
GRADIENT  1.1598955800e-04 -1.0219725470e-03  7.8136640150e-03 -1.5069721100e-04  1.7225275380e-03 -4.1661305190e-03 -8.3519164000e-05 -1.3501094300e-04 -5.1382129000e-05  7.9711082000e-05  7.5183480000e-06  5.7065690000e-06  2.0425239000e-05 -6.5557339000e-05 -2.6064477000e-05  1.0730243600e-04  1.0231391800e-04  6.3188119000e-05 -1.5038054600e-04 -3.5601856430e-03 -7.3508739270e-03  5.9311309000e-05  2.9114485790e-03  3.7048311890e-03 -8.5299700000e-07 -7.8574930000e-06  1.1380503000e-04 -2.2214828000e-05  3.0108180000e-06 -6.4495290000e-06 -8.5955470000e-06 -1.0149101000e-05 -1.7789350000e-06  5.9744990000e-06 -1.4249071000e-05 -6.3720900000e-06  1.6514207000e-05  2.6261240000e-06  1.6328300000e-06  8.7139460000e-06  8.9031470000e-06 -8.1330570000e-06  8.1792930000e-06  5.1896890000e-05 -3.3116560000e-05 -9.8717780000e-06  4.7206820000e-06  1.4092740000e-05  7.5025000000e-08  1.5583543000e-05 -5.1065795000e-05 -3.8543400000e-07 -2.3669586000e-05 -1.3407774000e-05

JOB 1
COORDS  1.5921727606e-01 -1.6677078927e-02  3.0915225647e-02 -5.5335557401e-01 -1.1970523099e+00 -3.6063342579e-01 -1.9723820706e+00 -1.1733912527e+00 -3.7950700555e-01 -2.6759600470e+00  9.2787742749e-03 -7.5457387298e-03 -1.9620771698e+00  1.1825808420e+00  3.7564069357e-01 -5.4306378722e-01  1.1832939145e+00  3.8028904594e-01  1.6755633385e+00 -1.2090061648e-02  2.1395554651e-03  2.3870373596e+00 -9.8489498778e-01  6.7410386835e-01  2.3485841373e+00  9.9752969452e-01 -6.5449881082e-01 -4.2766087133e-03 -2.1111395836e+00 -6.5963775017e-01 -2.5307979774e+00 -2.0778801869e+00 -6.9005700445e-01 -3.7841247376e+00  1.7881567922e-02 -1.8769591050e-02 -2.5121173011e+00  2.0983775726e+00  6.6763111516e-01  1.4933215386e-02  2.0898037509e+00  6.8545462121e-01  3.4366431441e+00 -1.0679982955e+00  6.2441421157e-01  1.8629380457e+00 -1.7351149922e+00  1.1931388628e+00  3.3994077018e+00  1.0771809847e+00 -6.6110908961e-01  1.8000873050e+00  1.7077372355e+00 -1.2033979475e+00
ENERGY -3.765397623049e+02
GRADIENT -1.9087149890e-03 -8.0526385500e-04  4.6433473660e-03  5.8420560400e-04  8.6199951700e-04 -3.8287237920e-03 -4.9957847000e-05  6.6562357900e-04  2.8735273500e-04 -1.1513978800e-04 -7.7255736000e-05 -8.0780190000e-05 -2.2583877800e-04 -1.6265579900e-04  9.6076820000e-05  4.4111653900e-04 -2.0464006300e-04  6.5367662600e-04  1.0236832730e-03 -1.6532050900e-03 -3.8001430480e-03  2.1460753200e-04  2.6330161480e-03  2.8677052820e-03 -3.2613990700e-04 -6.0091821400e-04 -4.5332211000e-04  1.0879199500e-04 -8.2310268000e-05  2.5280840600e-04  6.4914454000e-05  2.5983280000e-05 -5.4294200000e-07  1.9340361000e-05  4.8756024000e-05  8.2456540000e-06  1.1305765000e-05  1.6106227000e-05 -2.0954055000e-05  2.8710938000e-05 -2.5771467000e-05 -2.2976362000e-05  2.0719303700e-04 -2.0129400200e-04  2.9943916000e-05 -1.3302339100e-04 -3.0561860300e-04 -2.4745199400e-04  2.0581634200e-04 -1.2085800800e-04 -1.5861269100e-04 -1.3182501600e-04 -3.6254690000e-06 -2.3213282200e-04

JOB 2
COORDS  1.6230361505e-01 -1.1493832387e-02  2.4178536645e-02 -5.5481234809e-01 -1.1995979333e+00 -3.3640229448e-01 -1.9737336965e+00 -1.1855161411e+00 -3.5321691945e-01 -2.6761058788e+00  4.9754495982e-03 -4.2020406821e-03 -1.9628415986e+00  1.1876865361e+00  3.5102838884e-01 -5.4396410336e-01  1.1925395375e+00  3.5212051951e-01  1.6766195764e+00 -9.5036469231e-03 -3.0653526208e-03  2.3794545978e+00 -1.0106278073e+00  6.3576688257e-01  2.3569194663e+00  1.0207640174e+00 -6.1956996925e-01 -5.2912699362e-03 -2.1180658225e+00 -6.2048686439e-01 -2.5303215026e+00 -2.0982394709e+00 -6.4252522212e-01 -3.7843517888e+00  1.1994801474e-02 -1.1439048059e-02 -2.5142910813e+00  2.1078944915e+00  6.2599569639e-01  1.1399158161e-02  2.1068924160e+00  6.3814976866e-01  3.4285091214e+00 -1.0954520995e+00  5.8434382324e-01  1.8513241954e+00 -1.7714783025e+00  1.1343514792e+00  3.4076752864e+00  1.0975985889e+00 -6.1551677822e-01  1.8142340900e+00  1.7561714800e+00 -1.1398039141e+00
ENERGY -3.765403430894e+02
GRADIENT -2.1081182100e-04 -9.4713737800e-04  4.3012869670e-03 -5.3767519300e-04  2.6634242780e-03 -2.7181077250e-03 -9.9811759300e-04 -1.0390160790e-03 -3.3164307300e-04  6.8579244900e-04  2.9880968000e-05 -1.9316620000e-06 -3.1590948800e-04 -1.7847351500e-04 -1.5622458000e-05  2.8044936600e-04 -5.8756266100e-04  7.6639617600e-04  1.9779519540e-03 -1.3610347450e-03 -4.2285500830e-03 -7.3516794900e-04  2.0388089430e-03  3.1330834740e-03 -2.3642833100e-04 -3.3209731800e-04 -5.4507127200e-04 -5.2494587000e-05  1.0240390800e-04  2.6529768000e-04 -9.9409171000e-05 -6.5715126000e-05 -4.6350600000e-05  7.8088813000e-05 -9.5893356000e-05 -1.6451367000e-05  3.2404989000e-05  2.5405994000e-05 -4.8134170000e-06  1.1661650600e-04 -9.2648962000e-05 -1.1360037500e-04  8.6069392000e-05  6.5732961000e-05 -1.8812260100e-04 -7.7814502000e-05 -2.4990195100e-04 -9.2254046000e-05  1.2704931500e-04 -5.8839804000e-05 -1.7454494200e-04 -8.3359247000e-05  9.1671199000e-05  8.8548840000e-06

JOB 3
COORDS  1.6059083767e-01 -1.0432834811e-02  1.5369708251e-02 -5.4942677550e-01 -1.2154274891e+00 -3.0277112041e-01 -1.9677595791e+00 -1.1932912533e+00 -3.1304648261e-01 -2.6755325792e+00  5.1997321005e-03 -1.2206018924e-03 -1.9633369407e+00  1.2002975792e+00  3.1344233702e-01 -5.4496515520e-01  1.2035916569e+00  3.1005466956e-01  1.6715162924e+00 -9.6008541706e-03 -5.9558619332e-03  2.3728862369e+00 -1.0458676925e+00  5.7699882648e-01  2.3556121961e+00  1.0519121106e+00 -5.6310236468e-01 -1.1318163034e-03 -2.1414919122e+00 -5.6446716455e-01 -2.5257454596e+00 -2.1144464921e+00 -5.7080140282e-01 -3.7839590086e+00  8.6646183648e-03 -5.5202462400e-03 -2.5146981221e+00  2.1280250406e+00  5.6202842071e-01  1.0553488195e-02  2.1260946953e+00  5.6862928221e-01  3.4216304624e+00 -1.1289737214e+00  5.2447294960e-01  1.8439772507e+00 -1.8259441844e+00  1.0430903034e+00  3.4057607257e+00  1.1291571704e+00 -5.4330656088e-01  1.8171725783e+00  1.8168512908e+00 -1.0428763059e+00
ENERGY -3.765410786757e+02
GRADIENT -2.4401741600e-03 -2.1075603600e-04  3.3511904580e-03  1.7713247630e-03 -1.1983475020e-03 -2.8844322860e-03  9.2735742100e-04  1.8013311190e-03  4.4933894300e-04 -9.2566358300e-04 -3.9179972000e-05 -3.0398227000e-05 -3.2656694000e-05  3.1421859000e-05 -2.0343554000e-05  6.7534702300e-04 -7.4660990000e-06  8.7689250600e-04  1.0431318120e-03 -1.8628233900e-03 -4.0084354650e-03 -5.9741479000e-04  1.7756082130e-03  2.7684787480e-03 -7.3956142900e-04 -2.3465320700e-04 -4.7670959300e-04  2.3917522900e-04 -1.6796225300e-04  9.5964703000e-05  2.2698817900e-04  6.9253937000e-05 -8.4973270000e-06 -5.5630174000e-05  1.2682920800e-04  4.4304592000e-05  4.8115540000e-06 -2.5277281000e-05  2.8638067000e-05  6.3053600000e-05  9.2274108000e-05 -1.8343943900e-04  5.9626886000e-05 -1.4512191000e-04 -9.2677137000e-05 -1.0311828400e-04 -1.2097247100e-04 -9.2070880000e-05  4.1490886000e-05 -5.4280512000e-05 -2.8003124000e-05 -1.2473530900e-04  1.7491897800e-04  2.1272399900e-04

JOB 4
COORDS  1.6202390224e-01 -1.2476997665e-02  2.2009936246e-02 -5.5836005091e-01 -1.2123730910e+00 -2.9651502367e-01 -1.9765886378e+00 -1.1954365877e+00 -3.1038816427e-01 -2.6804887752e+00  6.2311576885e-03 -3.2819363964e-03 -1.9655460644e+00  1.2007891938e+00  3.0704907848e-01 -5.4729304385e-01  1.2024571854e+00  3.0665069210e-01  1.6725151809e+00 -1.4540406066e-02 -4.9242143563e-03  2.3856113858e+00 -1.0486417160e+00  5.6878511105e-01  2.3557016474e+00  1.0519874994e+00 -5.5419794085e-01 -1.2540007771e-02 -2.1395187189e+00 -5.5915522977e-01 -2.5345297926e+00 -2.1170000946e+00 -5.6709565392e-01 -3.7888931276e+00  1.2901148023e-02 -9.3957512635e-03 -2.5157030391e+00  2.1306725855e+00  5.5026331786e-01  6.3992340615e-03  2.1262710718e+00  5.6430102831e-01  3.4347144904e+00 -1.1234702814e+00  5.1319981864e-01  1.8652268157e+00 -1.8327349109e+00  1.0372743468e+00  3.4055890387e+00  1.1305209368e+00 -5.3090894550e-01  1.8177266248e+00  1.8176850671e+00 -1.0329891156e+00
ENERGY -3.765411193755e+02
GRADIENT  6.8095144900e-04  4.6198691300e-04  4.3072894110e-03 -4.4151801400e-04  1.4193282410e-03 -2.3710130150e-03 -1.2470112800e-04 -2.4670216200e-04 -5.1587291000e-05 -1.2077992000e-05  4.7484394000e-05  2.5933603000e-05 -1.2903211300e-04  1.7827925300e-04  1.1245916000e-05 -5.0167429600e-04 -7.1316037200e-04  1.2383563700e-04 -2.2445470500e-04 -2.6569850790e-03 -4.4593348210e-03  1.2003774710e-03  2.4588469030e-03  2.3475798930e-03 -2.1009477900e-04 -7.5571972600e-04  1.1814420000e-06 -2.8343919000e-05  1.0109692500e-04 -7.1247838000e-05 -5.0834995000e-05  6.0573430000e-06 -3.8714030000e-06  4.5781900000e-06 -9.3959340000e-06 -1.2444613000e-05 -6.1633976000e-05 -2.7130737000e-05  4.2086546000e-05  2.8649907000e-05 -5.8714060000e-05 -1.6005832400e-04  9.2368987000e-05 -3.4915078800e-04  1.2216165700e-04 -9.1000393000e-05  1.3939169800e-04 -1.4600765200e-04  2.5562404000e-05 -2.9829992000e-05  9.0668061000e-05 -1.2564676700e-04  4.4041802000e-05  2.0366764100e-04

JOB 5
COORDS  1.6130533061e-01 -1.0799550443e-02  2.5723773030e-02 -5.5668238909e-01 -1.2125366439e+00 -2.9361730803e-01 -1.9747410937e+00 -1.1986649368e+00 -3.0803221387e-01 -2.6776088125e+00  3.8553156973e-03 -2.3268910140e-03 -1.9644698538e+00  1.1999330594e+00  3.0667542229e-01 -5.4644323916e-01  1.2059929119e+00  3.0775559062e-01  1.6708437320e+00 -1.0407057249e-02 -7.2930170536e-03  2.3751368585e+00 -1.0517577179e+00  5.6486063847e-01  2.3586818511e+00  1.0555369510e+00 -5.5388053351e-01 -9.0618542170e-03 -2.1387510746e+00 -5.5597049958e-01 -2.5320383948e+00 -2.1208591919e+00 -5.6393708538e-01 -3.7860082591e+00  1.0113528642e-02 -8.7458588759e-03 -2.5166532659e+00  2.1291612886e+00  5.4773069821e-01  5.7645037383e-03  2.1304907649e+00  5.6641443544e-01  3.4240405209e+00 -1.1267617500e+00  5.0832337755e-01  1.8522666454e+00 -1.8345962277e+00  1.0328052800e+00  3.4088014140e+00  1.1299386557e+00 -5.2947031605e-01  1.8250538305e+00  1.8217567056e+00 -1.0365879475e+00
ENERGY -3.765411307094e+02
GRADIENT  3.5165971900e-04 -8.3634402000e-04  5.4473659710e-03 -5.5918079200e-04  1.1901311660e-03 -2.5149191950e-03 -4.2637874900e-04 -7.5426011400e-04 -2.4819674500e-04  5.3710656900e-04  3.2458613000e-05  4.9041798000e-05  1.5533358000e-04 -3.2766473800e-04 -1.7189201800e-04  1.7856680600e-04  5.7229790700e-04  1.9920974300e-04  3.0320402600e-04 -1.3832716190e-03 -5.2817547820e-03 -6.6621285700e-04  9.9300614800e-04  3.1426167220e-03  2.5825353500e-04  2.5794268100e-04 -5.0122797000e-04 -1.1082595200e-04 -1.8710400000e-07 -4.8814836000e-05 -5.2108304000e-05 -4.7395397000e-05 -7.6551360000e-06  3.5197688000e-05 -7.9378425000e-05 -1.4073832000e-05  7.9150754000e-05  1.6097538000e-05  2.0478618000e-05 -2.3395812000e-05  7.1381919000e-05  3.0428217000e-05 -7.4201865000e-05  3.3587533900e-04 -2.4227123400e-04  2.1730101000e-05 -1.2745960600e-04 -5.4320634000e-05 -1.7506490000e-05  6.7350350000e-05  1.1566067100e-04  4.2024387000e-05  2.4272101000e-05  8.2968853000e-05

JOB 6
COORDS  1.6155669885e-01 -1.2462854048e-02  2.5498862702e-02 -5.5609786758e-01 -1.2137712213e+00 -2.9435386586e-01 -1.9742558078e+00 -1.1959876542e+00 -3.0843255694e-01 -2.6793685272e+00  5.4351310160e-03 -2.8868788327e-03 -1.9659418408e+00  1.2010433677e+00  3.0716949081e-01 -5.4775209616e-01  1.2031415891e+00  3.0778753616e-01  1.6711829958e+00 -1.1307896660e-02 -6.6330657330e-03  2.3778076287e+00 -1.0513479556e+00  5.6501088260e-01  2.3570905872e+00  1.0554367643e+00 -5.5356115178e-01 -9.3364384784e-03 -2.1406463611e+00 -5.5615522341e-01 -2.5319463565e+00 -2.1177729647e+00 -5.6483187993e-01 -3.7877806831e+00  1.1222756636e-02 -1.0026062595e-02 -2.5168970910e+00  2.1309760563e+00  5.4839725692e-01  5.4654046581e-03  2.1268944692e+00  5.6673614035e-01  3.4267423742e+00 -1.1278557357e+00  5.1030853906e-01  1.8549526279e+00 -1.8331832312e+00  1.0346316778e+00  3.4072140356e+00  1.1307020472e+00 -5.3185250355e-01  1.8218970779e+00  1.8203971075e+00 -1.0366016365e+00
ENERGY -3.765411395287e+02
GRADIENT  4.6362289600e-04 -6.2225027900e-04  5.2499060530e-03 -6.2852356000e-05  7.3403724800e-04 -2.6851167670e-03  1.0732428500e-04  1.8354778500e-04  1.9752640000e-05 -7.5694967000e-05 -2.6207282000e-05  6.9645560000e-06 -1.2571018300e-04  2.5746655200e-04  3.2243310000e-05 -2.0193202300e-04 -4.2100370500e-04 -3.5794038000e-05 -5.0939578000e-05 -1.6370301600e-03 -5.1523664080e-03 -1.1685821400e-04  1.4640929660e-03  2.8217246250e-03  1.4942715800e-04 -2.7304740000e-06 -3.0707694100e-04  3.1505783000e-05  1.9069449000e-05 -1.2378383000e-05  5.4075550000e-06  1.3274677000e-05  8.2040590000e-06 -3.1499460000e-06  3.2799222000e-05  1.0033859000e-05 -3.6618759000e-05  2.3655370000e-06  3.6500990000e-06 -3.8543563000e-05 -2.4362573000e-05 -8.7937030000e-06 -2.9424871000e-05 -2.3200534000e-05 -3.9978322000e-05  1.3679932000e-05 -6.1008640000e-05 -6.1047238000e-05 -1.6436923000e-05  8.4055017000e-05  6.5954182000e-05  1.8819614000e-05  3.3637828000e-05  8.6173565000e-05

JOB 7
COORDS  1.5963917286e-01 -1.2682971807e-02  2.6351286491e-02 -5.5743382501e-01 -1.2139461778e+00 -2.9479882664e-01 -1.9755479750e+00 -1.1960121267e+00 -3.1000660726e-01 -2.6793358980e+00  6.1438650092e-03 -4.3038827769e-03 -1.9648836460e+00  1.2009271319e+00  3.0694635907e-01 -5.4671350584e-01  1.2044700829e+00  3.0885494862e-01  1.6692792833e+00 -1.3171147268e-02 -4.8270101101e-03  2.3802563237e+00 -1.0512295875e+00  5.6495360458e-01  2.3533017354e+00  1.0541854763e+00 -5.5217876078e-01 -1.0392133024e-02 -2.1408451395e+00 -5.5594797858e-01 -2.5336187007e+00 -2.1173411207e+00 -5.6723811843e-01 -3.7877375117e+00  1.3043811025e-02 -1.2116649347e-02 -2.5159436669e+00  2.1307791442e+00  5.4813176532e-01  7.2736680836e-03  2.1276029163e+00  5.6855136419e-01  3.4293471143e+00 -1.1258964006e+00  5.0974623161e-01  1.8598986238e+00 -1.8330740036e+00  1.0372917571e+00  3.4035498659e+00  1.1287288432e+00 -5.3345692755e-01  1.8170611035e+00  1.8178742378e+00 -1.0361615502e+00
ENERGY -3.765411392851e+02
GRADIENT -3.8512085400e-04 -1.4920946200e-04  5.0058850550e-03  1.0495075200e-04  6.4246928300e-04 -2.7839919760e-03  5.6756546000e-05  3.2450426000e-05  2.6406211000e-05 -1.6292419400e-04  2.4261881000e-05  1.2461870000e-06  1.5814999600e-04 -3.0035944700e-04 -4.1936851000e-05  3.0594371600e-04  3.6476990100e-04  1.0567292300e-04 -5.6508022600e-04 -1.9564641440e-03 -4.8693167910e-03  5.8287119600e-04  1.8878161330e-03  2.5193003920e-03 -1.2860851400e-04 -3.6984415500e-04 -5.8184582000e-05 -6.7981820000e-06 -2.4928895000e-05 -2.2825407000e-05  1.6683952000e-05 -4.0100820000e-06  2.8579390000e-06 -8.8991340000e-06 -2.2247078000e-05 -1.1343100000e-05  3.8934178000e-05 -1.5191661000e-05 -3.5532250000e-06  4.3928497000e-05  4.5013365000e-05 -1.4605729000e-05  5.1479668000e-05 -2.0669397500e-04  5.8020392000e-05 -3.0097526000e-05  1.9798040000e-05 -6.5968309000e-05  8.1542170000e-06 -1.7607131000e-05  7.6477534000e-05 -4.9115110000e-05  5.9053255000e-05  7.6496400000e-05

JOB 8
COORDS  1.6005804218e-01 -1.2868023159e-02  2.6879177137e-02 -5.5761217544e-01 -1.2138830129e+00 -2.9427026958e-01 -1.9757235075e+00 -1.1960507829e+00 -3.0948752491e-01 -2.6796116821e+00  6.0877903682e-03 -4.0413099554e-03 -1.9658687632e+00  1.2012851015e+00  3.0702465108e-01 -5.4772383267e-01  1.2037410654e+00  3.0877760680e-01  1.6696721858e+00 -1.2675283991e-02 -5.3586493896e-03  2.3788139891e+00 -1.0521067102e+00  5.6421338832e-01  2.3545655428e+00  1.0547988919e+00 -5.5183156947e-01 -1.0747318766e-02 -2.1408545597e+00 -5.5551474737e-01 -2.5337482849e+00 -2.1174271775e+00 -5.6665274221e-01 -3.7880091997e+00  1.2705704378e-02 -1.1960334887e-02 -2.5168785873e+00  2.1312520564e+00  5.4796109260e-01  5.9836861296e-03  2.1269964876e+00  5.6852913477e-01  3.4279398738e+00 -1.1256065695e+00  5.0884188001e-01  1.8583864402e+00 -1.8337074251e+00  1.0368868795e+00  3.4048692304e+00  1.1285111628e+00 -5.3332993795e-01  1.8190908797e+00  1.8182216260e+00 -1.0370354108e+00
ENERGY -3.765411429061e+02
GRADIENT  1.3346599300e-04 -4.1496864700e-04  5.2264832760e-03 -7.3220299000e-05  7.7253503000e-04 -2.7583845900e-03 -1.3763994000e-05 -3.3801683000e-05 -4.7260470000e-06  8.7741844000e-05  3.1188840000e-06  6.0511900000e-07 -4.3360529000e-05  6.1892412000e-05  2.6166277000e-05 -2.1056160000e-05 -3.0456786000e-05 -2.0398113000e-05 -1.6587996500e-04 -1.7672529480e-03 -5.0674164580e-03  1.2855448400e-04  1.5221170830e-03  2.7266067640e-03  2.5166000000e-08 -1.4738212800e-04 -1.4148130000e-04 -1.8583020000e-06 -1.9839360000e-06 -1.1015481000e-05  7.3249950000e-06 -7.1047290000e-06  3.0667800000e-07  8.3219870000e-06  1.3868080000e-06 -1.1308480000e-06  1.5696720000e-06  6.5390250000e-06  5.7095500000e-07 -8.1679710000e-06  3.6509770000e-06  1.8505280000e-06  1.0261071000e-05  1.9473944000e-05 -6.0422392000e-05 -7.1514600000e-06 -2.6386520000e-05 -4.0075894000e-05 -2.7666650000e-06  1.0542261000e-05  6.7633181000e-05 -8.7882750000e-06  3.6415892000e-05  5.5959642000e-05

