JOB 0
COORDS  1.6761590000e-01 -5.5600000000e-05  3.0220000000e-04 -5.6332090000e-01 -1.2404106000e+00  2.1745400000e-02 -1.9799435000e+00 -1.2346867000e+00  2.1452900000e-02 -2.6917184000e+00  9.1040000000e-04 -7.5100000000e-05 -1.9790929000e+00  1.2360181000e+00 -2.1315400000e-02 -5.6246160000e-01  1.2408245000e+00 -2.1227700000e-02  1.6772224000e+00 -5.7670000000e-04  7.1660000000e-04  2.3977968000e+00 -1.1818185000e+00  2.1518000000e-02  2.3975758000e+00  1.1807750000e+00 -1.8399900000e-02 -4.1006500000e-02 -2.2163460000e+00  3.8657700000e-02 -2.5313232000e+00 -2.1949294000e+00  3.8071400000e-02 -3.8003997000e+00  1.2921000000e-03 -2.6040000000e-04 -2.5298404000e+00  2.1966223000e+00 -3.7920700000e-02 -3.9479200000e-02  2.2163993000e+00 -3.7770200000e-02  3.4492828000e+00 -1.1941138000e+00  2.2071200000e-02  1.9043794000e+00 -2.1071223000e+00  3.8426700000e-02  3.4490572000e+00  1.1919795000e+00 -2.3019700000e-02  1.9045185000e+00  2.1061819000e+00 -3.9957200000e-02
ENERGY -3.765408621147e+02
GRADIENT -2.1296017000e-05  5.9458772000e-05 -2.2299917000e-05 -4.5603460000e-06  9.8247324000e-05  1.0908503000e-05 -1.1076770500e-04 -1.8220795100e-04  3.5102980000e-06  2.6003445800e-04  7.6922020000e-06 -2.0848780000e-06 -1.2067014900e-04  1.7185321300e-04 -8.3475200000e-07  2.1466310000e-06 -7.1911283000e-05 -5.5605240000e-06 -1.1881051000e-05 -7.7527632000e-05 -1.8625590000e-05  9.4012605000e-05  1.0142040800e-04  6.8160350000e-06 -1.0078213400e-04  1.3245790000e-06  1.1673612100e-04 -1.6486528000e-05 -6.3519630000e-06 -1.6573320000e-06  3.6647070000e-06 -2.2417752000e-05  3.2195180000e-06  2.1145014000e-05 -5.2377300000e-07 -1.6068810000e-06  2.1655600000e-06  1.9867821000e-05  1.3800860000e-06 -2.5546000000e-06 -2.2470520000e-06  1.7380320000e-06  1.4644417000e-05 -3.8170369000e-05 -8.2893870000e-06 -8.2394720000e-06  3.0205300000e-07 -4.4091490000e-06  6.0797730000e-06 -7.8803449000e-05 -3.9843309000e-05 -2.1933605000e-05  1.9638322000e-05 -3.9144816000e-05

JOB 1
COORDS  1.6864848810e-01 -2.5564103712e-04  1.1363458866e-02 -5.6274736143e-01 -1.2404117750e+00 -7.7058966040e-03 -1.9794089429e+00 -1.2337500755e+00 -8.2703544004e-03 -2.6933634105e+00  6.7044363212e-04  2.2192980322e-03 -1.9786433544e+00  1.2346792316e+00  9.3419840623e-03 -5.6198382878e-01  1.2405100491e+00  9.9735822635e-03  1.6781079605e+00 -7.3929481441e-04 -1.2236733888e-02  2.3970029096e+00 -1.1802414766e+00  7.1186724529e-02  2.3989189845e+00  1.1791708133e+00 -7.0888960980e-02 -4.0819370429e-02 -2.2166177406e+00 -2.0661003915e-02 -2.5303249344e+00 -2.1943147439e+00 -1.8637804543e-02 -3.8020799351e+00  1.0249831834e-03  1.3396632609e-03 -2.5289810799e+00  2.1956266211e+00  1.2717215670e-02 -3.9565052013e-02  2.2165312850e+00  1.1216694281e-02  3.4484625371e+00 -1.1928879355e+00  7.2703449559e-02  1.9027838770e+00 -2.1029193806e+00  1.3705120486e-01  3.4503772055e+00  1.1918505271e+00 -7.5032828900e-02  1.9053884087e+00  2.1030855298e+00 -1.2265475902e-01
ENERGY -3.765408012236e+02
GRADIENT  1.7754929400e-04 -1.8354739800e-04  3.6870602140e-03  1.0526422000e-05 -8.0563481000e-05 -1.1504899230e-03  3.1788834500e-04  4.6686403500e-04 -1.6108910900e-04 -7.6229137300e-04  3.3181080000e-06  3.7962665000e-05  3.1689324200e-04 -4.8076872600e-04 -1.1987371900e-04  3.3238779000e-05  1.3078320300e-04 -1.2523525000e-04  2.3473710000e-05 -2.6454180000e-05 -4.5808144210e-03 -2.3642411600e-04 -6.0388798000e-05  9.7897683000e-04  1.7500850200e-04  3.7451079000e-05  8.3440594200e-04 -6.7743750000e-06 -9.8304000000e-06  2.8368154300e-04 -1.4940576000e-05  5.9310439000e-05  7.7312446000e-05 -6.3054948000e-05  3.9480400000e-07  1.2692588000e-05 -1.1922383000e-05 -5.8347932000e-05 -2.1655817000e-05 -1.6832985000e-05  1.1347591000e-05 -4.6189786200e-04 -3.1905910000e-05  1.0348418900e-04  3.0870778900e-04  4.2723513000e-05 -6.0027380000e-06 -3.3256697000e-05 -2.1151279000e-05  1.0839584100e-04 -8.0969312000e-05  5.8196069000e-05 -1.4855698000e-05  5.1433416800e-04

JOB 2
COORDS  1.6826270894e-01 -1.1693214240e-03  1.7024795794e-02 -5.6280111344e-01 -1.2408048013e+00 -3.0622977113e-02 -1.9794163551e+00 -1.2342584943e+00 -3.3093592633e-02 -2.6909781771e+00  1.1153400737e-03  1.8260429058e-03 -1.9778172298e+00  1.2356545948e+00  3.4307268755e-02 -5.6120744454e-01  1.2401650797e+00  3.5831702700e-02  1.6776227242e+00 -1.8608967895e-03 -1.1523277334e-02  2.3977834491e+00 -1.1769040127e+00  1.1408711983e-01  2.3971702440e+00  1.1759018799e+00 -1.1307555857e-01 -4.0527174910e-02 -2.2162222080e+00 -6.7314549883e-02 -2.5311226603e+00 -2.1938850955e+00 -6.5983859911e-02 -3.7996611334e+00  1.9039598254e-03 -6.6244307107e-04 -2.5282587731e+00  2.1963141709e+00  5.6660499322e-02 -3.7819404835e-02  2.2153641458e+00  6.0273195539e-02  3.4492352503e+00 -1.1898268956e+00  1.0888741870e-01  1.9041350775e+00 -2.0965229645e+00  2.1684695535e-01  3.4486251507e+00  1.1899157871e+00 -1.1555189518e-01  1.9025183641e+00  2.0961237879e+00 -2.0486513773e-01
ENERGY -3.765408726731e+02
GRADIENT  1.3496770400e-04 -1.4369508100e-04  4.6458984910e-03 -9.9301480000e-05  1.4914655700e-04 -1.5226783870e-03  6.6833400000e-07 -1.1529309300e-04 -1.2069102600e-04  1.7529631400e-04  1.5878394000e-05  3.1720700000e-05 -3.7742342000e-05  1.2383754000e-04 -6.5263895000e-05 -6.4346744000e-05 -6.8384395000e-05 -4.2171026200e-04 -1.5592856600e-04 -2.6855847500e-04 -5.0135543510e-03 -1.3203904000e-05  7.2962408000e-05  1.0986448040e-03  2.3014701800e-04  2.4980509000e-05  8.5999276700e-04 -1.8750565500e-04 -6.7567241000e-05  4.0408175400e-04  5.5972620000e-06 -1.3311889000e-05  6.8819010000e-05  7.2346460000e-06  6.7631500000e-07  1.4044880000e-06  5.4339910000e-06  1.4167381000e-05 -1.6023246000e-05 -1.4471044800e-04  6.1984596000e-05 -6.1052274800e-04 -4.7053903000e-05  8.4397205000e-05  3.9427202400e-04  1.2565306100e-04  2.6256613000e-05 -2.5774459100e-04 -3.7510459000e-05  1.0412956100e-04 -1.2154888200e-04  1.0542556800e-04 -1.0535900000e-06  6.4560752100e-04

JOB 3
COORDS  1.6806113978e-01 -1.5219201400e-03  2.1636939514e-02 -5.6148567564e-01 -1.2394022375e+00 -6.8478535691e-02 -1.9781883262e+00 -1.2322744014e+00 -7.3298670781e-02 -2.6904629063e+00  1.0043967880e-03  9.0377052669e-04 -1.9766021381e+00  1.2334780127e+00  7.4449778938e-02 -5.5990196370e-01  1.2393256555e+00  7.6902972009e-02  1.6769343846e+00 -2.2600368500e-03 -1.0108123992e-02  2.3967796210e+00 -1.1682999283e+00  1.8312199901e-01  2.3945386746e+00  1.1685591106e+00 -1.8019050962e-01 -3.7523547666e-02 -2.2117525752e+00 -1.4400777504e-01 -2.5297738161e+00 -2.1900952157e+00 -1.4151324699e-01 -3.7991515362e+00  1.9657644290e-03 -3.4237971377e-03 -2.5273380128e+00  2.1926541685e+00  1.2913109107e-01 -3.5567844854e-02  2.2121593777e+00  1.4255958511e-01  3.4480972653e+00 -1.1861950828e+00  1.6589151343e-01  1.9014673659e+00 -2.0778853736e+00  3.4914885565e-01  3.4460422012e+00  1.1825638283e+00 -1.7775814703e-01  1.8992241700e+00  2.0788751041e+00 -3.4205013876e-01
ENERGY -3.765411338169e+02
GRADIENT -1.8802933000e-05 -2.0577593900e-04  5.2633618700e-03  2.9578466000e-05  1.7856008600e-04 -1.6891897060e-03  2.4385424200e-04  9.6416229000e-05 -3.9661274000e-05 -3.4015362600e-04  3.6621784000e-05  3.8349514000e-05  2.4639635600e-04 -2.1790863100e-04 -3.1623045000e-05  1.0035615900e-04  1.4009767600e-04 -8.0553289200e-04 -2.2204026400e-04 -4.3203759300e-04 -5.2079187280e-03  1.8804948300e-04  2.7517530700e-04  1.1909201130e-03  1.3546427800e-04  2.5009514800e-04  8.4538562600e-04 -3.4926773200e-04 -1.8637698600e-04  4.8941209800e-04  1.4542439000e-05  1.5978900000e-05  4.1222745000e-05 -3.5470130000e-05 -7.8895040000e-06 -1.2625656000e-05  2.4751800000e-05 -2.2720813000e-05 -1.8965844000e-05 -3.3022707300e-04  1.9591074600e-04 -6.3300222400e-04 -7.3402515000e-05  1.0483867000e-05  4.4008531500e-04  2.5344227900e-04  2.7392440000e-06 -5.0571294700e-04 -7.8638890000e-05 -1.8511140700e-04 -1.2357842000e-04  2.2579204400e-04  5.7371434000e-05  7.5957991000e-04

JOB 4
COORDS  1.6733113816e-01  1.4417699784e-03  1.1994311579e-02 -5.5734320413e-01 -1.2383702595e+00 -8.4049047495e-02 -1.9741588621e+00 -1.2334083861e+00 -9.0244293811e-02 -2.6848515210e+00  5.6520152511e-05 -2.2039000216e-03 -1.9766804559e+00  1.2347338438e+00  9.0204178139e-02 -5.5990449057e-01  1.2408142010e+00  9.2240538528e-02  1.6757081297e+00  1.3579900834e-03  3.0465018298e-03  2.3890624087e+00 -1.1657414890e+00  2.1244939455e-01  2.3941965353e+00  1.1653963808e+00 -2.0502658448e-01 -2.8343216082e-02 -2.2067807803e+00 -1.7444334792e-01 -2.5256265839e+00 -2.1904045969e+00 -1.7052102767e-01 -3.7934819120e+00 -7.0940230876e-04 -6.4708343354e-03 -2.5298192025e+00  2.1913709768e+00  1.6313247388e-01 -3.3204537098e-02  2.2099934265e+00  1.8710793304e-01  3.4399826534e+00 -1.1930350160e+00  1.8185126049e-01  1.8876198496e+00 -2.0667171199e+00  4.0636335323e-01  3.4456581457e+00  1.1863318450e+00 -1.9585294035e-01  1.8962943807e+00  2.0642583081e+00 -4.1675689055e-01
ENERGY -3.765414500331e+02
GRADIENT -3.9723601800e-04 -2.7698207200e-04  1.7689149380e-03  3.9773684000e-04  5.1000270000e-06 -5.0326107900e-04 -4.3298540100e-04 -5.8843417200e-04  7.3176432000e-05  1.1670266250e-03 -6.4340004000e-05 -2.6426143000e-05 -4.5250349000e-04  8.8372218100e-04  1.7600690700e-04  1.0612057100e-04 -2.5156686000e-04 -8.7269061800e-04 -5.1839319300e-04  5.8150045600e-04 -9.4098782500e-04 -2.5231497100e-04 -1.5683030000e-04  3.4213910700e-04  4.8263348300e-04 -2.6278869900e-04  2.6764474000e-04 -1.2769873700e-04 -1.5590877400e-04  4.2934587800e-04  7.0891408000e-05 -8.7440594000e-05 -4.8487549000e-05  8.8180122000e-05  2.3823497000e-05 -8.2173620000e-06  4.6417641000e-05  1.0544292500e-04  2.2299990000e-06 -3.8365871800e-04  1.6417131600e-04 -2.2521283000e-04 -3.4391535000e-05 -2.8045139000e-05  1.1690413200e-04  8.1585760000e-05 -2.1264490500e-04 -7.0664858200e-04 -4.2660392000e-05  3.0885022800e-04 -2.1146226900e-04  2.1047292900e-04  1.2033716000e-05  3.6879572400e-04

JOB 5
COORDS  1.7056923328e-01  1.5816023718e-03 -1.5857241118e-02 -5.6171739567e-01 -1.2326852741e+00 -1.1791305899e-01 -1.9791155941e+00 -1.2217725494e+00 -1.2101427487e-01 -2.7005923973e+00  2.8865159284e-03 -4.9380575414e-03 -1.9746299412e+00  1.2242407860e+00  1.1885199815e-01 -5.5719672771e-01  1.2347700209e+00  1.1744109374e-01  1.6780666788e+00 -5.7494897087e-04  1.9621131055e-02  2.4010073300e+00 -1.1546615645e+00  2.6235362009e-01  2.3880544201e+00  1.1550499123e+00 -2.5048168753e-01 -3.4131346762e-02 -2.1979780121e+00 -2.4256032940e-01 -2.5296476430e+00 -2.1773701978e+00 -2.2066455185e-01 -3.8094427232e+00  4.6804443815e-03 -4.5644122020e-03 -2.5232109339e+00  2.1798346945e+00  2.2832155538e-01 -2.5392588348e-02  2.1949142281e+00  2.6402614281e-01  3.4512916232e+00 -1.1802264596e+00  2.0977784266e-01  1.9068716361e+00 -2.0408711495e+00  5.3011546709e-01  3.4391572028e+00  1.1816488108e+00 -2.1914832759e-01  1.8867985156e+00  2.0269652936e+00 -5.5126048285e-01
ENERGY -3.765414029108e+02
GRADIENT  9.6946966200e-04  1.8175564030e-03 -5.7739702540e-03 -2.8209927300e-04  4.4398175000e-05  2.2895955190e-03  1.8214132250e-03  2.9381243760e-03  5.8769731200e-04 -5.7150241080e-03 -6.9203610000e-06 -1.0596623000e-04  2.2723297650e-03 -3.8140780970e-03 -2.0678167000e-04  2.2282515900e-04  2.0857037000e-04 -3.4471417800e-04  1.3199014300e-04 -2.5358265600e-04  6.3956647720e-03  1.8529622390e-03  6.1198479700e-04 -1.2725597100e-03 -8.2803193700e-04 -7.6268447700e-04 -5.5705162800e-04 -9.5017927000e-05  1.2361912600e-04 -1.1260517500e-04 -2.0556256000e-04  4.4755701700e-04 -8.6236727000e-05 -4.3982456100e-04 -7.1498756000e-05 -4.2321260000e-06 -1.1904639800e-04 -4.7923399800e-04 -5.4424798000e-05  4.0661175800e-04 -1.6760289100e-04  4.8640144000e-04  3.4036577000e-05 -1.5771875900e-04 -5.8143936600e-04  7.7918335000e-05  1.5472138400e-04 -5.4907863100e-04  2.9527370000e-06 -7.0345032800e-04  1.1642370100e-04 -1.1829414100e-04  7.1067693000e-05 -2.2606610600e-04

JOB 6
COORDS  1.6690336200e-01  6.7713525444e-04 -1.7471222659e-02 -5.5745327446e-01 -1.2388642058e+00 -1.1555575577e-01 -1.9742829761e+00 -1.2326703757e+00 -1.1568752139e-01 -2.6810664658e+00  1.1382373113e-03 -1.5799371627e-03 -1.9730346721e+00  1.2338922118e+00  1.1461607774e-01 -5.5614497646e-01  1.2380661014e+00  1.1047734248e-01  1.6740148038e+00  1.8118000015e-03  9.3233839019e-03  2.3867702254e+00 -1.1590767711e+00  2.4919023698e-01  2.3865449601e+00  1.1609222366e+00 -2.4174839968e-01 -2.5700907581e-02 -2.2023038994e+00 -2.3726291424e-01 -2.5283518230e+00 -2.1870757850e+00 -2.0869719584e-01 -3.7896757433e+00  1.4291137623e-03  1.1536326395e-03 -2.5257296281e+00  2.1879822845e+00  2.1834348437e-01 -2.0998225537e-02  2.1982653954e+00  2.4346989350e-01  3.4374104267e+00 -1.1896328994e+00  2.0917972032e-01  1.8854775582e+00 -2.0414152604e+00  5.1669147989e-01  3.4375289551e+00  1.1884032293e+00 -2.0787137776e-01  1.8858027485e+00  2.0389692231e+00 -5.2462833883e-01
ENERGY -3.765416201711e+02
GRADIENT -2.5675772000e-04  3.1953208800e-04 -4.5275847180e-03 -3.1031130000e-06 -1.4520603000e-05  2.1471183380e-03 -7.6039592000e-04 -1.0426875190e-03 -6.7054239000e-05  1.9103746660e-03 -1.4628151000e-05 -2.5353320000e-05 -7.9541197000e-04  1.0220840120e-03  1.0703108100e-04  1.0272632600e-04 -3.2673457600e-04 -1.5970647000e-05  4.5002109100e-04  1.6936603100e-04  4.0349326070e-03 -8.4066210000e-05 -2.3964810000e-04 -8.0197558400e-04 -5.4648152400e-04  4.2731561400e-04 -3.4533493100e-04 -1.9795365100e-04 -4.0476492000e-05 -1.6414856000e-05  4.9730163000e-05 -1.4902851300e-04 -5.9979584000e-05  1.4474490400e-04  3.0433200000e-07  1.6452033000e-05  5.2880509000e-05  1.5356329500e-04 -1.9677400000e-06  5.2192951000e-05  4.7432250000e-06  2.2358725800e-04 -5.1943494000e-05 -3.4503220000e-06 -4.9691901100e-04  1.4574588000e-05 -6.0730730000e-05 -2.9526164400e-04  2.8171450000e-06 -3.5686947300e-04  7.0589058000e-05 -9.0086439000e-05  1.5192159200e-04  5.5228276000e-05

JOB 7
COORDS  1.6932803383e-01  3.0815239885e-03 -1.2550545294e-02 -5.5367649846e-01 -1.2369207229e+00 -1.1095950720e-01 -1.9706178957e+00 -1.2304379169e+00 -1.1000167655e-01 -2.6863014570e+00 -1.3973505173e-03  2.0247897119e-04 -1.9750067700e+00  1.2300445829e+00  1.0997179644e-01 -5.5805441890e-01  1.2393346794e+00  1.0568008776e-01  1.6768042593e+00  4.8713032271e-03  4.7960042259e-03  2.3802510914e+00 -1.1634497869e+00  2.3682297242e-01  2.3962112006e+00  1.1629775100e+00 -2.3288851739e-01 -2.0900746906e-02 -2.2005145110e+00 -2.2797563360e-01 -2.5215460541e+00 -2.1869011951e+00 -1.9933646437e-01 -3.7950102799e+00 -3.5440568481e-03  2.9517594582e-03 -2.5284208878e+00  2.1842921557e+00  2.0752268677e-01 -2.7720124282e-02  2.2036360523e+00  2.2665196187e-01  3.4310944191e+00 -1.2012340522e+00  2.1040471939e-01  1.8706631834e+00 -2.0438781092e+00  4.9500792635e-01  3.4471642909e+00  1.1951952020e+00 -2.0307065893e-01  1.8957060658e+00  2.0453313036e+00 -5.0134951228e-01
ENERGY -3.765416229956e+02
GRADIENT -7.2955520000e-05 -1.0482858820e-03 -2.7225600110e-03  4.2355950000e-04 -7.2876393400e-04  1.4443384150e-03  5.3776332400e-04  8.9066203800e-04  2.9739182000e-05 -1.0918386780e-03 -1.5466245000e-05 -4.9425400000e-06  3.7980660500e-04 -5.1826649800e-04 -6.3313900000e-05  1.1178109100e-04  4.7116688300e-04  6.8328508000e-05 -4.5098732900e-04  1.1749875240e-03  2.3603199590e-03 -9.6190622600e-04 -3.7568638100e-04 -7.3777968600e-04  9.8416266400e-04 -1.7754974300e-04  2.8279866000e-05  2.8119091300e-04 -3.3114287000e-05  1.4041142300e-04  2.7972883000e-05  8.7652583000e-05  2.3460284000e-05 -8.9114704000e-05  3.6540909000e-05  9.6124640000e-06 -1.0307629000e-05 -6.5993219000e-05 -1.0423517000e-05 -6.6632449000e-05  1.2853010000e-06  2.6059500000e-06 -5.4343754000e-05 -1.5825046800e-04 -2.3132021000e-04 -8.2510437000e-05 -2.1321973800e-04 -3.1476418500e-04 -7.9039720000e-06  8.3232492200e-04 -1.7521037300e-04  1.3783939700e-04 -1.5940049400e-04  1.5602613400e-04

JOB 8
COORDS  1.6821139512e-01  1.0610424924e-03 -1.3026480156e-02 -5.5872518747e-01 -1.2366142262e+00 -1.1299432135e-01 -1.9756509338e+00 -1.2303995736e+00 -1.1161374251e-01 -2.6870212392e+00  8.9661014748e-04  7.2213039744e-04 -1.9748333737e+00  1.2317379010e+00  1.1170754534e-01 -5.5788414261e-01  1.2378324937e+00  1.0664735753e-01  1.6760020595e+00  2.6626488567e-04  6.0808537511e-03  2.3899954086e+00 -1.1619907094e+00  2.3695028672e-01  2.3912933555e+00  1.1597572893e+00 -2.3462491054e-01 -2.7651472176e-02 -2.2007269076e+00 -2.3272152994e-01 -2.5282430199e+00 -2.1858288777e+00 -2.0227257539e-01 -3.7956929629e+00  9.2708168977e-04  3.8910505545e-03 -2.5268099159e+00  2.1866857277e+00  2.1078409157e-01 -2.5783066352e-02  2.2010376403e+00  2.2850429151e-01  3.4412807143e+00 -1.1887464490e+00  2.1279504185e-01  1.8890941943e+00 -2.0450437716e+00  5.0288374825e-01  3.4423105959e+00  1.1889350756e+00 -2.0387160815e-01  1.8907201816e+00  2.0405948592e+00 -5.0829090774e-01
ENERGY -3.765416548051e+02
GRADIENT  3.0117542700e-04  1.0613269100e-04 -3.0039797910e-03 -2.5270881500e-04  3.3665303600e-04  1.5359934970e-03 -1.6756453000e-05 -1.6751129200e-04 -1.5331060000e-06 -9.1797142000e-05  4.8881271000e-05 -7.7235540000e-06 -2.2578176000e-05  5.3854618000e-05  3.2570530000e-05 -2.1952946700e-04 -1.7539623600e-04 -4.8844594000e-05 -2.8072344500e-04  1.2163483300e-04  2.9336789110e-03  4.9770628000e-04  1.9487810900e-04 -9.9105955700e-04  2.1110008800e-04 -4.6103335600e-04  5.7460300000e-07 -3.7727808000e-05  1.0849155000e-05 -8.5900900000e-06 -3.1231176000e-05  4.8001200000e-06  1.9799822000e-05 -5.2971230000e-06 -8.2061060000e-06 -1.2686503000e-05 -3.0967572000e-05 -1.2981800000e-05  8.7213770000e-06 -3.6154989000e-05 -5.0877176000e-05 -5.6723087000e-05  3.4316478000e-05 -1.1186116600e-04 -2.0141440000e-04 -2.6242187000e-05  1.7906300000e-06 -2.8654481200e-04  1.3998527000e-05  1.6195225700e-04 -9.7118700000e-06 -1.4102323000e-05 -5.3835141000e-05  9.7977274000e-05

JOB 9
COORDS  1.6710375770e-01  1.8494003054e-03 -1.6765954812e-02 -5.5660293361e-01 -1.2377086731e+00 -1.1789563968e-01 -1.9734648579e+00 -1.2307838367e+00 -1.1583395005e-01 -2.6845274163e+00  2.5485299775e-04  9.1297008951e-04 -1.9732548879e+00  1.2312875073e+00  1.1585477845e-01 -5.5640019977e-01  1.2391891457e+00  1.0999749812e-01  1.6742048854e+00  1.8861768104e-03  6.5181760949e-03  2.3854533846e+00 -1.1614696750e+00  2.4051168233e-01  2.3889240434e+00  1.1602991157e+00 -2.4087290378e-01 -2.4196988671e-02 -2.2004804291e+00 -2.4241321209e-01 -2.5263869651e+00 -2.1857451584e+00 -2.0932062215e-01 -3.7931918961e+00 -1.0896085809e-04  5.0567151420e-03 -2.5260507194e+00  2.1852463701e+00  2.1964830999e-01 -2.3086184065e-02  2.2010776499e+00  2.3788264888e-01  3.4368244490e+00 -1.1866403356e+00  2.1942874971e-01  1.8845174061e+00 -2.0398606022e+00  5.2165798914e-01  3.4400053078e+00  1.1825292254e+00 -2.0685496779e-01  1.8917904827e+00  2.0395724063e+00 -5.2625151161e-01
ENERGY -3.765416579930e+02
GRADIENT -5.9278066100e-04  1.8166514800e-04 -3.7789488460e-03  2.8229858300e-04 -5.4369377000e-04  1.8211291850e-03  4.3441422000e-05  1.5683195300e-04  1.9272319000e-05 -2.4924341000e-05 -1.7343916000e-05  2.1033790000e-06  1.5468326400e-04 -2.8480679900e-04 -3.0344308000e-05  3.3788567200e-04  4.7872768200e-04  9.9655638000e-05  6.9137934400e-04  2.8553559500e-04  3.6590822760e-03 -2.0092627000e-04 -5.4382954800e-04 -1.1094959260e-03 -6.4386350800e-04  6.2524297000e-04 -3.8353804000e-04 -1.7251787000e-05 -6.0354061000e-05 -4.3843019000e-05  3.1366023000e-05 -4.8414070000e-06 -5.6269790000e-06 -4.1236990000e-06 -1.3869566000e-05 -2.7322460000e-06  4.8075869000e-05  3.6532200000e-07  4.0731370000e-06  4.8197474000e-05  7.9538195000e-05  4.3622313000e-05 -5.0108590000e-05  2.0760849900e-04 -3.0475971300e-04 -2.1460638000e-05 -6.7648447000e-05 -2.0736629400e-04 -3.5105581000e-05 -6.1098557000e-04  1.9762013400e-04 -5.4753252000e-05  1.3170405600e-04  2.0477882000e-05

JOB 10
COORDS  1.6826395866e-01  1.4868051007e-03 -1.7556558820e-02 -5.5682528479e-01 -1.2371803521e+00 -1.1940090944e-01 -1.9737292155e+00 -1.2305666169e+00 -1.1701800861e-01 -2.6846498592e+00  4.2738253260e-04  1.2332695656e-03 -1.9737796265e+00  1.2315779813e+00  1.1714027030e-01 -5.5687240761e-01  1.2376517897e+00  1.1080036302e-01  1.6753819445e+00  1.7815342078e-03  5.5983096884e-03  2.3855830506e+00 -1.1624592404e+00  2.3890330181e-01  2.3906892195e+00  1.1599432196e+00 -2.4204037634e-01 -2.4643590910e-02 -2.1998432445e+00 -2.4529289611e-01 -2.5266954003e+00 -2.1854324692e+00 -2.1134721915e-01 -3.7933037959e+00 -3.1056705283e-05  5.7657908310e-03 -2.5261953713e+00  2.1856553771e+00  2.2206892281e-01 -2.3394746466e-02  2.1992921492e+00  2.3948539686e-01  3.4370516406e+00 -1.1891498279e+00  2.2403766549e-01  1.8833439792e+00 -2.0375668283e+00  5.2791807081e-01  3.4417119772e+00  1.1876167461e+00 -2.0946716397e-01  1.8914488006e+00  2.0372130984e+00 -5.2977107452e-01
ENERGY -3.765416696903e+02
GRADIENT  1.3543680200e-04  6.3946677000e-05 -3.7934822080e-03 -6.8615830000e-06 -1.1241459300e-04  1.9044227740e-03 -1.0444258300e-04 -6.1579602000e-05 -2.0437524000e-05  2.4822949400e-04 -4.6162481000e-05  8.6300020000e-06 -1.2141774400e-04  2.2657017700e-04  2.1326000000e-06 -6.8689308000e-05 -2.6866562100e-04  7.1814883000e-05  1.2802055500e-04  4.1229527500e-04  3.6012252200e-03 -9.7708210000e-05 -3.4412994500e-04 -1.3272698180e-03 -4.5283213000e-05  1.1813058600e-04 -1.9139668800e-04 -2.2147703000e-05  2.0865014000e-05 -3.8634560000e-05 -4.6326100000e-07 -1.2485694000e-05 -8.7375850000e-06  1.9421598000e-05  8.9609510000e-06  4.4019650000e-06 -1.0207654000e-05  2.0323470000e-05  2.8455520000e-06  5.7432780000e-06 -1.1014825000e-05  3.8407515000e-05 -5.1418346000e-05 -6.9850920000e-06 -2.0552949900e-04  6.6918170000e-06  2.1557300000e-07 -1.4036590600e-04 -1.9424187000e-05 -3.1244859000e-05  6.2486911000e-05 -4.6543450000e-06  2.2846574000e-05  2.9658556000e-05

JOB 11
COORDS  1.6800935917e-01  1.3145830327e-03 -1.5404503440e-02 -5.5750611819e-01 -1.2370117914e+00 -1.1884018854e-01 -1.9743763634e+00 -1.2305277973e+00 -1.1642507509e-01 -2.6850657283e+00  6.5456315496e-04  1.6856344614e-03 -1.9729812377e+00  1.2312300656e+00  1.1677819634e-01 -5.5606123085e-01  1.2384950675e+00  1.1047889489e-01  1.6752375376e+00  4.1514692411e-04  4.1677052641e-03  2.3868416857e+00 -1.1641784669e+00  2.3256260771e-01  2.3908809021e+00  1.1590075023e+00 -2.4022045462e-01 -2.5310880013e-02 -2.1997844852e+00 -2.4404808682e-01 -2.5273991267e+00 -2.1853577569e+00 -2.1073654879e-01 -3.7937327091e+00  8.0633859128e-04  6.1115753992e-03 -2.5253080591e+00  2.1854744399e+00  2.2043003996e-01 -2.2844590336e-02  2.2006435624e+00  2.3625027542e-01  3.4385757956e+00 -1.1875579825e+00  2.2804056758e-01  1.8857509728e+00 -2.0380527836e+00  5.2753869554e-01  3.4420025120e+00  1.1886273724e+00 -2.1183114134e-01  1.8905217032e+00  2.0363270947e+00 -5.2571045931e-01
ENERGY -3.765416748445e+02
GRADIENT -1.1179958900e-04  5.7366534000e-05 -3.2076543000e-03 -6.5708777000e-05 -6.4078366000e-05  1.6463293030e-03 -2.2832768000e-05 -1.1735915100e-04 -2.0758152000e-05 -5.8032417000e-05  2.4263465000e-05  1.0232640000e-05  1.0092157800e-04 -2.0226772900e-04 -2.3569473000e-05  1.5632534600e-04  2.8712536100e-04  6.2972903000e-05 -4.5026712100e-04  3.4615273600e-04  3.2031754290e-03  1.9439820100e-04 -9.9296565000e-05 -1.5514410840e-03  2.4190529500e-04 -3.8733848100e-04  1.8891422000e-05 -2.2705128000e-05 -1.3140429000e-05 -2.1932781000e-05 -9.6725050000e-06 -2.6265290000e-06  5.5553380000e-06 -4.1056590000e-06 -2.3201170000e-05 -4.3982480000e-06  2.0816964000e-05 -1.2041975000e-05  4.8117870000e-06  2.5875484000e-05  1.3439040000e-05 -4.9872943000e-05  9.9785810000e-06 -7.3997351000e-05 -3.9969297000e-05 -1.4637590000e-05  2.4905100000e-05 -7.5487778000e-05  1.0570680000e-05  2.7831687800e-04 -1.6932184000e-05 -1.0203524000e-05 -3.7443565000e-05  5.9689427000e-05

JOB 12
COORDS  1.6870736171e-01  1.1314492125e-03 -1.4864948497e-02 -5.5682230079e-01 -1.2369511782e+00 -1.1989916541e-01 -1.9737183119e+00 -1.2294898003e+00 -1.1746932758e-01 -2.6855694786e+00  9.8089807159e-04  1.7476616420e-03 -1.9741060997e+00  1.2317444549e+00  1.1807391171e-01 -5.5714688240e-01  1.2372854702e+00  1.1163435352e-01  1.6759805508e+00  7.0575805158e-04  3.4697633056e-03  2.3867665577e+00 -1.1650952871e+00  2.2937652479e-01  2.3918179475e+00  1.1590956379e+00 -2.4123058643e-01 -2.4615060904e-02 -2.1996141608e+00 -2.4589061297e-01 -2.5266376804e+00 -2.1842619486e+00 -2.1286126445e-01 -3.7942406925e+00  4.8288415392e-04  6.0179433378e-03 -2.5261868057e+00  2.1860709787e+00  2.2247302970e-01 -2.4117639664e-02  2.1994016646e+00  2.3803968539e-01  3.4386274215e+00 -1.1852969097e+00  2.3327933800e-01  1.8862964548e+00 -2.0362390934e+00  5.3369889368e-01  3.4431216812e+00  1.1843185394e+00 -2.1508630819e-01  1.8933858015e+00  2.0365253797e+00 -5.2985276035e-01
ENERGY -3.765416763299e+02
GRADIENT  2.6094581800e-04 -3.7453586000e-05 -3.0475772380e-03 -1.3766007000e-05 -1.3089752100e-04  1.5624820280e-03  1.3072715000e-04  1.8287431100e-04  1.2317957000e-05 -1.1717515000e-04 -1.6584480000e-06  3.3220160000e-06 -1.1460553100e-04  2.5073596800e-04  2.5101599000e-05 -2.4548502200e-04 -3.3667314100e-04 -1.6082231000e-05  1.8803723600e-04  3.6122724600e-04  3.1902005260e-03 -3.5821199000e-05 -3.6569963000e-04 -1.7140921500e-03 -7.3911500000e-07  3.2498703000e-05 -9.0440376000e-05  4.8000789000e-05  7.4356040000e-06 -2.4311000000e-07  5.0025080000e-06  1.6537278000e-05  8.6556170000e-06 -8.5139060000e-06  3.5246708000e-05  1.0984180000e-06 -4.5213749000e-05 -3.5309040000e-06  6.0115860000e-06 -6.9454874000e-05 -3.5126753000e-05 -5.0513746000e-05 -5.1864590000e-06  8.2944754000e-05  2.9291910000e-05 -6.7274650000e-06 -6.2897310000e-06 -8.6632870000e-06 -5.0871540000e-06 -3.9543003000e-05  5.3300093000e-05  2.5211985000e-05 -1.4030017000e-05  3.5471036000e-05

JOB 13
COORDS  1.6862402696e-01  1.7803503564e-03 -1.5901701466e-02 -5.5677298300e-01 -1.2364522950e+00 -1.2098425557e-01 -1.9736633297e+00 -1.2303448701e+00 -1.1884850701e-01 -2.6845691427e+00  5.0909204554e-04  1.3576575602e-03 -1.9730455417e+00  1.2311391139e+00  1.1915482083e-01 -5.5611864633e-01  1.2381777899e+00  1.1291074494e-01  1.6757014683e+00  1.2666593474e-03  4.1090574056e-03  2.3857928202e+00 -1.1646888941e+00  2.3157198771e-01  2.3914192003e+00  1.1592145089e+00 -2.4318819296e-01 -2.4070212594e-02 -2.1986644054e+00 -2.4802911916e-01 -2.5265092964e+00 -2.1850913866e+00 -2.1510735365e-01 -3.7932336949e+00  3.2826862771e-04  5.6779538812e-03 -2.5255369041e+00  2.1850590683e+00  2.2500354411e-01 -2.2795503935e-02  2.1998335121e+00  2.4201709325e-01  3.4376181201e+00 -1.1869756058e+00  2.3432533575e-01  1.8844906086e+00 -2.0341865182e+00  5.3922316070e-01  3.4427241116e+00  1.1847130929e+00 -2.1713515501e-01  1.8928280831e+00  2.0353970430e+00 -5.3546538808e-01
ENERGY -3.765416773939e+02
GRADIENT  1.1942055000e-04  1.7141986000e-05 -3.3784991200e-03 -1.0370367500e-04  3.3897026000e-05  1.7216451850e-03 -9.0798485000e-05 -1.5928261900e-04 -1.8487729000e-05  6.6260251000e-05  3.3319900000e-06  2.8389190000e-06  1.2485200000e-05 -4.2716820000e-05 -8.6491130000e-06  2.2006312000e-05 -8.9407100000e-07  2.7051442000e-05  4.3685298000e-05  4.7221545000e-04  3.4684876030e-03 -2.5701908000e-05 -3.4774467700e-04 -1.7835096300e-03 -2.7588705000e-05  7.5510933000e-05 -1.1472414100e-04 -1.3711886000e-05  2.0139621000e-05 -4.7561850000e-06 -1.8051871000e-05 -7.6481640000e-06 -5.3911680000e-06  4.2386540000e-06 -1.5326991000e-05  1.2440480000e-06  5.4592480000e-06  1.3877950000e-06  1.8126090000e-06  4.8910010000e-06 -1.7177310000e-06  7.6258010000e-06 -1.6270725000e-05 -3.4469755000e-05  1.4864115000e-05  8.3559820000e-06  1.1176193000e-05  8.5846200000e-06 -8.2358320000e-06 -3.3414833000e-05  4.2263693000e-05  7.5917550000e-06  6.8884700000e-06  1.7290476000e-05

JOB 14
COORDS  1.6823236693e-01  8.6945403719e-04 -1.5752459838e-02 -5.5662225804e-01 -1.2376949940e+00 -1.2063079778e-01 -1.9734898866e+00 -1.2296632832e+00 -1.1859892314e-01 -2.6842518813e+00  1.3421106140e-03  1.1788993060e-03 -1.9725767486e+00  1.2318716513e+00  1.1889271349e-01 -5.5566985499e-01  1.2378151898e+00  1.1277450081e-01  1.6752604736e+00  4.0893665255e-04  4.4299745815e-03  2.3868257558e+00 -1.1645865528e+00  2.3211298026e-01  2.3901223398e+00  1.1588780015e+00 -2.4280930941e-01 -2.4425701101e-02 -2.2002499309e+00 -2.4737615911e-01 -2.5269745239e+00 -2.1840387291e+00 -2.1471726556e-01 -3.7929187107e+00  1.3766023748e-03  5.2742755096e-03 -2.5246350216e+00  2.1860697681e+00  2.2450508707e-01 -2.1619362292e-02  2.1990782817e+00  2.4190716381e-01  3.4386840524e+00 -1.1857699129e+00  2.3331491257e-01  1.8866566293e+00 -2.0351334135e+00  5.3863047456e-01  3.4414030269e+00  1.1862896000e+00 -2.1750109066e-01  1.8902463273e+00  2.0344130251e+00 -5.3485394910e-01
ENERGY -3.765416771328e+02
GRADIENT -1.8412974200e-04  1.3438385400e-04 -3.4112752560e-03  1.3272175500e-04 -4.0381137300e-04  1.6869435730e-03  7.9115109000e-05  1.6591929100e-04  1.7097978000e-05  1.8064000000e-06 -1.3498060000e-05 -1.5318850000e-06 -2.1701265000e-05  3.3672904000e-05  6.1346230000e-06  6.4785161000e-05  4.0417423000e-05  1.5618008000e-05 -2.1961455500e-04  3.6628655700e-04  3.4658280090e-03  1.0789611300e-04 -2.8193977200e-04 -1.7530771440e-03  5.0661350000e-06 -1.2146877300e-04 -3.9442168000e-05 -5.5553430000e-06 -2.4667881000e-05 -1.7159191000e-05  2.2784621000e-05  3.0360520000e-06 -5.6394380000e-06 -8.1425100000e-07  1.3777211000e-05  2.0313220000e-06  3.4160480000e-06  5.0387110000e-06  2.2963200000e-06  1.7733641000e-05  1.4142821000e-05  5.5961090000e-06  8.1408590000e-06 -2.8491396000e-05 -4.3330520000e-06 -1.2692070000e-06  1.3479981000e-05  2.1742080000e-06  7.1711500000e-07  7.3161971000e-05  6.6545910000e-06 -2.0419333000e-05  9.0624890000e-06  2.1900284000e-05

