JOB 0
COORDS  1.6694190000e-01  2.5491000000e-03 -1.5683100000e-02 -5.5765530000e-01 -1.2362127000e+00 -1.2035950000e-01 -1.9745784000e+00 -1.2313134000e+00 -1.1865240000e-01 -2.6865963000e+00 -1.1035000000e-03  1.0728000000e-03 -1.9753907000e+00  1.2297221000e+00  1.1882330000e-01 -5.5847010000e-01  1.2385157000e+00  1.1283220000e-01  1.6740630000e+00  2.7074000000e-03  4.9002000000e-03  2.3835493000e+00 -1.1632772000e+00  2.3335580000e-01  2.3895935000e+00  1.1607705000e+00 -2.4256960000e-01 -2.4067200000e-02 -2.1980627000e+00 -2.4628540000e-01 -2.5265738000e+00 -2.1865504000e+00 -2.1489100000e-01 -3.7952698000e+00 -1.9365000000e-03  5.1568000000e-03 -2.5286081000e+00  2.1832393000e+00  2.2438500000e-01 -2.5871900000e-02  2.2006176000e+00  2.4175650000e-01  3.4351171000e+00 -1.1931173000e+00  2.2900710000e-01  1.8789762000e+00 -2.0344714000e+00  5.3031940000e-01  3.4407410000e+00  1.1895269000e+00 -2.1421830000e-01  1.8894306000e+00  2.0377393000e+00 -5.2957480000e-01
ENERGY -3.765416722448e+02
GRADIENT  1.0504487300e-04  2.1381279000e-05 -3.4481980230e-03 -9.0312664000e-05 -4.6621486000e-05  1.7105211570e-03 -8.2282622000e-05 -7.9753277000e-05 -6.3151260000e-06 -1.4215948000e-04 -6.0769680000e-06  3.1131450000e-06  1.6780590100e-04 -3.0439101500e-04 -2.0354828000e-05  9.6230176000e-05  1.9676621200e-04  5.2277725000e-05 -5.2440521100e-04  5.1986409600e-04  3.5572782320e-03  2.4013231000e-04  3.8999712000e-05 -1.7235991890e-03  1.5719828700e-04 -8.8441366000e-05 -1.4453926600e-04  4.6810557000e-05  6.1058186000e-05  3.8455900000e-05 -2.6757248000e-05  7.2729170000e-06 -1.6708847000e-05 -1.4476891000e-05 -2.9464372000e-05  1.2042910000e-06  1.8121821000e-05 -2.0693138000e-05 -2.1468360000e-06  6.0074995000e-05 -4.2985840000e-06  7.6896680000e-06 -2.4721500000e-05 -4.7145381500e-04  3.3086312000e-05 -9.0386480000e-06  4.1742929000e-05 -8.1023118000e-05  6.9964100000e-07  1.9075999000e-04 -2.0278980000e-06  1.2720998000e-05 -2.7651975000e-05  4.0951877000e-05

JOB 1
COORDS  1.6646289277e-01  1.4822275825e-03 -2.7037463960e-02 -5.5809749480e-01 -1.2400624329e+00 -9.1087859294e-02 -1.9749475441e+00 -1.2318615088e+00 -8.8543400564e-02 -2.6869950006e+00  1.1334812669e-03 -9.8628918492e-04 -1.9774574941e+00  1.2351843166e+00  8.7922989174e-02 -5.6055840023e-01  1.2387330619e+00  8.0933039007e-02  1.6732819934e+00  2.2009051290e-03  1.6976761748e-02  2.3856121526e+00 -1.1723854687e+00  1.8306879289e-01  2.3886819680e+00  1.1680139705e+00 -1.9013922573e-01 -2.6098733672e-02 -2.2061918156e+00 -1.8816254753e-01 -2.5279021441e+00 -2.1888860708e+00 -1.5749915309e-01 -3.7956422536e+00 -1.5764710800e-04  3.8820228138e-03 -2.5295965208e+00  2.1913953341e+00  1.7329058022e-01 -2.7125144507e-02  2.2025968901e+00  1.9158749847e-01  3.4375300760e+00 -1.1856456631e+00  1.7752207544e-01  1.8892809849e+00 -2.0620647234e+00  4.3611174743e-01  3.4399454295e+00  1.1906220595e+00 -1.6084188647e-01  1.8907307200e+00  2.0554265162e+00 -4.4755889612e-01
ENERGY -3.765411416719e+02
GRADIENT  4.6897544000e-05  2.6162242100e-04 -7.0698779110e-03  4.1635185300e-04 -6.7626369800e-04  2.7944609560e-03 -2.4425171000e-05  5.2249591600e-04  1.7232455700e-04  3.6696346600e-04 -8.5600912000e-05 -4.6445140000e-05 -5.6022428400e-04  6.8281254200e-04  1.9594233100e-04 -2.3693938700e-04 -7.0294178300e-04  1.4648077700e-04  1.0682249840e-03  6.7027660300e-04  7.8431620070e-03 -6.9459153300e-04 -9.2623381100e-04 -2.4849684990e-03 -6.9055107100e-04 -5.0677325000e-05 -7.8792402600e-04  4.5215363300e-04  9.3448040000e-05 -4.5990911000e-05  6.1911051000e-05 -1.5989490000e-06 -7.8249066000e-05  4.2446761000e-05  9.1223386000e-05 -6.6463250000e-06 -6.4298255000e-05  4.5763627000e-05  2.4506147000e-05  2.6278339200e-04 -1.7667585800e-04  2.2578574300e-04  5.6495805000e-05  6.5747143000e-04 -4.6086859200e-04 -3.2729648800e-04 -2.1261112300e-04 -1.7215161100e-04  7.6778976000e-05 -2.9533435300e-04  1.0541077100e-04 -2.5514953400e-04  1.0024217300e-04 -3.5603762300e-04

JOB 2
COORDS  1.6714470130e-01  6.7900097135e-04 -3.3598888174e-02 -5.6565348634e-01 -1.2380904294e+00 -6.8352016003e-02 -1.9823375865e+00 -1.2342857973e+00 -6.3186768828e-02 -2.6926570883e+00  9.2730631433e-04 -5.5050320768e-04 -1.9759408373e+00  1.2324974081e+00  6.1532146273e-02 -5.5915270761e-01  1.2404870764e+00  5.4091746365e-02  1.6749762539e+00 -1.1987437890e-03  1.4557152411e-02  2.3955572362e+00 -1.1764043003e+00  1.3825322149e-01  2.3907069128e+00  1.1720278595e+00 -1.4709523375e-01 -3.8251985744e-02 -2.2084306238e+00 -1.4429743961e-01 -2.5346833097e+00 -2.1930871515e+00 -1.0886020745e-01 -3.8013385494e+00  3.0972135490e-03  6.6318023870e-03 -2.5266276812e+00  2.1909739137e+00  1.2768127406e-01 -2.8863050861e-02  2.2083351730e+00  1.4266574520e-01  3.4474723879e+00 -1.1862036996e+00  1.4201522849e-01  1.9040665620e+00 -2.0764679978e+00  3.6088961454e-01  3.4418399397e+00  1.1958683925e+00 -1.1755198039e-01  1.8924554624e+00  2.0693850285e+00 -3.6515454375e-01
ENERGY -3.765408541098e+02
GRADIENT  6.1044820100e-04  5.5845427500e-04 -7.9983635650e-03 -1.0464956570e-03  1.0333959590e-03  3.3880737360e-03 -2.1201865900e-04 -6.2039926900e-04  5.9913799000e-05 -6.3066151000e-04  1.4650283700e-04 -2.3477662000e-05  5.3319287700e-04 -1.2941444120e-03 -2.7673577000e-05  1.9204313400e-04  6.9827032900e-04  4.9796495800e-04 -1.4977032300e-04 -2.0246931300e-04  8.0272808370e-03  7.5380895700e-04  2.2100653000e-04 -2.8042835280e-03 -1.6165911700e-04 -5.2690601900e-04 -5.7779499400e-04  1.6478894000e-05  2.0026899100e-04 -2.2747849600e-04 -1.6154542400e-04  2.6391968000e-05 -5.3854186000e-05 -3.9460397000e-05 -1.4319810100e-04 -3.6468590000e-06  2.7043311000e-05 -9.7836870000e-05  8.4383650000e-06  5.1872893200e-04 -1.9076487000e-04  2.9618551500e-04  8.0515937000e-05  4.1947720000e-06 -3.9521935100e-04 -1.3583432200e-04  1.6253211200e-04  6.2679077000e-05  8.9232604000e-05  5.6481273000e-05  7.7213218000e-05 -2.8098047400e-04 -3.5397062000e-05 -3.0833743500e-04

JOB 3
COORDS  1.6727471325e-01 -8.5679952247e-04 -3.9902700254e-02 -5.6662343507e-01 -1.2404625317e+00 -2.9196206665e-02 -1.9828895999e+00 -1.2352606104e+00 -1.9199468556e-02 -2.6942546263e+00  6.5433931271e-04  2.0100321888e-03 -1.9790264907e+00  1.2342782679e+00  1.8471486953e-02 -5.6265675343e-01  1.2404885287e+00  9.8488399332e-03  1.6762900493e+00 -3.3934422864e-04  6.2945528395e-03  2.3980265290e+00 -1.1809175613e+00  5.9997444968e-02  2.3968127452e+00  1.1792974275e+00 -7.5581362423e-02 -4.4250422678e-02 -2.2156198749e+00 -6.8913206249e-02 -2.5347702285e+00 -2.1953541401e+00 -2.5941346366e-02 -3.8029279298e+00  2.0674898999e-03  1.2537364186e-02 -2.5294082967e+00  2.1946964427e+00  5.0207321717e-02 -3.8319460983e-02  2.2143481049e+00  5.5806713991e-02  3.4494994770e+00 -1.1940672647e+00  8.3842076964e-02  1.9062746120e+00 -2.0922290239e+00  2.2785116241e-01  3.4479024363e+00  1.1971998782e+00 -4.8270744012e-02  1.9034817980e+00  2.0934715811e+00 -2.1954388185e-01
ENERGY -3.765405429377e+02
GRADIENT  7.8498391100e-04 -4.0568564600e-04 -8.1322900260e-03 -1.1638968920e-03  4.6039340200e-04  3.7854267530e-03  1.4745373600e-04 -4.2635474700e-04 -9.8548135000e-05 -2.0953614100e-04  1.5457703000e-04  2.4261330000e-06  4.2341759300e-04 -5.9977686700e-04 -2.0006686000e-04 -4.2723337800e-04  7.1901844100e-04  8.9309988600e-04 -1.0803657240e-03 -4.2749556400e-04  6.8262206280e-03  9.2356393400e-04  6.9885561600e-04 -2.8300698830e-03  7.5132722900e-04  1.6834114200e-04 -3.8163951900e-04 -1.8269028700e-04  9.7636819000e-05 -4.7155472500e-04 -9.8954835000e-05  1.9362162000e-05  1.9123186000e-05 -2.9123309000e-05 -6.9057990000e-05  3.8076119000e-05 -4.1493350000e-06 -4.9962885000e-05  4.9407120000e-06  3.5328659000e-05 -7.6332795000e-05  4.5718064200e-04 -4.9115828000e-05 -6.7565711900e-04 -3.1327708500e-04  1.5342823400e-04  3.5341014500e-04  5.2663944900e-04 -2.3081346000e-05  3.5043552800e-04  1.4726266600e-04  5.7935472000e-05 -2.9205834200e-04 -2.7618446800e-04

JOB 4
COORDS  1.6455578097e-01 -1.0042670170e-03 -2.7390932578e-02 -5.5855671801e-01 -1.2458733347e+00 -1.8098706267e-02 -1.9750054298e+00 -1.2344702185e+00 -9.6744580841e-03 -2.6877379033e+00  1.1504623050e-03  3.6821701680e-03 -1.9801121053e+00  1.2393801310e+00  1.0880931101e-02 -5.6365269953e-01  1.2412290406e+00  3.1231012821e-03  1.6725438298e+00  1.7328271008e-03  3.9913260893e-03  2.3863599457e+00 -1.1841091877e+00  4.2082703007e-02  2.3938021127e+00  1.1811662838e+00 -6.0967891747e-02 -3.3182599027e-02 -2.2200829457e+00 -4.7059024882e-02 -2.5278731660e+00 -2.1939564287e+00 -1.1872271391e-02 -3.7963823556e+00 -8.2275863986e-04  1.1802846672e-02 -2.5319118675e+00  2.1993837382e+00  3.0538107582e-02 -3.7671691610e-02  2.2149805207e+00  2.9772274057e-02  3.4377043123e+00 -1.1860456247e+00  7.5859889416e-02  1.8953982372e+00 -2.1002584501e+00  1.8676859110e-01  3.4452707758e+00  1.1870434929e+00 -4.4442633562e-02  1.9051165543e+00  2.1020186230e+00 -1.7806175252e-01
ENERGY -3.765406264320e+02
GRADIENT -1.2792116220e-03 -8.2426248400e-04 -5.3711124280e-03  1.4980977520e-03 -2.1865493200e-03  2.5462207590e-03  4.2679553300e-04  1.1155376260e-03 -1.0247048400e-04  7.5082858300e-04 -1.1899084300e-04  2.4066076000e-05 -6.7243663500e-04  1.3184165890e-03 -8.2810650000e-05  1.3918183400e-04  1.2788178000e-05  5.6447209800e-04  1.5161410970e-03  7.4196938700e-04  5.0832290620e-03 -2.0192566990e-03 -1.8806603330e-03 -2.3431093860e-03 -6.9702372100e-04  1.3436483840e-03 -3.9560258700e-04  4.7241334500e-04 -1.7705375900e-04 -3.6090633600e-04  2.3857276300e-04 -3.0682485000e-05  5.8952714000e-05  5.9990425000e-05  1.8289369200e-04 -5.1315480000e-06 -1.1606766000e-05  1.2388348100e-04  2.1850866000e-05 -9.6829948000e-05  8.6730645000e-05  1.7539078300e-04 -4.8554840000e-05  1.1507888260e-03 -1.4907826700e-04 -1.7599686800e-04 -4.0835758100e-04  4.1588278600e-04 -5.8405122000e-05 -6.2166620100e-04  2.0556769700e-04 -3.3601785000e-05  1.7460333700e-04 -2.8869667000e-04

JOB 5
COORDS  1.6643427023e-01  2.7700632809e-04 -8.5864186645e-03 -5.6556956289e-01 -1.2388744998e+00 -4.6325598766e-04 -1.9826039675e+00 -1.2343615677e+00  4.6139269269e-03 -2.6949861279e+00  1.1627566259e-03  4.2270135969e-03 -1.9802411236e+00  1.2355132959e+00 -3.0507162262e-03 -5.6327646024e-01  1.2404848640e+00 -8.2254176056e-03  1.6749713804e+00 -2.3052254598e-03  3.9866432179e-04  2.3974754781e+00 -1.1834399244e+00  1.6576182947e-02  2.3942913860e+00  1.1782606568e+00 -3.6364355460e-02 -4.1999871715e-02 -2.2142299639e+00 -1.0178780813e-02 -2.5335764936e+00 -2.1949865349e+00  9.6684873360e-03 -3.8036724943e+00  2.0742858585e-03  8.1909653201e-03 -2.5304491903e+00  2.1965592627e+00 -2.8435732937e-03 -3.9095033757e-02  2.2155880834e+00 -1.0181663763e-02  3.4484737260e+00 -1.1823641169e+00  6.2794326720e-02  1.9102988785e+00 -2.1069197889e+00  1.2170686018e-01  3.4459548844e+00  1.1862021894e+00 -3.7241807992e-02  1.9029434647e+00  2.1024644778e+00 -1.0894335077e-01
ENERGY -3.765407818856e+02
GRADIENT  2.8021551100e-04  6.3271251900e-04 -1.2633082920e-03  2.6262676500e-04  1.0364754520e-03  6.8177322100e-04 -3.4565116600e-04 -2.5644025500e-04 -7.6313791000e-05 -4.4562541600e-04 -2.4888201000e-05  6.3883051000e-05 -3.5244467000e-05 -1.4795952900e-04  2.6067617000e-05  4.7702031300e-04 -6.7441391600e-04  8.2882209000e-05  7.8928603000e-04  4.2642088500e-04  2.1229252910e-03 -2.4640857900e-04 -6.0719225100e-04 -1.8158186340e-03 -9.3339609800e-04 -5.8474235500e-04 -6.1775280000e-06  9.6685043000e-05  5.8847129000e-05 -2.3193561900e-04 -6.6424854000e-05  8.3117910000e-06  9.7235165000e-05 -9.6948200000e-06 -5.0104911000e-05 -5.5701372000e-05 -2.1169489000e-05 -3.4462046000e-05  2.5404607000e-05  2.3372492600e-04 -9.0564203000e-05 -1.8920036000e-04  1.6967885900e-04  7.4864239500e-04  2.6758505000e-04 -7.7682205000e-05 -2.9140337800e-04  3.7786542400e-04  6.1831251000e-05 -4.7616262600e-04  1.3125228900e-04 -1.8994093800e-04  3.2518121700e-04 -2.3893966600e-04

JOB 6
COORDS  1.6700326800e-01  2.5867263078e-03 -1.7105479415e-03 -5.6146160270e-01 -1.2394814763e+00  9.8088894801e-03 -1.9781029631e+00 -1.2355219764e+00  1.2005457788e-02 -2.6917954236e+00 -9.5212315013e-04  3.1765672833e-03 -1.9815454162e+00  1.2356349069e+00 -1.0021810745e-02 -5.6497135911e-01  1.2424542212e+00 -1.2776975168e-02  1.6763725343e+00  2.4060779621e-03 -2.4868770565e-03  2.3926864024e+00 -1.1825357367e+00  7.7753570804e-03  2.3997985035e+00  1.1818565123e+00 -2.7345668692e-02 -3.7143687291e-02 -2.2144133298e+00  1.2756615594e-02 -2.5280736588e+00 -2.1966691584e+00  2.0474208975e-02 -3.8004774798e+00 -2.4011503535e-03  5.2074238073e-03 -2.5338797173e+00  2.1954368287e+00 -1.8140616028e-02 -4.3708581147e-02  2.2190189113e+00 -2.2911321334e-02  3.4431779804e+00 -1.2119615706e+00  5.1379895864e-02  1.8896629247e+00 -2.0993509194e+00  8.9482790076e-02  3.4512391333e+00  1.1997151184e+00 -3.7593729120e-02  1.9054867990e+00  2.1054938423e+00 -7.6480301457e-02
ENERGY -3.765407857985e+02
GRADIENT  1.3878208000e-05 -1.0723436000e-05  1.9627333000e-05  2.7644109300e-04 -3.0541752800e-04  9.3003336000e-05 -1.7722949700e-04  1.6289564000e-05 -4.5031676000e-05  3.6963842400e-04 -9.3913017000e-05  5.9160679000e-05 -1.2789986000e-04  3.1074936400e-04 -1.1217000000e-08 -1.2591929400e-04 -1.6801593200e-04 -3.8297004000e-05 -2.1719667210e-03  4.7263469600e-04  5.8797252800e-04  8.3427718200e-04  1.2932046570e-03 -1.3995094040e-03  7.9813291300e-04 -9.8670694200e-04  2.0488769700e-04  1.5110327200e-04  9.3172583000e-05 -3.1229495000e-05  2.5262862000e-05 -1.6261012000e-05  1.5597366000e-05  2.3693822000e-05  2.3026130000e-05 -1.4891396000e-05  2.1446270000e-06  2.6168431000e-05 -4.3282600000e-06 -1.2734762100e-04  8.2612770000e-06 -1.3704218400e-04  3.6465975000e-05 -1.5212164920e-03  3.9372061800e-04  7.9270090000e-06  9.5116519000e-05  4.0705533100e-04  5.3932353000e-05  9.3074844700e-04  6.0601100000e-06  1.2506505200e-04 -1.6335081100e-04 -1.1811547200e-04

JOB 7
COORDS  1.6634740230e-01 -5.4775898845e-04 -3.0337911956e-03 -5.6482313453e-01 -1.2414457517e+00  1.0000923235e-02 -1.9812896208e+00 -1.2342458039e+00  1.1194702780e-02 -2.6937658032e+00  9.9853904774e-04  1.3676190025e-03 -1.9805231130e+00  1.2357411988e+00 -1.0548967957e-02 -5.6403636685e-01  1.2406786250e+00 -1.2283002567e-02  1.6762451266e+00 -6.8926653659e-04 -2.2357368208e-03  2.3975299982e+00 -1.1822042595e+00  1.0922965828e-02  2.3967073582e+00  1.1808051818e+00 -2.8114512662e-02 -4.3420796483e-02 -2.2179333023e+00  1.4499156639e-02 -2.5328458170e+00 -2.1944739624e+00  1.9407240843e-02 -3.8024677143e+00  1.4487627501e-03  2.9978490231e-03 -2.5310237194e+00  2.1965893078e+00 -1.7823850851e-02 -4.1454524166e-02  2.2165985519e+00 -1.8739097100e-02  3.4483658853e+00 -1.1938491231e+00  5.1087753539e-02  1.9043652548e+00 -2.1045315012e+00  8.9388527564e-02  3.4481527574e+00  1.1930340384e+00 -3.8811867110e-02  1.9035455197e+00  2.1050645732e+00 -7.6556334200e-02
ENERGY -3.765408269024e+02
GRADIENT -9.0041171000e-05  1.3332446500e-04 -3.8306252300e-04 -1.4453174700e-04 -4.9486445900e-04  2.5494455300e-04  1.9064523500e-04  2.6557994700e-04 -1.5919140000e-05 -2.1903937000e-05 -2.0442879000e-05  2.7102985000e-05  8.9505686000e-05 -6.8293663000e-05 -2.3543436000e-05 -2.0876692300e-04  1.7608766500e-04 -6.4236700000e-07 -2.3702002200e-04 -1.9677675800e-04  6.2587110000e-04  3.1657361300e-04  1.5437339100e-04 -1.2062636510e-03  1.2836548500e-04  9.8323325000e-05  1.6698214500e-04 -1.0297389400e-04 -1.1756610000e-05  1.2657728000e-05  2.0640416000e-05  1.2793885000e-05 -2.3750297000e-05 -1.4774704000e-05  2.1018069000e-05  1.2733425000e-05  1.3948940000e-06 -4.5268690000e-06 -1.3049567000e-05 -5.3941851000e-05  3.4431455000e-05 -2.1251278000e-05 -3.6482593000e-05 -2.3001166000e-04  3.2237162100e-04  9.3051121000e-05  1.1088021400e-04  3.4022041300e-04 -9.3020610000e-06  8.7116685000e-05 -8.2395060000e-06  7.1278409000e-05 -6.7747934000e-05 -6.7080262000e-05

JOB 8
COORDS  1.6694720335e-01  1.1476531880e-03 -2.2474030024e-03 -5.6461108546e-01 -1.2390485637e+00  1.2056589729e-02 -1.9812024945e+00 -1.2361539048e+00  1.2625192772e-02 -2.6929214024e+00 -4.1330830354e-04  4.7834205409e-04 -1.9802561121e+00  1.2348399978e+00 -1.1890262135e-02 -5.6362564831e-01  1.2418984404e+00 -1.2959900058e-02  1.6764738389e+00  7.4801605090e-04 -1.1048862030e-03  2.3940646853e+00 -1.1826762513e+00  1.3611301835e-02  2.3984645270e+00  1.1811647407e+00 -2.7296229137e-02 -4.1570552754e-02 -2.2147007783e+00  1.9085388137e-02 -2.5317194832e+00 -2.1970116233e+00  2.2060295943e-02 -3.8016032055e+00 -9.2866023225e-05  1.3764200342e-03 -2.5317126167e+00  2.1951355510e+00 -2.0075069303e-02 -4.1602047638e-02  2.2181072177e+00 -1.9289335032e-02  3.4451428943e+00 -1.1927116825e+00  4.6611962578e-02  1.9001117678e+00 -2.1055542698e+00  8.1207520965e-02  3.4499250271e+00  1.1896818611e+00 -3.9222911441e-02  1.9072513054e+00  2.1067272739e+00 -7.2224957447e-02
ENERGY -3.765408343413e+02
GRADIENT  2.6132343900e-04 -3.0520493900e-04 -4.1540676200e-04 -3.6318073400e-04  6.6579763400e-04  1.9774752900e-04 -3.3147603400e-04 -6.9907018000e-04  3.4447756000e-05  3.1049743600e-04  4.6528963000e-05 -2.3917837000e-05  3.6786836000e-05 -1.5130176900e-04  8.2979540000e-06  1.1387235900e-04  1.7980743800e-04 -5.0207931000e-05  6.0925972700e-04  3.2594429800e-04  6.6672528600e-04 -5.5669930700e-04 -4.8370354400e-04 -9.9188259400e-04 -3.2821820000e-05  3.9092204400e-04  1.2871922900e-04 -3.8232876000e-05  2.9912776000e-05  2.9484117000e-05 -5.2015647000e-05 -4.0961206000e-05 -1.7313100000e-05  2.5584460000e-05 -5.7761544000e-05  1.2455964000e-05  3.6968447000e-05  1.1910706000e-05 -3.6100600000e-06 -9.5702350000e-06  1.1125412000e-05  2.4371237000e-05 -3.1500369000e-05  3.1212787400e-04  2.5620974700e-04 -8.1316160000e-06 -9.1245295000e-05  2.4893398200e-04 -2.0129730000e-05 -1.5402272100e-04 -4.1101703000e-05  3.9081187000e-05  1.0942805000e-05 -6.4051509000e-05

JOB 9
COORDS  1.6703570184e-01 -1.0825516972e-03 -3.9708529920e-05 -5.6445310712e-01 -1.2405346189e+00  1.6735306136e-02 -1.9812305446e+00 -1.2338655378e+00  1.5621869104e-02 -2.6937900735e+00  1.5563866113e-03 -1.6009879121e-03 -1.9798196427e+00  1.2360853386e+00 -1.5827302784e-02 -5.6297856306e-01  1.2395986928e+00 -1.5215768231e-02  1.6761167338e+00 -1.4618221671e-03  1.2631410282e-03  2.3973112632e+00 -1.1822297102e+00  1.8463165484e-02  2.3955965069e+00  1.1801081335e+00 -2.3553630777e-02 -4.2318331268e-02 -2.2167544524e+00  2.9312903215e-02 -2.5327433432e+00 -2.1940939999e+00  2.7720017922e-02 -3.8024784223e+00  2.1663655502e-03 -2.4224181505e-03 -2.5297371967e+00  2.1972453271e+00 -2.7066650451e-02 -3.9116422722e-02  2.2147912884e+00 -2.3164068918e-02  3.4487501893e+00 -1.1876616876e+00  3.6919312506e-02  1.9066599016e+00 -2.1083007611e+00  6.2547886334e-02  3.4470239611e+00  1.1902641128e+00 -3.7114591030e-02  1.9021584762e+00  2.1050072433e+00 -5.9546305357e-02
ENERGY -3.765408490622e+02
GRADIENT  1.6595586400e-04 -1.2726286000e-04 -3.2092380800e-04  2.1506355300e-04  4.9690936500e-04  6.3780656000e-05  6.5724355000e-05  1.1242572000e-05  7.7755480000e-05 -3.0140322900e-04  6.3629562000e-05 -9.0114006000e-05 -1.5851106600e-04  1.4914023500e-04  5.4287438000e-05  1.9547451900e-04 -4.2627635400e-04 -1.2514745000e-04  4.9578228700e-04 -2.9659854000e-05  5.7951403200e-04 -3.2311279800e-04 -2.8070004400e-04 -5.6419530900e-04 -3.0820208800e-04 -1.3727919000e-05  1.1551803400e-04  9.1092849000e-05 -4.8631976000e-05  5.0098474000e-05 -6.7735130000e-06  9.8913920000e-06 -4.2800240000e-06 -4.1858740000e-06  1.0339045000e-05  4.9312340000e-06 -3.3729771000e-05 -7.6139040000e-06  1.1029981000e-05  8.6362906000e-05 -6.4983787000e-05  7.6830489000e-05  3.1442023000e-05  5.3062099100e-04  1.3944019500e-04 -9.8401765000e-05 -1.2297120400e-04  9.4150274000e-05  1.0563510000e-06 -2.6481254400e-04 -1.0260654500e-04 -1.2661798300e-04  1.1323743400e-04 -5.9128987000e-05

JOB 10
COORDS  1.6647079832e-01 -5.5227919569e-04  6.9857405186e-04 -5.6418797104e-01 -1.2410960786e+00  1.9921448933e-02 -1.9808045555e+00 -1.2343644147e+00  1.8541628719e-02 -2.6926923762e+00  1.1801058540e-03 -1.3888951910e-03 -1.9789972043e+00  1.2357280897e+00 -1.8824863516e-02 -5.6238913578e-01  1.2411604260e+00 -1.7934518388e-02  1.6760570960e+00 -1.2144449806e-03  1.1041865818e-03  2.3975768431e+00 -1.1818344161e+00  1.9769488414e-02  2.3958552891e+00  1.1804456661e+00 -2.0225994801e-02 -4.2210897958e-02 -2.2172602177e+00  3.5621593080e-02 -2.5324963078e+00 -2.1944491350e+00  3.2831826740e-02 -3.8013871726e+00  1.8987323142e-03 -2.4611577834e-03 -2.5295143526e+00  2.1964864437e+00 -3.3008546695e-02 -3.9088445838e-02  2.2166654635e+00 -2.9566960181e-02  3.4490134076e+00 -1.1909741467e+00  2.9449297728e-02  1.9056685640e+00 -2.1075948636e+00  4.9130020293e-02  3.4472745189e+00  1.1911156818e+00 -3.2037119570e-02  1.9025195499e+00  2.1055329753e+00 -4.8553902931e-02
ENERGY -3.765408577152e+02
GRADIENT -4.1122650300e-04  5.0128592000e-05 -1.5702282500e-04  1.4934110100e-04 -1.8133289800e-04  3.4304323000e-05  7.0079981000e-05  8.9820860000e-05  3.1266758000e-05 -1.0838619200e-04  3.4050185000e-05 -3.7670009000e-05  1.0337496300e-04 -2.4100374300e-04  2.9260182000e-05  2.4237279200e-04  3.9833900100e-04 -9.0265870000e-05  1.3393435600e-04 -2.0134443700e-04  2.0933553000e-04  4.7429810000e-05 -6.4015394000e-05 -2.4808121600e-04 -1.8104273600e-04  9.2078358000e-05  1.4795383700e-04 -2.7330923000e-05 -5.8057229000e-05  4.6783177000e-05  1.4793887000e-05  4.2571370000e-06 -6.9429940000e-06 -1.0343633000e-05 -1.6483389000e-05  1.3374990000e-06  2.7232943000e-05 -7.8361820000e-06  1.6575190000e-06  5.5691462000e-05  3.7573269000e-05  6.7622502000e-05 -2.1636953000e-05  1.7569971000e-04  7.4702660000e-05 -1.8370275000e-05  3.8192234000e-05  3.8542484000e-05 -8.2163880000e-06 -1.8421054400e-04 -1.0335167300e-04 -7.1620527000e-05  3.2788721000e-05 -3.8919807000e-05

JOB 11
COORDS  1.6826961808e-01  1.9425346578e-04  9.5933648717e-04 -5.6334674895e-01 -1.2402196575e+00  2.3366626706e-02 -1.9799149413e+00 -1.2339729122e+00  2.2532888019e-02 -2.6929764410e+00  6.5822938772e-04 -1.0142594604e-04 -1.9808687195e+00  1.2358693275e+00 -2.2341362867e-02 -5.6438494284e-01  1.2399556760e+00 -2.1839358945e-02  1.6785861815e+00  3.3144761312e-04  3.3793919844e-04  2.3973741341e+00 -1.1820668420e+00  2.1116838488e-02  2.4002306044e+00  1.1813100411e+00 -1.6566707917e-02 -4.1794058831e-02 -2.2164131505e+00  4.1917870833e-02 -2.5309603412e+00 -2.1943763736e+00  3.9820079641e-02 -3.8016695084e+00  3.0191107864e-04 -7.1424923585e-04 -2.5316045842e+00  2.1964692924e+00 -4.0160834475e-02 -4.2650054279e-02  2.2161401356e+00 -3.9314478192e-02  3.4487231625e+00 -1.1966137652e+00  1.9991115450e-02  1.9024435433e+00 -2.1064359515e+00  3.3350463324e-02  3.4516598884e+00  1.1930973159e+00 -2.3584738108e-02  1.9076189093e+00  2.1068340491e+00 -3.5713881203e-02
ENERGY -3.765408581101e+02
GRADIENT  4.3319249900e-04 -4.8842253000e-05  6.7776620000e-05 -2.7308667600e-04 -2.0568986100e-04  8.9681580000e-06  1.3044361000e-05  1.7030506000e-04 -4.1359148000e-05  2.6396236000e-04 -8.2476943000e-05  4.3143172000e-05 -1.1786182000e-04  4.1202672900e-04 -2.8747685000e-05 -6.7941970600e-04 -4.6344881400e-04  1.4396190000e-05  2.4322890900e-04 -2.8420794000e-05 -2.6523278000e-04  3.1078190000e-06 -1.1337423300e-04  1.3332570800e-04  2.8910605300e-04  2.3151285500e-04  1.7902857000e-04 -6.2463960000e-05  7.4368631000e-05  1.2229817000e-05 -3.4437640000e-06  1.0764354000e-05 -4.5442740000e-06  3.6401820000e-06  4.0269563000e-05 -5.7716700000e-06 -5.4498996000e-05  1.7070848000e-05 -9.2347170000e-06 -1.7459677800e-04 -2.0641350000e-05  2.0744028000e-05 -9.3567281000e-05 -1.0108273200e-04 -1.4041442000e-05  9.1653707000e-05  1.2931813600e-04 -1.6427325000e-05 -3.1511084000e-05  1.0800200700e-04 -7.1309276000e-05  1.3319721800e-04 -1.2829121900e-04 -2.3007442000e-05

JOB 12
COORDS  1.6775739717e-01  8.1136242915e-05  4.2871221908e-04 -5.6320147458e-01 -1.2402789671e+00  2.2042818525e-02 -1.9798479743e+00 -1.2343502505e+00  2.1597304410e-02 -2.6924392506e+00  7.4652324698e-04 -1.1200240978e-04 -1.9791683438e+00  1.2354869710e+00 -2.1445321698e-02 -5.6253254441e-01  1.2408020841e+00 -2.1256474784e-02  1.6773721542e+00 -3.1641090759e-04  7.5875912057e-04  2.3969975240e+00 -1.1821583465e+00  2.1656203107e-02  2.3980815955e+00  1.1809203456e+00 -1.7868091609e-02 -4.0940252903e-02 -2.2162333702e+00  3.9184556959e-02 -2.5310002942e+00 -2.1947111917e+00  3.8348373747e-02 -3.8011318741e+00  1.0447280682e-03 -4.4938094299e-04 -2.5298588947e+00  2.1961101691e+00 -3.8212897526e-02 -3.9761048058e-02  2.2164995162e+00 -3.7830369708e-02  3.4484689749e+00 -1.1950025795e+00  2.1751016507e-02  1.9029928026e+00 -2.1071661384e+00  3.7643246430e-02  3.4495419510e+00  1.1934039926e+00 -2.3589219549e-02  1.9046017827e+00  2.1060859658e+00 -3.9629498113e-02
ENERGY -3.765408623721e+02
GRADIENT -6.4875730000e-06 -1.3520605000e-05 -2.0864676000e-05  2.8584490000e-05 -1.3497181000e-05  2.1580909000e-05  1.5980603000e-05  4.8628202000e-05 -1.2500955000e-05 -1.0120258700e-04 -1.4781374000e-05  8.8867880000e-06  4.7749967000e-05 -5.8295865000e-05 -1.2110880000e-06  3.5954588000e-05  1.6856157000e-05 -5.0637200000e-06 -6.9197312000e-05  5.1046077000e-05 -5.6820053000e-05 -4.0982052000e-05 -2.5683515000e-05  3.5408022000e-05  5.7199814000e-05 -4.1675243000e-05  1.4277889600e-04  1.4110694000e-05  3.0999710000e-06 -1.8141860000e-06 -2.2961160000e-06  5.6356090000e-06  4.4392590000e-06 -6.9142410000e-06 -1.4250810000e-06 -4.5122400000e-06  3.1741600000e-07 -7.0251170000e-06  5.9078200000e-07  1.6346231000e-05 -1.1800000000e-08  6.7489390000e-06  1.7190990000e-06 -1.0743750000e-05 -1.3109944000e-05 -6.6064150000e-06 -1.4633544000e-05 -8.5652050000e-06  3.7928500000e-07  7.6423913000e-05 -5.5283144000e-05 -6.2671700000e-07 -2.4064500000e-07 -4.0735821000e-05

JOB 13
COORDS  1.6761585575e-01 -5.5553280104e-05  3.0222555365e-04 -5.6332088955e-01 -1.2404105573e+00  2.1745370390e-02 -1.9799435287e+00 -1.2346867303e+00  2.1452946940e-02 -2.6917183619e+00  9.1043472303e-04 -7.5072280849e-05 -1.9790928619e+00  1.2360181497e+00 -2.1315398817e-02 -5.6246158148e-01  1.2408245058e+00 -2.1227741190e-02  1.6772223599e+00 -5.7672954352e-04  7.1655428673e-04  2.3977967717e+00 -1.1818185197e+00  2.1518046197e-02  2.3975757959e+00  1.1807749600e+00 -1.8399902761e-02 -4.1006495311e-02 -2.2163459730e+00  3.8657688968e-02 -2.5313231606e+00 -2.1949294203e+00  3.8071365122e-02 -3.8003997046e+00  1.2921405558e-03 -2.6041346188e-04 -2.5298403820e+00  2.1966222526e+00 -3.7920710126e-02 -3.9479215932e-02  2.2163993015e+00 -3.7770222850e-02  3.4492828052e+00 -1.1941138315e+00  2.2071168629e-02  1.9043794483e+00 -2.1071222808e+00  3.8426744455e-02  3.4490571792e+00  1.1919795419e+00 -2.3019747140e-02  1.9045185199e+00  2.1061818563e+00 -3.9957192314e-02
ENERGY -3.765408621147e+02
GRADIENT -2.1296017000e-05  5.9458772000e-05 -2.2299917000e-05 -4.5603460000e-06  9.8247324000e-05  1.0908503000e-05 -1.1076770500e-04 -1.8220795100e-04  3.5102980000e-06  2.6003445800e-04  7.6922020000e-06 -2.0848780000e-06 -1.2067014900e-04  1.7185321300e-04 -8.3475200000e-07  2.1466310000e-06 -7.1911283000e-05 -5.5605240000e-06 -1.1881051000e-05 -7.7527632000e-05 -1.8625590000e-05  9.4012605000e-05  1.0142040800e-04  6.8160350000e-06 -1.0078213400e-04  1.3245790000e-06  1.1673612100e-04 -1.6486528000e-05 -6.3519630000e-06 -1.6573320000e-06  3.6647070000e-06 -2.2417752000e-05  3.2195180000e-06  2.1145014000e-05 -5.2377300000e-07 -1.6068810000e-06  2.1655600000e-06  1.9867821000e-05  1.3800860000e-06 -2.5546000000e-06 -2.2470520000e-06  1.7380320000e-06  1.4644417000e-05 -3.8170369000e-05 -8.2893870000e-06 -8.2394720000e-06  3.0205300000e-07 -4.4091490000e-06  6.0797730000e-06 -7.8803449000e-05 -3.9843309000e-05 -2.1933605000e-05  1.9638322000e-05 -3.9144816000e-05

