JOB 0
COORDS  1.5481640000e-01 -3.3909200000e-02  3.4063600000e-02 -5.6179960000e-01 -1.1481402000e+00 -5.0669570000e-01 -1.9817379000e+00 -1.1157360000e+00 -5.2148470000e-01 -2.6779224000e+00  1.5317900000e-02 -6.2001000000e-03 -1.9570211000e+00  1.1278961000e+00  5.1608270000e-01 -5.3691130000e-01  1.1195766000e+00  5.2352340000e-01  1.6800235000e+00 -2.6661800000e-02 -6.1891000000e-03  2.3988983000e+00 -8.1664410000e-01  8.6452460000e-01  2.3386761000e+00  8.3430190000e-01 -8.5673940000e-01 -1.7487500000e-02 -2.0226356000e+00 -9.1287160000e-01 -2.5439412000e+00 -1.9730911000e+00 -9.4005790000e-01 -3.7857322000e+00  3.2338300000e-02 -1.6469100000e-02 -2.5005979000e+00  2.0071169000e+00  9.1345090000e-01  2.6628000000e-02  1.9837386000e+00  9.2547710000e-01  3.4519984000e+00 -8.7713740000e-01  8.5265750000e-01  1.8807106000e+00 -1.4557659000e+00  1.5212823000e+00  3.3892002000e+00  9.2164800000e-01 -8.9178720000e-01  1.7763720000e+00  1.4267778000e+00 -1.5206471000e+00
ENERGY -3.765360491250e+02
GRADIENT  2.6498465200e-04 -1.1480390500e-03  6.2049042780e-03 -1.3579014200e-04  1.7868068310e-03 -3.3815911930e-03 -2.9923122000e-05 -3.5608012000e-05 -2.2037730000e-05  4.2471742000e-05 -3.9745070000e-06  1.2687820000e-06 -3.1561739000e-05  3.8915205000e-05  1.3185077000e-05 -4.9886673000e-05 -7.5603828000e-05 -6.7660010000e-06  8.2529380000e-06 -3.5958947360e-03 -5.5677529610e-03 -5.9958194000e-05  2.9778332990e-03  2.8750922690e-03  1.4262361000e-05  7.1843336000e-05  9.9240248000e-05 -2.1788560000e-06  9.4624440000e-06 -5.4618930000e-06 -1.8021180000e-06 -2.5789210000e-06 -1.2404930000e-06  4.5589920000e-06 -3.2108900000e-07 -1.3835000000e-08 -3.5825210000e-06  1.1891190000e-06  4.0624220000e-06  8.7516900000e-07 -4.8604340000e-06 -9.7279050000e-06  6.8115950000e-06  7.3895226000e-05 -1.4656142100e-04 -5.4022830000e-06 -3.9845805000e-05 -1.2013080000e-06 -1.7211230000e-06 -2.1200531000e-05 -3.3721098000e-05  1.7184030000e-06 -1.9060132000e-05 -1.9853297000e-05

JOB 1
COORDS  1.5361869726e-01 -1.7755185211e-02  2.2203687009e-02 -5.5628262985e-01 -1.1539556970e+00 -4.8026135134e-01 -1.9763988598e+00 -1.1294200842e+00 -4.9110659186e-01 -2.6775457345e+00  1.0795614986e-02 -3.3589348790e-03 -1.9619326155e+00  1.1395115101e+00  4.9093274754e-01 -5.4180135534e-01  1.1406105063e+00  4.9452058268e-01  1.6791456697e+00 -1.1900844962e-02 -9.0599423323e-04  2.3887003949e+00 -8.5511625286e-01  8.2650246300e-01  2.3480936098e+00  8.6833510342e-01 -8.2324670249e-01 -7.6654672576e-03 -2.0371441475e+00 -8.6107533496e-01 -2.5351451532e+00 -2.0011769938e+00 -8.8374110960e-01 -3.7854717958e+00  2.0902229822e-02 -1.0248634024e-02 -2.5099535561e+00  2.0235954284e+00  8.7100968537e-01  1.8071854775e-02  2.0152509554e+00  8.7856834565e-01  3.4408235420e+00 -9.3053827784e-01  8.1385469746e-01  1.8611221601e+00 -1.5193975184e+00  1.4499125415e+00  3.3996116586e+00  9.4396108359e-01 -8.5578160228e-01  1.7929663063e+00  1.4899647426e+00 -1.4662057622e+00
ENERGY -3.765369230018e+02
GRADIENT -2.0222281010e-03 -1.0069653860e-03  3.1848669270e-03  4.1726120400e-04  1.3024533260e-03 -3.3554803320e-03 -1.5454065800e-04  2.8413042400e-04  2.3766894800e-04  3.9399690000e-06 -2.9752310000e-05 -6.9602561000e-05 -5.5921963000e-05 -4.2807532800e-04 -8.3238871000e-05  6.9821674500e-04 -6.4395660000e-06  1.1231231290e-03  6.5810889400e-04 -1.2889584350e-03 -2.3244959380e-03  3.4624398700e-04  2.9504773140e-03  1.9972056340e-03 -2.1782617900e-04 -9.0868083800e-04 -4.0272263500e-04 -5.0938180000e-06 -1.1212340100e-04  1.7115786400e-04  4.6327168000e-05 -3.4251330000e-06  1.9291100000e-05  2.5019106000e-05  4.3913500000e-06 -3.4376620000e-06  6.5676017000e-05  2.8583107000e-05 -3.8394409000e-05 -3.3525830000e-06  2.2624756000e-05  4.7289907000e-05  1.7813118400e-04 -2.5190371600e-04  2.1254027500e-04 -7.7549954000e-05 -3.1420651000e-04 -2.5335512400e-04  1.7377224700e-04 -1.7248673600e-04 -2.3353521600e-04 -8.4939920000e-05 -7.8337845000e-05 -2.1876440300e-04

JOB 2
COORDS  1.5567240758e-01 -1.3773111846e-02  1.6531220566e-02 -5.5545350662e-01 -1.1615025877e+00 -4.5763953317e-01 -1.9755717699e+00 -1.1402118098e+00 -4.6669831579e-01 -2.6779418466e+00  8.5165304668e-03 -7.1252096175e-04 -1.9635869887e+00  1.1484900829e+00  4.6921181197e-01 -5.4347773850e-01  1.1506739417e+00  4.6847641561e-01  1.6800096591e+00 -9.2683238049e-03 -3.9611657501e-03  2.3829549906e+00 -8.8530623762e-01  7.9460933868e-01  2.3537331959e+00  8.9584946333e-01 -7.9516040971e-01 -6.5288500302e-03 -2.0513567283e+00 -8.2208324551e-01 -2.5334271241e+00 -2.0209193469e+00 -8.4022773165e-01 -3.7859324430e+00  1.6194775910e-02 -5.1624206555e-03 -2.5121559623e+00  2.0387654051e+00  8.3378155817e-01  1.5330568517e-02  2.0336768923e+00  8.3444346976e-01  3.4345567991e+00 -9.6510714273e-01  7.8062813423e-01  1.8511750097e+00 -1.5639263583e+00  1.3985171045e+00  3.4053487858e+00  9.7119239271e-01 -8.1930852735e-01  1.8024455050e+00  1.5433475529e+00 -1.4152903909e+00
ENERGY -3.765375407991e+02
GRADIENT -1.5620687820e-03 -9.8092071900e-04  2.7175545060e-03  3.0277374600e-04  1.7963856940e-03 -3.0151294100e-03 -3.8168721700e-04  1.3733618100e-04  1.1728410300e-04  2.0288844100e-04 -2.5508836000e-05 -5.1556094000e-05 -4.2529838700e-04 -2.2471954000e-05  5.3812853000e-05  4.0419552400e-04 -9.6997225700e-04  1.2282278550e-03  1.7299167540e-03 -1.0640027340e-03 -2.2591750540e-03 -2.2070975500e-04  2.7369358210e-03  2.1988223830e-03 -3.1481091800e-04 -9.5412676300e-04 -7.6038028600e-04 -6.4727700000e-06 -3.8206987000e-05  2.2458809600e-04  1.6839344000e-05 -1.6363155000e-05  9.7260300000e-06  4.7534392000e-05  1.4123527000e-05  7.5129270000e-06  5.6265340000e-06  4.1348557000e-05 -3.9792495000e-05 -2.6116189000e-05 -4.8343255000e-05 -3.3748049000e-05  1.5360219000e-04 -1.5068493300e-04  1.5919974400e-04 -6.1572042000e-05 -3.0052943200e-04 -1.6018418800e-04  1.8661788700e-04 -1.9992075700e-04 -2.5350845400e-04 -7.1044278000e-05  3.3156053000e-05 -1.3002573800e-04

JOB 3
COORDS  1.5485367403e-01 -8.7736245210e-03  1.1413260908e-02 -5.5217286916e-01 -1.1755206868e+00 -4.2206260071e-01 -1.9719960831e+00 -1.1562674724e+00 -4.3001732140e-01 -2.6749425997e+00  6.3629092389e-03  5.8284204576e-04 -1.9615992317e+00  1.1622572083e+00  4.3297833412e-01 -5.4183481740e-01  1.1698782427e+00  4.2997699335e-01  1.6767396369e+00 -7.3140149461e-03 -4.3091492736e-03  2.3757559236e+00 -9.2995876078e-01  7.4407251545e-01  2.3542084942e+00  9.3656878289e-01 -7.4582909514e-01 -1.3208187758e-03 -2.0746210595e+00 -7.6017744038e-01 -2.5295236945e+00 -2.0490146610e+00 -7.7430784034e-01 -3.7830301569e+00  1.2105691250e-02 -1.6830943909e-03 -2.5121992153e+00  2.0614323066e+00  7.7164173704e-01  1.6486152626e-02  2.0642735255e+00  7.6828198756e-01  3.4268614719e+00 -1.0111626989e+00  7.2076533275e-01  1.8431847231e+00 -1.6349848291e+00  1.3158804110e+00  3.4056156350e+00  1.0141252320e+00 -7.5911259950e-01  1.8058336845e+00  1.6181907575e+00 -1.3306596042e+00
ENERGY -3.765385048547e+02
GRADIENT -3.9742629210e-03 -5.2368132000e-04  1.9386426240e-03  1.2814406900e-03  8.4364289000e-04 -3.1778570310e-03 -2.5434122000e-04  3.5849277500e-04  1.7454138700e-04 -8.9164645000e-05  1.7490023000e-05 -3.9112939000e-05  7.9623980000e-06 -7.5360427100e-04 -2.2018057100e-04  1.5755910900e-03  1.5059511400e-04  2.0726295810e-03  2.3876224300e-03 -8.5632105000e-04 -1.8377624320e-03 -7.4871258300e-04  2.2838391840e-03  2.5158416500e-03 -6.9504918800e-04 -1.2287234540e-03 -9.6760744100e-04 -3.1317421000e-05 -1.5451408600e-04  1.7843196500e-04  1.0846612400e-04 -3.3350640000e-05  8.1752360000e-06  3.2403838000e-05 -2.8883083000e-05 -6.1432790000e-06  1.4893786600e-04  2.3125083000e-05 -2.6987160000e-05  1.7373284000e-05  1.2829083400e-04 -7.1829525000e-05  2.3710708100e-04  1.4229263200e-04 -9.6609599000e-05 -1.2040332700e-04 -3.3810450700e-04 -9.5289339000e-05  2.1238256500e-04 -1.7714321600e-04 -2.6889112600e-04 -1.1538808400e-04  1.3669833400e-04 -7.1188070000e-05

JOB 4
COORDS  1.5578282269e-01 -1.9923556161e-02  1.9634731813e-02 -5.5624596204e-01 -1.1870060935e+00 -4.0748753233e-01 -1.9755155011e+00 -1.1617809719e+00 -4.1822922136e-01 -2.6738589802e+00  8.7077510989e-03 -5.1300381944e-04 -1.9547592490e+00  1.1673514639e+00  4.1583398892e-01 -5.3538180249e-01  1.1711270569e+00  4.1376550679e-01  1.6739892398e+00 -2.1384173699e-02 -1.4092676983e-02  2.3818750517e+00 -9.4567968582e-01  7.2453554452e-01  2.3447566515e+00  9.5129062961e-01 -7.2433930575e-01 -8.8477764745e-03 -2.0894073323e+00 -7.4269625892e-01 -2.5366567367e+00 -2.0547996943e+00 -7.5588724631e-01 -3.7820096248e+00  1.9564314178e-02 -3.8518097333e-03 -2.5022722933e+00  2.0732474181e+00  7.4123940178e-01  2.6206921570e-02  2.0692182594e+00  7.3691864721e-01  3.4334091060e+00 -1.0140443585e+00  6.9426410909e-01  1.8588927790e+00 -1.6562758743e+00  1.2978529439e+00  3.3946721541e+00  1.0442273512e+00 -7.2423092006e-01  1.7919653084e+00  1.6461456936e+00 -1.2886278125e+00
ENERGY -3.765386814978e+02
GRADIENT -3.2612734280e-03 -4.4395328000e-05  4.9610627430e-03  1.3208119000e-03  4.9200976400e-04 -3.5569082480e-03  1.3235338600e-04  3.2944649800e-04  4.8021100000e-06 -5.3242397600e-04  1.2532942200e-04  7.8773938000e-05  5.3844783500e-04 -1.1787973350e-03 -5.1156262200e-04  1.7101451120e-03  1.1556406130e-03  1.7494657180e-03  1.5199015690e-03 -3.3232570620e-03 -5.7337752430e-03 -1.0392439730e-03  2.2776071700e-03  3.5628297420e-03 -6.7221196500e-04 -7.5866955700e-04 -3.8296845200e-04 -7.8196004000e-05 -1.3344391300e-04 -1.3259678000e-04  1.2538435400e-04 -3.1484162000e-05  2.0920160000e-06 -3.0807065000e-05 -8.1416010000e-05 -2.1719577000e-05  2.0584643600e-04 -4.7863109000e-05  2.8843516000e-05  7.8933613000e-05  2.8410905700e-04 -1.9921581300e-04  1.1111463300e-04  6.2356047900e-04 -3.8309735900e-04 -9.3625955000e-05  2.7941151000e-05  2.6311688500e-04  3.0025043000e-05 -1.5560032000e-05 -1.9580263000e-05 -7.7562448000e-05  2.8866569600e-04  2.9563480300e-04

JOB 5
COORDS  1.5671435139e-01 -2.6656086733e-02  3.1100025292e-02 -5.5738081571e-01 -1.1927682209e+00 -3.9728326127e-01 -1.9763321704e+00 -1.1633392849e+00 -4.1265618335e-01 -2.6723358474e+00  1.1849722526e-02 -3.7750166094e-03 -1.9541337770e+00  1.1731184135e+00  4.0723645221e-01 -5.3505807994e-01  1.1701794963e+00  4.0832048220e-01  1.6732366309e+00 -2.5582830322e-02 -1.3494099767e-02  2.3909654837e+00 -9.5190283318e-01  7.1423762144e-01  2.3372942854e+00  9.6006869175e-01 -7.1300809217e-01 -1.1121209204e-02 -2.0973875156e+00 -7.2852349904e-01 -2.5393628755e+00 -2.0558172036e+00 -7.4860491281e-01 -3.7804481911e+00  2.5126319106e-02 -1.1489694043e-02 -2.5004704901e+00  2.0829800352e+00  7.2364527444e-01  2.7937956975e-02  2.0689735473e+00  7.2697043322e-01  3.4423073051e+00 -1.0197047629e+00  6.7993038641e-01  1.8727295881e+00 -1.6701307271e+00  1.2820468598e+00  3.3862876821e+00  1.0617976663e+00 -7.1025471368e-01  1.7799117049e+00  1.6538424741e+00 -1.2739200865e+00
ENERGY -3.765387434020e+02
GRADIENT -2.2027824720e-03 -9.5437709000e-05  6.8916449290e-03  1.0905480340e-03  4.9818025500e-04 -4.0984162700e-03  6.7251158000e-05  1.1842104400e-04 -5.1589344000e-05  3.3312105000e-04  5.4179145000e-05  6.2148449000e-05  7.5539850000e-06 -1.9000279000e-05 -8.8731451000e-05  9.6669244000e-04  5.5540690300e-04  7.6246109800e-04 -1.9487160000e-05 -3.9809258030e-03 -6.8514769900e-03 -3.3508706000e-05  2.7278509130e-03  3.4064907550e-03 -3.9143876400e-04 -6.1650504300e-04 -2.0211275600e-04 -3.5772884000e-05 -9.9488531000e-05 -1.9244029300e-04  1.4229286900e-04 -6.0629039000e-05 -2.0848010000e-06  3.2632347000e-05  9.6926900000e-07 -4.3888830000e-06  1.2639623800e-04  3.1411302000e-05  8.2606005000e-05 -3.6320206000e-05  2.2774711500e-04 -1.8995636100e-04  7.9719572000e-05  1.9008260600e-04  5.2402084000e-05 -6.1070115000e-05  1.2767174700e-04  1.2014455900e-04 -6.2784300000e-06  1.6302207300e-04  9.8316771000e-05 -6.6613936000e-05  1.6750983300e-04  2.0809865400e-04

JOB 6
COORDS  1.6223722452e-01 -3.0029546645e-02  4.7076456190e-02 -5.6138044960e-01 -1.1909358095e+00 -3.8235402753e-01 -1.9803421221e+00 -1.1638449354e+00 -4.0556243069e-01 -2.6803570581e+00  1.2661397371e-02 -8.4962072978e-03 -1.9545094116e+00  1.1714945441e+00  3.9630070834e-01 -5.3544815864e-01  1.1698008802e+00  4.0530728542e-01  1.6772582011e+00 -2.4959726911e-02 -1.1348150838e-02  2.4004249986e+00 -9.5745710101e-01  7.0417754666e-01  2.3370879373e+00  9.7079733012e-01 -7.0213931645e-01 -1.6423890369e-02 -2.0986115509e+00 -7.0716071476e-01 -2.5410259116e+00 -2.0581001309e+00 -7.4071741012e-01 -3.7884896035e+00  2.9256677596e-02 -2.1718287977e-02 -2.4997069853e+00  2.0855407911e+00  7.0225749260e-01  2.4499995886e-02  2.0707592269e+00  7.2320684203e-01  3.4510660064e+00 -1.0250971801e+00  6.5571307565e-01  1.8879661862e+00 -1.6856664064e+00  1.2644126695e+00  3.3859513387e+00  1.0727870207e+00 -6.9994383147e-01  1.7784595894e+00  1.6629244708e+00 -1.2636535254e+00
ENERGY -3.765387391517e+02
GRADIENT  1.1649937710e-03 -1.1924142130e-03  9.2676558120e-03 -8.1134969100e-04  2.5627857470e-03 -4.1567534360e-03  2.5048889800e-04  9.3300190000e-06 -5.9980767000e-05 -2.0172594430e-03  9.4608680000e-05  4.8645747000e-05  1.1915381400e-03 -1.7787692500e-03 -6.5323944800e-04  4.4986330200e-04  7.7567408300e-04 -8.8319305000e-05  2.5272991000e-04 -3.3715755130e-03 -7.9447401780e-03 -3.5199730700e-04  2.1901277900e-03  4.0531938150e-03  2.6622583000e-05  2.0144050800e-04 -5.4478317200e-04  3.6809995000e-05  1.5490280700e-04 -2.1691875000e-05 -1.9100352700e-04  1.3215085600e-04  4.3317074000e-05 -1.5948652600e-04 -1.2153644000e-04 -4.5251615000e-05  2.4964063000e-05 -1.8699403400e-04 -2.2928585000e-05  1.9622566600e-04 -1.7885291000e-05 -6.9660905000e-05 -7.0155974000e-05  4.0853586700e-04 -1.6502981900e-04  2.2264741000e-05  7.0437170000e-06  5.6729821000e-05 -3.6236915000e-05  1.1974398600e-04  2.9016401000e-04  1.8926695000e-05  7.8963690000e-06  1.1939630000e-05

JOB 7
COORDS  1.6004938591e-01 -2.9820961906e-02  4.1960620933e-02 -5.5896625363e-01 -1.1931070015e+00 -3.8793988211e-01 -1.9777731587e+00 -1.1634285013e+00 -4.0859782112e-01 -2.6750759883e+00  1.3551389962e-02 -7.9205676043e-03 -1.9567952941e+00  1.1751622202e+00  4.0170934053e-01 -5.3782664164e-01  1.1678465597e+00  4.0795625769e-01  1.6757436848e+00 -2.3317021977e-02 -1.0938272933e-02  2.3977209704e+00 -9.5305184382e-01  7.0887221152e-01  2.3370252337e+00  9.6820121573e-01 -7.0591823807e-01 -1.3685638101e-02 -2.1004635393e+00 -7.1321714744e-01 -2.5400636416e+00 -2.0564690245e+00 -7.4435628233e-01 -3.7831447512e+00  2.8118060941e-02 -2.0812074488e-02 -2.5027062204e+00  2.0877551799e+00  7.1101632255e-01  2.3841853201e-02  2.0663924557e+00  7.2949503899e-01  3.4484059212e+00 -1.0222007948e+00  6.6194850598e-01  1.8840076853e+00 -1.6792695486e+00  1.2706674660e+00  3.3863166850e+00  1.0661422607e+00 -7.0773382957e-01  1.7793308302e+00  1.6590557785e+00 -1.2699805538e+00
ENERGY -3.765387754496e+02
GRADIENT  4.6551661400e-04 -1.2034743470e-03  8.2334525970e-03 -2.1388846300e-04  1.5961961890e-03 -4.3080548640e-03 -5.4659688000e-05 -8.9978261000e-05 -4.1779051000e-05  4.4636118900e-04 -3.4588952000e-05  3.4532490000e-06 -3.2534467800e-04  5.5122221100e-04  1.5559036200e-04 -1.9758375500e-04 -3.9333706100e-04 -2.0868927500e-04  3.0012107200e-04 -3.3269388410e-03 -7.3982527920e-03 -3.1979024300e-04  2.4883907470e-03  3.8078425550e-03 -2.3606131000e-05 -1.5598875000e-05 -4.0636389300e-04  1.5314441000e-05  8.0491530000e-06  8.6841520000e-06  6.5424100000e-06 -1.7081833000e-05 -1.2914969000e-05  3.2295294000e-05  3.5798341000e-05  1.4928255000e-05 -3.0371138000e-05  4.0151299000e-05  1.2521934000e-05 -6.5748470000e-05 -1.9082037000e-05  2.3809110000e-06 -2.7151058000e-05  3.1930704800e-04 -1.5726587900e-04 -7.7221370000e-06 -1.6562691000e-05  7.4746145000e-05 -7.2259730000e-06  3.5264234000e-05  1.7158936000e-04  2.8811520000e-06  3.4510712000e-05  4.9851462000e-05

JOB 8
COORDS  1.5922878104e-01 -2.7948824890e-02  3.8857490344e-02 -5.5887864094e-01 -1.1916618652e+00 -3.9085325653e-01 -1.9777481887e+00 -1.1628259774e+00 -4.1034646513e-01 -2.6758610608e+00  1.2899289588e-02 -7.6501657728e-03 -1.9561958368e+00  1.1731898590e+00  4.0323702541e-01 -5.3718708500e-01  1.1691248130e+00  4.0914780065e-01  1.6752051701e+00 -2.2983863691e-02 -1.0505617541e-02  2.3990862933e+00 -9.5008378134e-01  7.1084956800e-01  2.3368844817e+00  9.6667174216e-01 -7.0728420187e-01 -1.3326406145e-02 -2.0985404048e+00 -7.1702542570e-01 -2.5394835488e+00 -2.0560671218e+00 -7.4645526561e-01 -3.7839545014e+00  2.7226529122e-02 -1.9434018862e-02 -2.5024737980e+00  2.0847355325e+00  7.1484004874e-01  2.4194144477e-02  2.0673781378e+00  7.3214670524e-01  3.4496616192e+00 -1.0256326377e+00  6.6999480550e-01  1.8822338461e+00 -1.6737226842e+00  1.2729734954e+00  3.3862802933e+00  1.0635691509e+00 -7.1354155225e-01  1.7785516701e+00  1.6563007074e+00 -1.2722480579e+00
ENERGY -3.765387728853e+02
GRADIENT -2.4508841800e-04 -7.8482845100e-04  7.4649446290e-03 -1.8962280000e-05  1.4193601420e-03 -4.2475125250e-03  1.0791876700e-04  1.2996969300e-04  7.0638615000e-05 -1.9488114300e-04  2.6670186000e-05  7.6800000000e-09  1.5818090000e-04 -3.1069662700e-04 -7.9093582000e-05  2.2334184200e-04  3.4503435700e-04  1.6302100000e-04 -1.1154160760e-03 -3.6467886490e-03 -6.8151137350e-03  9.4108594800e-04  3.5453087180e-03  2.9148811220e-03  9.9659372000e-05 -5.6542465500e-04  5.9793733000e-05 -4.3024120000e-06 -3.1047768000e-05 -6.2196290000e-06  1.3334520000e-05  7.8447500000e-06  3.1911400000e-06 -1.5045103000e-05 -1.3353523000e-05 -9.4834200000e-06  2.7902098000e-05 -2.0324355000e-05 -8.4550830000e-06  1.5577844000e-05  4.3131974000e-05  1.0089152000e-05  4.9352574000e-05 -4.5175989800e-04  4.4212416400e-04 -2.1709701000e-05  1.3323460700e-04 -4.4393227000e-05  1.3277904000e-05  1.3827395400e-04 -2.1686925000e-05 -3.9090989000e-05  2.6082970000e-05  1.0634666000e-04

JOB 9
COORDS  1.5997351751e-01 -2.8345120171e-02  4.0188277173e-02 -5.5876193769e-01 -1.1918127298e+00 -3.8926980470e-01 -1.9776519991e+00 -1.1633379008e+00 -4.0920491637e-01 -2.6756652830e+00  1.2816565221e-02 -7.5140513359e-03 -1.9564828193e+00  1.1737419338e+00  4.0250667180e-01 -5.3749576769e-01  1.1687989814e+00  4.0839858073e-01  1.6756923599e+00 -2.2437068559e-02 -1.0949052094e-02  2.3977329058e+00 -9.5114544993e-01  7.1028782915e-01  2.3375040549e+00  9.6863732506e-01 -7.0595708073e-01 -1.3215601714e-02 -2.0988334830e+00 -7.1502641144e-01 -2.5393201782e+00 -2.0567748295e+00 -7.4492743400e-01 -3.7837540617e+00  2.7089816984e-02 -1.9595041203e-02 -2.5027199294e+00  2.0856902355e+00  7.1306382768e-01  2.3790811730e-02  2.0673544167e+00  7.3064893439e-01  3.4482898984e+00 -1.0239797702e+00  6.6530227799e-01  1.8822522889e+00 -1.6768571654e+00  1.2710721917e+00  3.3869984064e+00  1.0642550602e+00 -7.1116420367e-01  1.7801134368e+00  1.6582226156e+00 -1.2719073252e+00
ENERGY -3.765387805704e+02
GRADIENT  2.5495127800e-04 -1.0893598340e-03  7.8704716240e-03 -1.6316784500e-04  1.6611127130e-03 -4.2207984980e-03 -1.0942076000e-05 -3.6648215000e-05 -8.3416090000e-06  1.7501416000e-05  1.2027689000e-05  1.1996010000e-06  1.9481000000e-06 -1.5128656000e-05 -3.3181400000e-07  3.7130900000e-05  2.2607080000e-05 -1.0175244000e-05 -2.7031607500e-04 -3.4095577840e-03 -7.1987130110e-03  1.2425558800e-04  2.8651424520e-03  3.5577490800e-03  1.3749875000e-05 -1.2989284800e-04 -2.0673565600e-04  5.7528900000e-07  2.7127100000e-07  7.2560650000e-06 -3.5160030000e-06 -1.5544420000e-06 -1.0370810000e-06  1.3004510000e-06 -2.6352780000e-06 -2.2133410000e-06  2.7292370000e-06  1.6328470000e-06 -1.1258830000e-06 -3.3094820000e-06  2.1591510000e-06  1.0142493000e-05 -5.4065620000e-06  1.2688350000e-06  6.2828662000e-05  9.0700080000e-06  2.9350090000e-05  2.1860742000e-05 -6.7024010000e-06  4.2564520000e-05  6.7146990000e-05 -4.2758230000e-06  3.8420822000e-05  5.2970356000e-05

JOB 10
COORDS  1.6006687550e-01 -2.8419674101e-02  4.0336692740e-02 -5.5860294638e-01 -1.1919454946e+00 -3.8905804610e-01 -1.9774961993e+00 -1.1630865681e+00 -4.0895818366e-01 -2.6759178348e+00  1.2919787881e-02 -7.5574668884e-03 -1.9567151619e+00  1.1738824165e+00  4.0230840313e-01 -5.3773385249e-01  1.1686730507e+00  4.0822114572e-01  1.6757798105e+00 -2.2301299571e-02 -1.0726119100e-02  2.3982498747e+00 -9.5071259799e-01  7.1046759577e-01  2.3373856617e+00  9.6959208216e-01 -7.0476189227e-01 -1.3163321717e-02 -2.0990616456e+00 -7.1474211277e-01 -2.5391248025e+00 -2.0565678634e+00 -7.4461042735e-01 -3.7840109248e+00  2.7078944102e-02 -1.9762366593e-02 -2.5028879288e+00  2.0859368616e+00  7.1266848757e-01  2.3549497496e-02  2.0672617640e+00  7.3036941788e-01  3.4487747188e+00 -1.0232078233e+00  6.6396389490e-01  1.8833731740e+00 -1.6776021967e+00  1.2703103670e+00  3.3869410467e+00  1.0644767441e+00 -7.1122835235e-01  1.7799766309e+00  1.6581845612e+00 -1.2718968833e+00
ENERGY -3.765387811841e+02
GRADIENT  2.8880779500e-04 -1.0818056740e-03  7.8751602800e-03 -1.2400930000e-04  1.5816964560e-03 -4.2514180550e-03  6.2915607000e-05  9.8940048000e-05  4.0924845000e-05 -8.0088667000e-05 -9.2995400000e-07 -4.0628350000e-06 -1.0362940000e-06  1.5717805000e-05  1.0689000000e-05 -2.8741953000e-05 -3.9599972000e-05 -3.8140719000e-05 -2.1893161600e-04 -3.4523071830e-03 -7.2508390400e-03  9.6015785000e-05  2.8629185830e-03  3.6292013910e-03  1.3269061000e-05 -1.1808863200e-04 -1.2805509100e-04  1.4653879000e-05 -8.8135900000e-07  4.5811390000e-06  2.8037180000e-06  8.6111940000e-06  2.7133500000e-06 -6.6548120000e-06  9.4555670000e-06  1.5014930000e-06 -9.5185810000e-06 -3.2441050000e-06 -3.8051100000e-06 -6.1522900000e-06 -6.0481900000e-06  7.2068710000e-06  1.5928600000e-07  4.7606322000e-05  3.5937970000e-06 -1.8027000000e-08  1.3260516000e-05  1.8998165000e-05 -3.2948150000e-06  3.3553893000e-05  4.6154102000e-05 -4.3979340000e-06  2.2936540000e-05  3.7672564000e-05

