JOB 0
COORDS  1.5171580000e-01  5.9375600000e-02  4.5684100000e-02 -5.5851080000e-01 -8.2019170000e-01  9.2740110000e-01 -1.9768045000e+00 -8.5007950000e-01  8.8233270000e-01 -2.6829254000e+00 -1.2994900000e-02 -3.0151200000e-02 -1.9720158000e+00  8.4931880000e-01 -9.1562910000e-01 -5.5338290000e-01  8.7625280000e-01 -8.9770830000e-01  1.6677524000e+00  2.6247100000e-02  2.7272500000e-02  2.3371165000e+00 -2.8360870000e-01 -1.1389888000e+00  2.3778346000e+00  2.0523490000e-01  1.1965123000e+00 -6.6241000000e-03 -1.4803731000e+00  1.6244487000e+00 -2.5317098000e+00 -1.5322279000e+00  1.5555522000e+00 -3.7906268000e+00 -3.6911800000e-02 -5.5530700000e-02 -2.5243132000e+00  1.4974784000e+00 -1.6236303000e+00  1.3622000000e-03  1.5483253000e+00 -1.5810830000e+00  3.3880803000e+00 -2.7034510000e-01 -1.2186992000e+00  1.7828269000e+00 -4.5733870000e-01 -2.0161685000e+00  3.4262728000e+00  1.1479760000e-01  1.2524707000e+00  1.8628472000e+00  4.7174080000e-01  2.0741740000e+00
ENERGY -3.765388119143e+02
GRADIENT  1.0199843800e-04  2.5132288330e-03  5.2258362620e-03 -9.3491993000e-05 -3.1502599690e-03 -3.2039803840e-03  1.4649517000e-05  2.1200571000e-05 -2.1037947000e-05 -2.9893188000e-05 -2.6533000000e-06  2.6738630000e-06 -2.8947450000e-06  1.8300270000e-06 -2.6464080000e-06  2.7735720000e-06 -5.9454750000e-06  1.8043843000e-05  9.4314902000e-05  5.1483965820e-03 -3.1674439590e-03 -8.7182024000e-05 -4.5209576780e-03  1.1420199250e-03  3.7419730000e-06  2.5102026000e-05 -4.4597790000e-06  3.7430610000e-06  4.0036070000e-06 -3.9928700000e-07  2.4224500000e-07  1.8205780000e-06 -1.7729630000e-06 -2.4751600000e-06  7.7917300000e-07 -2.3050960000e-06 -4.0256550000e-06 -2.6610490000e-06  1.6631510000e-06 -2.0019460000e-06 -2.2083190000e-06  1.9437970000e-06 -2.0731930000e-06 -1.3502094000e-05  6.7779400000e-07  3.8111980000e-06 -8.2153500000e-06  8.0613160000e-06 -2.3658640000e-06 -6.9491000000e-08  1.7516243000e-05  1.4430310000e-06 -1.2176780000e-06  1.0150230000e-06

JOB 1
COORDS  1.5287776468e-01  8.3053867788e-02  5.9015629452e-02 -5.5468306634e-01 -8.3070842435e-01  9.0762297936e-01 -1.9724261454e+00 -8.7276398021e-01  8.5594097512e-01 -2.6822892649e+00 -1.8379580917e-02 -3.7285267807e-02 -1.9747131155e+00  8.7037609582e-01 -8.9886656332e-01 -5.5648612360e-01  9.0908988831e-01 -8.7325681324e-01  1.6686231685e+00  4.6424697007e-02  2.9986137368e-02  2.3240959732e+00 -3.3628370605e-01 -1.1224435768e+00  2.3880783293e+00  2.5191912365e-01  1.1890700128e+00 -8.1259749209e-05 -1.5072344787e+00  1.5866129196e+00 -2.5235615328e+00 -1.5787250687e+00  1.5073616755e+00 -3.7895861145e+00 -5.1732330740e-02 -6.8758653245e-02 -2.5291576770e+00  1.5288791397e+00 -1.5955549879e+00 -4.9574163644e-03  1.5988592761e+00 -1.5414406670e+00  3.3745515142e+00 -3.4588509866e-01 -1.2091223900e+00  1.7606718362e+00 -5.4558822549e-01 -1.9859386461e+00  3.4350547504e+00  1.4463969388e-01  1.2426157851e+00  1.8828239293e+00  5.5710715422e-01  2.0597658650e+00
ENERGY -3.765376070820e+02
GRADIENT  2.5680511330e-03  2.6910845370e-03  7.5637689490e-03 -9.7060254100e-04 -3.0792486290e-03 -4.1751953540e-03  1.8470798400e-04 -3.4635740600e-04  3.8696608800e-04 -5.1134533000e-05  4.7418351000e-05 -6.7381120000e-06  1.7512198600e-04  1.4168749100e-04 -1.8446544900e-04 -4.8170940900e-04 -7.7096282000e-04 -5.0126323900e-04 -8.3016602600e-04  8.2900405710e-03 -4.9686851740e-03 -2.5554159000e-04 -5.2917855570e-03  1.3293204680e-03  9.3913950000e-05 -6.9210360500e-04  6.2864534300e-04 -3.1076328000e-05 -1.7994220400e-04 -2.2243307800e-04 -8.1980432000e-05  2.0297318000e-05 -8.0013130000e-06 -3.2714128000e-05 -1.4421225000e-05 -1.0924316000e-05 -3.4161874000e-05  3.4152068000e-05  3.1373338000e-05 -2.5851307000e-05 -2.6945689000e-05 -2.1236402000e-05 -2.1909154800e-04 -2.8770569000e-05  1.0576752200e-04  1.1103770300e-04 -3.7283533700e-04  2.1256377800e-04 -2.2004114600e-04 -1.8005325300e-04 -5.0746697000e-05  9.7248594000e-05 -2.3159674300e-04 -7.5924485000e-05

JOB 2
COORDS  1.4877171921e-01  8.5650268445e-02  6.3721060287e-02 -5.5234332022e-01 -8.5008984590e-01  8.9301509104e-01 -1.9700231418e+00 -8.9088451982e-01  8.3553166241e-01 -2.6805442694e+00 -1.9299000809e-02 -4.0133845485e-02 -1.9745703662e+00  8.8943195722e-01 -8.8169711812e-01 -5.5640655213e-01  9.3110612426e-01 -8.5376606404e-01  1.6662901896e+00  4.3493595711e-02  2.8395277173e-02  2.3195266413e+00 -3.8199718226e-01 -1.1101572869e+00  2.3897648384e+00  2.9036512828e-01  1.1765472730e+00  3.4638290042e-03 -1.5375620443e+00  1.5600327219e+00 -2.5214154250e+00 -1.6112343368e+00  1.4707231795e+00 -3.7876663350e+00 -5.4602795553e-02 -7.3592578918e-02 -2.5297679781e+00  1.5604702469e+00 -1.5656627281e+00 -3.7208686438e-03  1.6345691128e+00 -1.5065900685e+00  3.3700469655e+00 -3.9757896624e-01 -1.1989415512e+00  1.7539220155e+00 -6.1133958278e-01 -1.9673691939e+00  3.4373348217e+00  1.8730681724e-01  1.2321056571e+00  1.8868982181e+00  6.3240588371e-01  2.0351382596e+00
ENERGY -3.765369140692e+02
GRADIENT  5.6631687600e-04  3.0451758730e-03  8.5230978090e-03 -5.4408710000e-06 -4.3058755500e-03 -3.0066285060e-03  6.9936907000e-04  3.3950729700e-04 -3.8567549800e-04 -2.5609184800e-04  1.8094067000e-05  3.2952822000e-05  3.9112945000e-04 -8.1148778000e-05 -3.2097143000e-05  6.3856023000e-05 -5.3754720000e-05 -1.4140183990e-03 -2.0280838830e-03  7.5478621670e-03 -5.7588140410e-03  4.5533114100e-04 -5.2006474910e-03  1.6928564250e-03  2.0189476600e-04 -8.6905279500e-04  3.2685670500e-04  3.8530747000e-05 -2.3684088200e-04 -1.8855697000e-05  7.2796490000e-05  9.4834090000e-06 -3.4039419000e-05 -4.8102302000e-05  3.6339286000e-05 -1.9439441000e-05  3.5474282000e-05  3.8044510000e-06  7.3523350000e-06 -2.6675582000e-05  1.5627014400e-04 -4.7453840000e-05 -9.5217187000e-05 -3.0226640000e-05 -2.6717805000e-05  4.3760504000e-05 -1.9508305500e-04  2.0646696800e-04 -1.5849546000e-04 -1.7058140300e-04  9.4324801000e-05  4.3102690000e-05  1.8975400000e-06 -9.3751948000e-05

JOB 3
COORDS  1.4895377117e-01  8.6171259226e-02  6.7476187838e-02 -5.5655224669e-01 -8.7688087625e-01  8.6005139686e-01 -1.9747738433e+00 -9.2009635215e-01  8.0287541331e-01 -2.6843745767e+00 -2.0315525278e-02 -4.3384618053e-02 -1.9776973683e+00  9.1724956592e-01 -8.5125655292e-01 -5.5905707036e-01  9.5946231696e-01 -8.2002282014e-01  1.6705826415e+00  3.7184702328e-02  2.8007947468e-02  2.3184128777e+00 -4.5372633008e-01 -1.0866229410e+00  2.4008835792e+00  3.5277857918e-01  1.1542874098e+00 -1.0933322196e-03 -1.5822047887e+00  1.5082147854e+00 -2.5246249725e+00 -1.6622892717e+00  1.4138902260e+00 -3.7912691742e+00 -5.5622894541e-02 -7.9974078922e-02 -2.5323001675e+00  1.6098483752e+00 -1.5138738524e+00 -6.8572169965e-03  1.6841226351e+00 -1.4494300963e+00  3.3690598952e+00 -4.7631039732e-01 -1.1776566812e+00  1.7495759221e+00 -7.1533561697e-01 -1.9328669916e+00  3.4500598724e+00  2.6114840341e-01  1.2080813838e+00  1.9024924468e+00  7.4902844618e-01  1.9924042630e+00
ENERGY -3.765358979685e+02
GRADIENT  2.2462382410e-03  3.6632693660e-03  9.0666589170e-03 -1.1849710560e-03 -2.8849603830e-03 -4.4764645500e-03 -2.3376626800e-04 -4.3461944400e-04  1.7482810600e-04  2.5729231700e-04  5.5678490000e-06  5.7631822000e-05  7.3656862000e-05  6.7446487000e-05 -1.1125659300e-04 -8.5433771000e-04 -1.0081419610e-03 -9.4161238700e-04 -1.5963802910e-03  6.2860134750e-03 -6.1610851340e-03  8.1921252800e-04 -4.9617627960e-03  1.9699163510e-03  5.5741742600e-04 -1.0811743030e-03  1.8717211600e-04  2.5896433000e-05  8.9113330000e-05 -3.4844043000e-05 -9.8250288000e-05 -5.4695696000e-05 -3.9803864000e-05  6.9923890000e-06 -2.2636695000e-05  5.1055960000e-05 -6.9763515000e-05 -4.9793289000e-05 -8.5068470000e-06  1.0048907300e-04  5.2329001000e-05  1.8981751800e-04  3.2940241000e-05  7.6554230000e-05  1.8494787000e-05 -3.7582769000e-05  9.2680255000e-05  6.2354607000e-05 -3.8518622000e-05 -1.4707044700e-04  1.4787454600e-04  6.2424900000e-07  3.2813579200e-04 -1.4552907100e-04

JOB 4
COORDS  1.4944208390e-01  6.4859434852e-02  5.4777367132e-02 -5.6053927407e-01 -8.9608728941e-01  8.4438451447e-01 -1.9797892794e+00 -9.2831212692e-01  7.9499001231e-01 -2.6857716359e+00 -1.5884531106e-02 -4.0296337097e-02 -1.9752320613e+00  9.2612284006e-01 -8.3916883581e-01 -5.5574553875e-01  9.5787931764e-01 -8.1347435432e-01  1.6744318432e+00  2.1288156920e-02  2.9869035454e-02  2.3226389966e+00 -4.7444425469e-01 -1.0815823600e+00  2.3994462063e+00  3.7606249199e-01  1.1474075576e+00 -7.9202209519e-03 -1.6064458983e+00  1.4892647105e+00 -2.5321257044e+00 -1.6701414441e+00  1.4042124814e+00 -3.7929695848e+00 -4.2356250567e-02 -7.2757433374e-02 -2.5271429722e+00  1.6316176809e+00 -1.4903460450e+00 -1.1754703829e-03  1.6873916670e+00 -1.4349291191e+00  3.3734056758e+00 -4.8716898788e-01 -1.1749075140e+00  1.7543836863e+00 -7.4514224416e-01 -1.9256892856e+00  3.4509858590e+00  3.1002151685e-01  1.1970570454e+00  1.8952900748e+00  7.7855696111e-01  1.9792924564e+00
ENERGY -3.765359919067e+02
GRADIENT  1.6826519500e-03  3.2802864790e-03  5.9153537890e-03 -9.5122916900e-04 -2.2577179940e-03 -4.6639231660e-03 -7.3142503600e-04 -4.5429751600e-04  4.4454397800e-04  3.7884998200e-04 -8.9719972000e-05 -6.6934580000e-06 -1.4033558200e-04  2.2627276100e-04  2.2927690000e-05 -9.6535212000e-04 -1.0612566660e-03 -1.4263070100e-04  9.3399445000e-04  4.1268520530e-03 -3.8142381200e-03 -6.2853393300e-04 -4.6067314750e-03  1.3373620610e-03  3.2878223100e-04 -3.0888348000e-04  7.9921987400e-04  8.1660910000e-06  3.2657110600e-04  8.6075171000e-05 -1.1500554800e-04 -4.9024192000e-05  1.0187278000e-05  3.5838106000e-05 -6.9058486000e-05  4.0026494000e-05 -1.0494642800e-04 -5.6179556000e-05 -1.2364810000e-05  1.1981520800e-04 -2.2188232000e-05  2.7355861000e-04  1.5929910000e-06  2.6412656900e-04  1.9390435300e-04  8.0001770000e-06  2.9177129100e-04 -2.8486534500e-04  9.7983984000e-05  1.3569054000e-05 -1.5454780100e-04  5.1680366000e-05  4.5313542300e-04 -5.5871739000e-05

JOB 5
COORDS  1.4835128845e-01  5.2133207969e-02  4.3798463768e-02 -5.6263705607e-01 -9.0583207244e-01  8.3512762062e-01 -1.9824781176e+00 -9.3110542341e-01  7.9462201394e-01 -2.6879076068e+00 -1.0493211022e-02 -3.2125021540e-02 -1.9767176353e+00  9.3204632885e-01 -8.2963080699e-01 -5.5673184458e-01  9.5650628145e-01 -8.1156273307e-01  1.6747161911e+00  1.2604679105e-02  2.1202709398e-02  2.3393786616e+00 -4.8302812734e-01 -1.0800578023e+00  2.3902345797e+00  3.8778860927e-01  1.1370404315e+00 -1.0233903664e-02 -1.6212611032e+00  1.4744428792e+00 -2.5351498371e+00 -1.6723140105e+00  1.4042995915e+00 -3.7953798231e+00 -3.0270312132e-02 -5.8238559952e-02 -2.5282124202e+00  1.6449534568e+00 -1.4730470701e+00 -2.1394504480e-03  1.6866464197e+00 -1.4321830803e+00  3.3907720333e+00 -4.9024289981e-01 -1.1688678954e+00  1.7789430591e+00 -7.6766981346e-01 -1.9247731999e+00  3.4422418413e+00  3.3786227325e-01  1.1960082262e+00  1.8744605056e+00  7.8556888966e-01  1.9640639129e+00
ENERGY -3.765360056313e+02
GRADIENT  1.1562962070e-03  3.1340637990e-03  5.7731629640e-03 -1.0259156900e-03 -1.4047489550e-03 -4.6581807620e-03 -9.7828540700e-04 -7.7674754100e-04  6.3353456400e-04  4.7792277800e-04 -6.4846424000e-05  2.4958500000e-06 -2.4595716000e-04  1.7708271700e-04 -5.3699586000e-05 -7.4899486000e-04 -1.0579496860e-03  5.4813136200e-04 -2.2753060600e-04  3.4675176110e-03 -3.9544610500e-03  1.2456520150e-03 -3.7797475650e-03  2.8370310920e-03  3.4628044900e-04 -8.1649701600e-04 -9.7449889100e-04 -3.1572334000e-05  3.9564924800e-04  7.6132036000e-05 -1.5656541900e-04 -6.3582043000e-05  2.7549390000e-06  5.9234394000e-05 -5.9918004000e-05  5.7894369000e-05 -9.3091160000e-05 -4.2606263000e-05 -1.9746857000e-05  1.1204635000e-04 -5.4198133000e-05  2.7107009300e-04  1.9952969300e-04 -2.0248525000e-05 -5.1377077700e-04 -1.3240398300e-04  3.8168732900e-04 -8.2955524000e-05  1.3261954000e-04  2.6758697400e-04  1.5978879700e-04 -7.1902614000e-05  3.1737092300e-04 -1.2302610400e-04

JOB 6
COORDS  1.4868931650e-01  5.2090298930e-02  4.4694928510e-02 -5.6233944655e-01 -9.0585924689e-01  8.3612086147e-01 -1.9820933436e+00 -9.3065900313e-01  7.9432078441e-01 -2.6878421949e+00 -1.0027262278e-02 -3.2100723483e-02 -1.9765833235e+00  9.3186129624e-01 -8.3014384334e-01 -5.5658740649e-01  9.5594985507e-01 -8.1139523938e-01  1.6747578797e+00  1.3656769965e-02  2.1184235461e-02  2.3363742333e+00 -4.8210658065e-01 -1.0818888091e+00  2.3912747624e+00  3.8885407145e-01  1.1367560198e+00 -1.0272807393e-02 -1.6225080888e+00  1.4744106294e+00 -2.5350810705e+00 -1.6721263528e+00  1.4033846267e+00 -3.7953203842e+00 -2.9862206122e-02 -5.8141163634e-02 -2.5277647117e+00  1.6443740517e+00 -1.4742527799e+00 -1.7392020368e-03  1.6848753614e+00 -1.4332352243e+00  3.3881562062e+00 -4.8736530809e-01 -1.1653073985e+00  1.7773382183e+00 -7.6845263395e-01 -1.9269791330e+00  3.4431566533e+00  3.3528610993e-01  1.1945048484e+00  1.8768419569e+00  7.8594095659e-01  1.9649923239e+00
ENERGY -3.765360202233e+02
GRADIENT  1.4229111420e-03  2.8596158780e-03  5.7374246030e-03 -1.0426325390e-03 -1.5218340140e-03 -4.4019539350e-03 -8.0346675900e-04 -5.9756060800e-04  4.1551121600e-04  4.0782144100e-04 -3.3508290000e-05  3.2725341000e-05 -3.2947594800e-04  1.6082957100e-04 -1.0176729800e-04 -8.0142532800e-04 -9.8494214700e-04  5.7414796800e-04  6.6960775400e-04  3.6693425100e-03 -3.8953367100e-03  2.2362283800e-04 -4.1903028030e-03  1.6940992710e-03  2.4133647400e-04 -4.8829446500e-04 -3.2607483100e-04 -3.2142660000e-06  3.1811272400e-04  2.6285566000e-05 -1.4745272500e-04 -5.8008674000e-05 -1.8522937000e-05  4.7242020000e-05 -3.7577588000e-05  4.8731401000e-05 -1.0056220400e-04 -4.9408869000e-05 -1.7904232000e-05  1.0509376500e-04 -9.0170286000e-05  2.1337866000e-04  1.7732218900e-04  2.7641868200e-04  2.2334864100e-04 -1.0192678400e-04  2.8517806500e-04 -1.9207978500e-04  1.0515404800e-04  1.4082530800e-04  2.2288463000e-05 -5.3315504000e-05  3.4134226400e-04 -5.2634954000e-05

JOB 7
COORDS  1.4924389367e-01  5.3675925556e-02  4.6224499760e-02 -5.6169250604e-01 -9.0506651197e-01  8.3699143106e-01 -1.9812507913e+00 -9.3138557982e-01  7.9391252251e-01 -2.6860706340e+00 -1.0682742661e-02 -3.3202474022e-02 -1.9747600855e+00  9.3094635300e-01 -8.3147864891e-01 -5.5484977742e-01  9.5673800266e-01 -8.1217213859e-01  1.6748151436e+00  1.6975687251e-02  2.3128729586e-02  2.3307182422e+00 -4.7907535208e-01 -1.0833000501e+00  2.3931024281e+00  3.9145834162e-01  1.1383972614e+00 -9.4766897430e-03 -1.6226843780e+00  1.4741136892e+00 -2.5344813746e+00 -1.6734341211e+00  1.4020618033e+00 -3.7935172185e+00 -3.1011119278e-02 -6.0230396871e-02 -2.5261011609e+00  1.6424009492e+00 -1.4765945487e+00  2.6893598593e-04  1.6845611150e+00 -1.4351073536e+00  3.3818910621e+00 -4.9069905920e-01 -1.1720972790e+00  1.7666286224e+00 -7.6684800433e-01 -1.9244510908e+00  3.4446646158e+00  3.3147488479e-01  1.1956513369e+00  1.8803283536e+00  7.8679741492e-01  1.9684926088e+00
ENERGY -3.765360317831e+02
GRADIENT  1.5769274540e-03  2.4291565720e-03  5.6492014950e-03 -1.2035203260e-03 -1.5068328170e-03 -4.3150582760e-03 -8.3345197400e-04 -7.6552624900e-04  5.1767882700e-04  5.7796193000e-04  3.1167043000e-05  2.5730060000e-05 -2.6498725200e-04 -2.8815547000e-05  4.7554434000e-05 -5.9175484700e-04 -5.2762302000e-04  1.7882651000e-04  6.6795247200e-04  3.9730038040e-03 -3.9981698790e-03 -2.4213485500e-04 -4.1841619570e-03  1.3744929010e-03  2.7030230700e-04 -3.4476316000e-05  5.1782153300e-04 -2.7982714000e-05  2.0640615200e-04 -4.4616815000e-05 -1.5206793900e-04 -7.1015952000e-05 -6.1225720000e-06  5.3150804000e-05 -6.5664660000e-05  7.4389051000e-05 -4.9463261000e-05 -4.2352604000e-05 -1.2837887000e-05  1.1938934800e-04 -1.1420102700e-04  1.1521380100e-04  3.7059043000e-05  1.3419543500e-04  8.8209360000e-05 -8.0209950000e-06  2.4467545200e-04 -1.8560585900e-04  1.0043346000e-04 -1.4353857000e-05 -3.3726239000e-05 -1.4167022000e-05  3.3752075500e-04 -1.1547367000e-05

JOB 8
COORDS  1.4942231047e-01  5.1015177483e-02  4.5056052454e-02 -5.6037270577e-01 -9.0800007203e-01  8.3605742482e-01 -1.9799555372e+00 -9.3050241166e-01  7.9231104564e-01 -2.6867805347e+00 -9.0308156008e-03 -3.2514597810e-02 -1.9756292817e+00  9.3243413249e-01 -8.3103017301e-01 -5.5566614618e-01  9.5531414279e-01 -8.1147872197e-01  1.6748597475e+00  1.7711720783e-02  2.1583266356e-02  2.3305636468e+00 -4.7770712506e-01 -1.0849504898e+00  2.3927341457e+00  3.9724425012e-01  1.1353318398e+00 -8.7338803322e-03 -1.6280262662e+00  1.4710233406e+00 -2.5335692216e+00 -1.6723486542e+00  1.4002860077e+00 -3.7942989683e+00 -2.8849799280e-02 -5.7759934652e-02 -2.5263255801e+00  1.6452735968e+00 -1.4751948126e+00 -1.3325498518e-04  1.6823277735e+00 -1.4349336651e+00  3.3816333118e+00 -4.9194101531e-01 -1.1737131149e+00  1.7658026655e+00 -7.7356092253e-01 -1.9227637454e+00  3.4440764877e+00  3.3492367841e-01  1.1937950354e+00  1.8787602581e+00  7.8714024560e-01  1.9671891693e+00
ENERGY -3.765360444046e+02
GRADIENT  1.6351004180e-03  2.0609857060e-03  5.6478267310e-03 -8.3416611800e-04 -1.9205431230e-03 -3.7638222210e-03 -2.3708150500e-04 -1.3049068400e-04 -9.9238080000e-06  9.2648739000e-05  2.3194696000e-05  1.4470896000e-05 -3.7631927900e-04  2.2406080400e-04 -2.0770892400e-04 -8.1731556400e-04 -7.4649399400e-04  4.6250438200e-04  6.8361086100e-04  4.0146617460e-03 -3.9844392720e-03 -3.4827357100e-04 -3.9602746070e-03  1.3815910120e-03  2.2638815500e-04  2.0982579300e-04  5.9211766100e-04  6.9790517000e-05  1.1734692200e-04 -8.7658580000e-05 -8.6510990000e-05 -1.2481041000e-05 -3.0655353000e-05  1.2698852000e-05 -1.0262820000e-06  1.1281445000e-05 -1.0959320100e-04 -3.2037831000e-05  1.3880550000e-06  5.9801593000e-05 -1.7349546500e-04  7.9843653000e-05 -1.0162705000e-05  6.6127495000e-05  7.8364598000e-05 -2.1389480000e-06  1.5191992800e-04 -1.2472206600e-04  8.3876340000e-05 -1.1339088900e-04 -6.5946580000e-05 -2.5882881000e-05  2.2231046600e-04 -1.4435611000e-05

JOB 9
COORDS  1.4663035804e-01  4.5456100604e-02  3.6644146444e-02 -5.5927081018e-01 -9.1388957342e-01  8.3012731318e-01 -1.9789753480e+00 -9.3236857827e-01  7.9321381151e-01 -2.6852917953e+00 -5.9664040303e-03 -2.6895701083e-02 -1.9751194311e+00  9.3574587827e-01 -8.2635978899e-01 -5.5518844311e-01  9.5716597466e-01 -8.1448471584e-01  1.6718665469e+00  1.6622477612e-02  1.3789753110e-02  2.3337039227e+00 -4.7858751628e-01 -1.0884541134e+00  2.3854811678e+00  4.0921810590e-01  1.1249619788e+00 -6.0196012619e-03 -1.6374767516e+00  1.4596553878e+00 -2.5324121534e+00 -1.6733576975e+00  1.4023721454e+00 -3.7929749279e+00 -2.2006997345e-02 -4.7343795731e-02 -2.5273666653e+00  1.6520682347e+00 -1.4652992336e+00  8.1903199661e-05  1.6842994518e+00 -1.4381101802e+00  3.3855300351e+00 -4.9395021039e-01 -1.1664928116e+00  1.7748606830e+00 -7.9422084608e-01 -1.9229065284e+00  3.4363268996e+00  3.4546352725e-01  1.1891216007e+00  1.8660721064e+00  7.8723008046e-01  1.9587724580e+00
ENERGY -3.765360556333e+02
GRADIENT  2.3346176700e-04  1.5870911200e-03  5.5984323850e-03 -4.1858831700e-04 -2.0227364090e-03 -3.2736990090e-03 -1.6717426200e-04 -3.8342549600e-04  2.4780160900e-04  1.3958767600e-04  9.1064707000e-05 -5.6127721000e-05  9.0322310000e-05 -1.9111625600e-04  1.1056400100e-04  1.0153292000e-04  3.6063444000e-04 -2.5355069100e-04  6.2976654900e-04  4.1450914000e-03 -3.9324629890e-03 -4.8888151600e-04 -3.6034975150e-03  1.2428192670e-03 -3.7029517000e-05  3.9716058100e-04 -1.8028500000e-06 -1.0507200000e-05 -4.0363267000e-05 -8.4531939000e-05 -3.1670283000e-05 -1.3895163000e-05  2.2507382000e-05  1.1466904000e-05 -4.8347381000e-05  4.9025516000e-05  3.4099201000e-05  1.5386081000e-05  9.5073510000e-06  5.2016716000e-05 -7.2891376000e-05 -5.8860446000e-05  2.3914729000e-05  1.4741209500e-04  4.9856937600e-04 -6.4741227000e-05 -7.3069265000e-05 -1.5333016000e-05 -5.3944370000e-06 -2.2724379400e-04 -9.1352543000e-05 -6.9536852000e-05 -7.1218541000e-05 -3.2500092000e-05

JOB 10
COORDS  1.4687263982e-01  4.6396479281e-02  3.7491526039e-02 -5.5899657511e-01 -9.1312743819e-01  8.3099507977e-01 -1.9787377100e+00 -9.3173385708e-01  7.9259399641e-01 -2.6856864265e+00 -6.6948941832e-03 -2.8373927606e-02 -1.9758822880e+00  9.3563943142e-01 -8.2736116773e-01 -5.5594874740e-01  9.5704226831e-01 -8.1368917373e-01  1.6722310586e+00  1.6225565342e-02  1.5409783559e-02  2.3337802248e+00 -4.7966776446e-01 -1.0871572052e+00  2.3862109726e+00  4.0622750742e-01  1.1274314603e+00 -6.1226200020e-03 -1.6350415197e+00  1.4627553559e+00 -2.5321645666e+00 -1.6727325796e+00  1.4017366764e+00 -3.7933355786e+00 -2.3764622085e-02 -4.9635280627e-02 -2.5279667141e+00  1.6515483642e+00 -1.4669141619e+00 -8.6973035286e-04  1.6855902099e+00 -1.4358352204e+00  3.3852237006e+00 -4.9610478583e-01 -1.1704713011e+00  1.7728366724e+00 -7.9059263945e-01 -1.9219562922e+00  3.4372658719e+00  3.4626613623e-01  1.1917744542e+00  1.8670080523e+00  7.8683731065e-01  1.9602434138e+00
ENERGY -3.765360623123e+02
GRADIENT  3.3087840600e-04  1.9151103590e-03  5.3366298380e-03 -2.3940942800e-04 -2.2592942450e-03 -3.2298237580e-03 -1.3288116100e-04 -1.1444820700e-04  6.4721954000e-05  1.2598064500e-04  6.2636280000e-06  7.3126030000e-06 -4.9503779000e-05  5.6206925000e-05 -6.1397711000e-05 -1.6287576900e-04 -1.0705010800e-04  4.0467772000e-05 -7.1074820000e-06  4.0446245900e-03 -3.7278769280e-03 -9.0437440000e-06 -3.5949319400e-03  1.5452946010e-03  1.9189609800e-04  1.7616909400e-04 -1.5530456400e-04  2.9742480000e-06  2.8839635000e-05 -9.8784530000e-06 -1.7575815000e-05 -8.6583530000e-06  2.4183600000e-06  1.2388029000e-05 -1.0999036000e-05  1.1886397000e-05 -1.7506495000e-05  1.7239600000e-07 -2.7321440000e-06  2.1219402000e-05 -2.9666303000e-05  1.9742908000e-05  1.1823926000e-05 -1.5539124000e-05  3.6121674000e-05 -1.0793568000e-05 -6.3469220000e-06  2.5385550000e-06 -3.3504490000e-06 -5.3591464000e-05  1.0287059400e-04 -2.5533931000e-05 -3.0272740000e-05 -4.0785790000e-06

JOB 11
COORDS  1.4661184625e-01  4.6694946777e-02  3.7194209464e-02 -5.5915430880e-01 -9.1276775693e-01  8.3097340676e-01 -1.9789004029e+00 -9.3132411809e-01  7.9252869583e-01 -2.6865612334e+00 -6.8498998716e-03 -2.8452105306e-02 -1.9762391215e+00  9.3531400206e-01 -8.2718117886e-01 -5.5627721629e-01  9.5723333524e-01 -8.1388300172e-01  1.6719397951e+00  1.6218620381e-02  1.5848007333e-02  2.3342563554e+00 -4.8013746827e-01 -1.0860836042e+00  2.3852639449e+00  4.0506899109e-01  1.1286163689e+00 -6.2926181627e-03 -1.6342501696e+00  1.4632350401e+00 -2.5320787948e+00 -1.6723027499e+00  1.4019078626e+00 -3.7942179496e+00 -2.4000493477e-02 -4.9791779349e-02 -2.5283331817e+00  1.6511821181e+00 -1.4667517428e+00 -1.5470581874e-03  1.6862971593e+00 -1.4357506408e+00  3.3856779118e+00 -4.9668266017e-01 -1.1697824703e+00  1.7735129461e+00 -7.8960825469e-01 -1.9215614386e+00  3.4365102116e+00  3.4599118662e-01  1.1907600682e+00  1.8669094063e+00  7.8710194037e-01  1.9613257055e+00
ENERGY -3.765360628953e+02
GRADIENT  2.7676511000e-04  2.0159913980e-03  5.2599743820e-03 -1.7075623400e-04 -2.3665874980e-03 -3.1669257170e-03 -1.5304206000e-05  4.2431092000e-05 -4.1045521000e-05 -1.9055493100e-04 -2.0669344000e-05  9.0507820000e-06  9.1231369000e-05 -9.4216740000e-05  9.4716654000e-05 -8.5413288000e-05 -6.5530851000e-05 -2.1835955000e-05  5.8943326000e-05  4.0286237810e-03 -3.7760668720e-03  1.0170576700e-04 -3.5998660710e-03  1.6815974690e-03 -4.3770109000e-05  1.7111207100e-04 -2.2214330000e-06  7.7897340000e-06  3.9878364000e-05  1.2283072000e-05 -1.8029084000e-05  6.7114430000e-06 -1.4022450000e-05 -1.2555848000e-05 -7.7397640000e-06  6.5587870000e-06 -1.4778241000e-05 -2.1251325000e-05  1.1473100000e-05  3.1500417000e-05 -4.0289850000e-06  3.2623002000e-05  8.8801750000e-06 -4.7585182000e-05 -5.8911004000e-05 -4.9885350000e-06  1.2843929000e-05  2.9091700000e-06  1.2876854000e-05 -8.7608155000e-05 -8.3454504000e-05 -1.2120096000e-05 -5.9257220000e-06  3.2151419000e-05

