JOB 0
COORDS  1.5298910000e-01  3.4258000000e-03 -1.0934100000e-02 -5.7184560000e-01 -7.3353360000e-01 -1.0097175000e+00 -1.9891598000e+00 -7.3402350000e-01 -9.8964080000e-01 -2.6922260000e+00  6.6590000000e-04  1.0770500000e-02 -1.9765297000e+00  7.3614640000e-01  1.0016283000e+00 -5.5911280000e-01  7.3608470000e-01  1.0001189000e+00  1.6599718000e+00 -2.5734000000e-03 -1.6780800000e-02  2.3707013000e+00  1.2818350000e-01  1.1616706000e+00  2.3586906000e+00 -1.4805410000e-01 -1.2007645000e+00 -3.3743600000e-02 -1.3332438000e+00 -1.7693838000e+00 -2.5485445000e+00 -1.3129715000e+00 -1.7501521000e+00 -3.8007798000e+00 -3.2240000000e-04  1.8617900000e-02 -2.5254733000e+00  1.3134338000e+00  1.7709751000e+00 -1.0655400000e-02  1.3357034000e+00  1.7524364000e+00  3.4220832000e+00  1.6874480000e-01  1.1842718000e+00  1.8620079000e+00  1.3392310000e-01  2.0806735000e+00  3.4091602000e+00 -2.0183900000e-01 -1.2353557000e+00  1.8413633000e+00 -1.4432190000e-01 -2.1149466000e+00
ENERGY -3.765421565097e+02
GRADIENT  7.5552063000e-05  3.4934667300e-04 -4.3567373200e-04 -2.2647057000e-05 -4.1751615100e-04  9.5801537000e-05  2.5585448000e-05  6.0527357000e-05  5.6439907000e-05  2.6617683000e-04 -2.6061040000e-05 -3.5051573000e-05 -1.6026161000e-04  2.0558334900e-04  2.8544866100e-04 -2.6424229200e-04 -2.2858489800e-04 -1.4149096800e-04  8.1034274000e-05  4.6503191500e-04  8.8269062000e-05 -8.4736080000e-06 -4.3279117100e-04  1.6169359600e-04  8.9580918000e-05  5.5445113000e-05  1.8589741000e-04 -2.0847878000e-05 -1.1216839000e-05 -1.9172033000e-05  2.2226054000e-05 -2.3217970000e-06 -1.0943370000e-05  1.9283463000e-05  1.5667040000e-05  2.7754326000e-05 -2.0578949000e-05  1.0320835000e-05  2.1311002000e-05 -8.1501361000e-05  3.6207200000e-05 -1.2720601000e-05  3.3518300000e-06 -1.8143088000e-05 -2.5709363400e-04  2.9451130000e-06 -1.0374210000e-06 -1.2147713000e-05 -1.5387450000e-06 -3.3024985000e-05 -2.7127169000e-05  9.0416550000e-06 -2.6418295000e-05  2.8980178000e-05

JOB 1
COORDS  1.5377724073e-01  2.9943182382e-02 -2.4759880987e-02 -5.7051314688e-01 -7.4577612639e-01 -9.9404589398e-01 -1.9877281221e+00 -7.6027764740e-01 -9.6757015378e-01 -2.6923969744e+00 -5.6567881732e-03  1.6693002540e-02 -1.9749551396e+00  7.5851256550e-01  9.8446098227e-01 -5.5753408963e-01  7.7386552887e-01  9.7821439794e-01  1.6604561773e+00  1.8609648090e-02 -2.5845391076e-02  2.3615842763e+00  7.3792249451e-02  1.1644353256e+00  2.3642294185e+00 -9.9921051601e-02 -1.2099822228e+00 -3.0370652938e-02 -1.3635225755e+00 -1.7376209032e+00 -2.5450706767e+00 -1.3660332289e+00 -1.7084521849e+00 -3.8008536694e+00 -1.6217540906e-02  3.1917988269e-02 -2.5251107622e+00  1.3472969742e+00  1.7440966163e+00 -1.0712593242e-02  1.3924340944e+00  1.7163163635e+00  3.4130109576e+00  9.3453780178e-02  1.2054878109e+00  1.8408843815e+00  4.1193329836e-02  2.0761428437e+00  3.4137732353e+00 -1.7190398680e-01 -1.2391658456e+00  1.8536292729e+00 -5.4557339390e-02 -2.1268690712e+00
ENERGY -3.765418976666e+02
GRADIENT  9.7248464700e-04  1.1525303160e-03 -1.8195863210e-03 -6.5528442900e-04 -9.0777572200e-04  1.4300612510e-03  2.4687647200e-04 -2.3046270200e-04 -4.3527450000e-04 -6.4769928400e-04  6.8886938000e-05  1.0108146900e-04  6.8085302500e-04 -5.1172813100e-04 -6.4928804300e-04  1.8480492500e-04 -1.6729331000e-05  9.0471041500e-04 -9.0079163300e-04  3.6437222080e-03  2.5020488300e-04  2.4286692800e-04 -1.4855155460e-03  5.8727409000e-05  3.4138786400e-04 -5.3523811000e-04 -4.1973957900e-04 -3.4081570200e-04 -3.0827056000e-04  1.2996063200e-04 -8.8955729000e-05  8.4791278000e-05 -2.0416049000e-05 -7.4450383000e-05 -6.9772291000e-05 -5.1211262000e-05  5.5558826000e-05 -2.5193874000e-05 -6.0639795000e-05 -1.9895201200e-04  1.4941952000e-05  1.3510975300e-04 -2.0169108100e-04 -1.9497415300e-04  2.9989947400e-04  3.1468384500e-04 -3.7408616500e-04 -1.2464577500e-04 -1.7135787600e-04 -6.2273611000e-05  1.1035835900e-04  2.5846805800e-04 -2.4225136300e-04  1.6219654100e-04

JOB 2
COORDS  1.5072096862e-01  3.5069077209e-02 -3.4119981672e-02 -5.6459766108e-01 -7.6541048350e-01 -9.8835359782e-01 -1.9817548658e+00 -7.8013415231e-01 -9.4878774421e-01 -2.6843362852e+00 -6.8528213154e-03  2.2802081334e-02 -1.9762438331e+00  7.8309734013e-01  9.7645569733e-01 -5.5884291984e-01  7.9567410368e-01  9.5693773565e-01  1.6574636203e+00  1.8282143655e-02 -2.7140689058e-02  2.3505213274e+00  2.8123501176e-02  1.1687281611e+00  2.3640860767e+00 -6.2646061487e-02 -1.2122008233e+00 -2.1611651929e-02 -1.3925077642e+00 -1.7221854181e+00 -2.5423191023e+00 -1.4029163548e+00 -1.6728996602e+00 -3.7925716867e+00 -2.3033926889e-02  3.9754728931e-02 -2.5261480997e+00  1.3847118631e+00  1.7263500268e+00 -5.6978045612e-03  1.4270673158e+00  1.6793321907e+00  3.4020981790e+00  4.4334538714e-02  1.2148414364e+00  1.8228310847e+00 -2.3618762349e-02  2.0759791368e+00  3.4135595035e+00 -1.3766561690e-01 -1.2455422135e+00  1.8537978981e+00  2.3447139624e-02 -2.1268438284e+00
ENERGY -3.765416254617e+02
GRADIENT -6.2264902000e-05  1.5785255240e-03 -2.4117167330e-03  1.0671030770e-03 -2.6308173450e-03 -3.3997111000e-05  4.0258384800e-04  3.6345741200e-04  5.0569538900e-04  1.7594936230e-03 -1.0239970000e-05 -1.2569471100e-04 -1.3937866230e-03  1.6403143860e-03  2.1893326280e-03 -6.7875560100e-04 -1.2735726360e-03 -9.0696991700e-04 -1.2221171420e-03  3.0036601820e-03  9.2023743000e-05 -1.4520376400e-04 -1.7293707650e-03  4.9728070800e-04  3.4222131900e-04 -3.9595542400e-04  1.5233936900e-04 -4.0320595000e-05 -3.0731635600e-04 -6.3798428000e-05  2.5036997700e-04 -2.3348072000e-05 -8.4385420000e-05  1.2570689900e-04  1.7273811200e-04  1.9113722600e-04 -9.2804202000e-05  1.0672203300e-04  1.8670452300e-04 -4.3901837100e-04  7.4212355000e-05  6.1741829000e-05 -7.2109424000e-05 -2.2606296000e-04 -1.1227588800e-04  1.8338741400e-04 -2.8294865000e-04  4.9334116000e-05 -8.7670353000e-05 -3.7706045000e-05 -1.7786125200e-04  1.2062156100e-04 -2.2410285000e-05  2.1414050000e-06

JOB 3
COORDS  1.5189238179e-01  5.1589305830e-02 -3.9836757614e-02 -5.6607089836e-01 -7.8033917614e-01 -9.6389329562e-01 -1.9836169244e+00 -8.0933536839e-01 -9.2534073854e-01 -2.6891251698e+00 -1.2816156814e-02  2.4327050215e-02 -1.9742647193e+00  8.0546047402e-01  9.4885009054e-01 -5.5649397411e-01  8.3239822950e-01  9.3456493598e-01  1.6596356659e+00  2.4178469216e-02 -2.7116226163e-02  2.3479798148e+00 -3.7813341463e-02  1.1692685712e+00  2.3658284444e+00 -1.0227628144e-02 -1.2139839589e+00 -1.7657582591e-02 -1.4203786818e+00 -1.6822229042e+00 -2.5394643773e+00 -1.4585698995e+00 -1.6296513777e+00 -3.7971926319e+00 -3.3709982351e-02  4.7366208032e-02 -2.5263132779e+00  1.4237456493e+00  1.6832573176e+00 -4.5756250165e-03  1.4844771303e+00  1.6395510075e+00  3.3998037502e+00 -3.1849936676e-02  1.2195489420e+00  1.8142374012e+00 -1.1729182675e-01  2.0713896429e+00  3.4146879322e+00 -9.5034957433e-02 -1.2523109057e+00  1.8556426872e+00  1.3041628923e-01 -2.1223877188e+00
ENERGY -3.765411135214e+02
GRADIENT  1.0334184390e-03  2.1369133670e-03 -4.0139470660e-03 -4.2264290200e-04 -1.6853549410e-03  2.4588688340e-03 -2.6503882000e-05 -3.9380190300e-04 -2.3861451400e-04 -6.8322484400e-04  1.1447925400e-04  2.5807335000e-05  5.1761420400e-04 -6.4882717000e-04 -6.0452602100e-04  3.9839017100e-04  3.7842129000e-05  7.7055849100e-04 -1.1295383780e-03  3.7785551200e-03  1.2676761000e-03  1.8678825600e-04 -2.3954704900e-03  4.3874740200e-04  1.3631018700e-04 -5.1508209400e-04  4.4404741300e-04 -4.0954086000e-05 -6.3895738000e-05  9.1476225000e-05 -1.0255589700e-04  3.3649880000e-06  3.8071483000e-05 -6.1547039000e-05 -4.3716666000e-05 -9.6377066000e-05  5.0546494000e-05 -8.8879272000e-05 -1.6333473000e-05  1.2893213600e-04  1.5779018700e-04 -7.2983605000e-05  1.7210162000e-05 -2.5586567400e-04 -3.2957119100e-04  5.9426387000e-05 -3.0502416100e-04  4.6279478000e-05 -6.2604546000e-05 -4.7237249000e-05 -1.3344654900e-04  2.3969801000e-05  2.1127389900e-04 -5.3154925000e-05

JOB 4
COORDS  1.5189687367e-01  4.4281118772e-02 -3.8541092078e-02 -5.6616442316e-01 -7.8732479912e-01 -9.6257234720e-01 -1.9837822845e+00 -8.1078710349e-01 -9.2240267852e-01 -2.6873841272e+00 -1.1004113488e-02  2.5864808004e-02 -1.9728345756e+00  8.0920337399e-01  9.4870339076e-01 -5.5503371872e-01  8.3001460493e-01  9.3291186126e-01  1.6611212360e+00  1.9479822706e-02 -3.0529491202e-02  2.3450911435e+00 -4.3919262108e-02  1.1677800115e+00  2.3664771767e+00 -4.5352696906e-03 -1.2182581839e+00 -1.9059410582e-02 -1.4271748352e+00 -1.6820582885e+00 -2.5418228859e+00 -1.4589932716e+00 -1.6259005427e+00 -3.7954586244e+00 -2.9734864425e-02  4.8384263056e-02 -2.5233922018e+00  1.4315658537e+00  1.6808367795e+00 -5.6973483448e-04  1.4812482186e+00  1.6365260597e+00  3.3960953577e+00 -2.9123633928e-02  1.2320760449e+00  1.8034082741e+00 -1.2085657408e-01  2.0653647887e+00  3.4160669569e+00 -8.2006419395e-02 -1.2546203411e+00  1.8554590543e+00  1.3502559415e-01 -2.1263138004e+00
ENERGY -3.765411374384e+02
GRADIENT  4.1431291600e-04  2.1190053560e-03 -2.9972339850e-03 -6.3135105000e-05 -2.3137948260e-03  1.9817695350e-03  7.2362695000e-05  4.7904834000e-05  6.2591358000e-05 -1.5566000300e-04 -1.7189210000e-05  1.4867127000e-05  7.1693158000e-05  1.5008245000e-05 -4.6914104000e-05 -1.0797465300e-04 -1.6911716000e-04  2.5663466800e-04 -2.7466461100e-04  3.1177069200e-03  1.1139260720e-03 -2.2659290000e-06 -2.3195941940e-03 -2.8865783500e-04 -6.8015410000e-05 -2.8017027100e-04 -5.3515140600e-04  3.6081849000e-05  2.0697379000e-05  7.9514830000e-06 -3.6764100000e-06  1.0636841000e-05  6.2594560000e-06 -1.3980463000e-05 -6.0765690000e-06 -3.6330260000e-06 -1.6995917000e-05 -2.6868156000e-05  4.0437580000e-06  6.2389821000e-05  2.1108141000e-05 -7.4320212000e-05 -6.6328371000e-05 -2.3983706200e-04  4.4620923200e-04  5.8746269000e-05 -1.8736342500e-04 -3.4863594000e-05  1.2402313000e-05  6.9404190000e-06  1.4597705500e-04  6.6278215000e-05  1.9838867700e-04 -3.4397771000e-05

JOB 5
COORDS  1.5016495207e-01  3.8751617982e-02 -3.3670054953e-02 -5.6596049289e-01 -7.9150681495e-01 -9.6024577693e-01 -1.9837018077e+00 -8.1139645418e-01 -9.2371833617e-01 -2.6868999898e+00 -8.8715609979e-03  2.2463350976e-02 -1.9747541266e+00  8.1172943161e-01  9.4669215822e-01 -5.5691767162e-01  8.2848891884e-01  9.3426764154e-01  1.6605226581e+00  1.6410724620e-02 -2.6631179145e-02  2.3498188377e+00 -4.9528245770e-02  1.1679964021e+00  2.3622099013e+00 -5.2828706388e-04 -1.2162727335e+00 -1.8069922514e-02 -1.4314188136e+00 -1.6790711840e+00 -2.5417121953e+00 -1.4583350820e+00 -1.6284122270e+00 -3.7950320878e+00 -2.5115870797e-02  4.1859957637e-02 -2.5261662174e+00  1.4368544095e+00  1.6758527494e+00 -2.7038171519e-03  1.4787145828e+00  1.6389507216e+00  3.4012920135e+00 -2.5369489992e-02  1.2220435710e+00  1.8143279099e+00 -1.2409780912e-01  2.0695487195e+00  3.4119458213e+00 -7.3031014622e-02 -1.2590547788e+00  1.8455424922e+00  1.3428699049e-01 -2.1217817200e+00
ENERGY -3.765411487557e+02
GRADIENT -4.2437575700e-04  1.9140164160e-03 -2.9196741570e-03  8.3437887000e-05 -2.4457056280e-03  1.8146396600e-03 -1.0912247600e-04  2.0001401000e-05 -4.5241499000e-05  5.2927431700e-04 -7.0590808000e-05 -1.0864254000e-05 -1.8583775900e-04  3.3472874700e-04  2.9535352300e-04 -2.1534789800e-04 -9.2893078000e-05 -1.1926067000e-05  4.0117162000e-04  3.0674949240e-03  1.2228394650e-03 -1.3396966100e-04 -2.5474106920e-03 -1.3759788600e-04 -2.8388694000e-05 -2.4227974200e-04  5.6579845000e-05  3.0387129000e-05  7.2410863000e-05 -6.4443369000e-05  4.2972472000e-05 -1.5858762000e-05 -3.3461905000e-05  4.4469001000e-05  9.9190390000e-06  2.6786738000e-05 -1.2266740000e-05  3.4761025000e-05  2.8810734000e-05 -3.7703340000e-05  1.1420735000e-05 -3.6501643000e-05  2.9891222000e-05 -1.1923960800e-04 -1.3344843300e-04 -4.4998148000e-05 -1.4763659000e-04 -1.8237444000e-05  3.8477268000e-05  9.4067896000e-05 -5.0259121000e-05  1.7555599000e-05  1.1934986200e-04  3.8583350000e-05

JOB 6
COORDS  1.5055285170e-01  3.7332091637e-02 -3.3235083386e-02 -5.6629283275e-01 -7.9152695178e-01 -9.6029534821e-01 -1.9841251613e+00 -8.0994992079e-01 -9.2361145478e-01 -2.6891013095e+00 -7.7948828047e-03  2.1588857630e-02 -1.9748999365e+00  8.1080449747e-01  9.4593867445e-01 -5.5691001974e-01  8.2697205163e-01  9.3423526747e-01  1.6607757197e+00  1.6405374700e-02 -2.6853657128e-02  2.3505139274e+00 -5.0852208509e-02  1.1675283059e+00  2.3617103758e+00  6.4205625574e-04 -1.2168635160e+00 -1.9258747367e-02 -1.4325171463e+00 -1.6788233760e+00 -2.5419307649e+00 -1.4565459621e+00 -1.6287473175e+00 -3.7972855658e+00 -2.3117743703e-02  4.0409520523e-02 -2.5255721204e+00  1.4361085362e+00  1.6754681452e+00 -3.0401201159e-03  1.4761168378e+00  1.6402173604e+00  3.4018837288e+00 -2.2218573717e-02  1.2213268112e+00  1.8154403357e+00 -1.2175407869e-01  2.0696273807e+00  3.4113494691e+00 -7.2258863535e-02 -1.2605769696e+00  1.8438046910e+00  1.3102453912e-01 -2.1223324244e+00
ENERGY -3.765411528099e+02
GRADIENT -2.8658527300e-04  1.7628899440e-03 -2.8236410760e-03  2.1450075600e-04 -2.4017207900e-03  1.6962665180e-03  2.4517073100e-04  3.5828979500e-04  3.5980497100e-04 -3.7858089700e-04 -5.2531963000e-05 -2.4763462000e-05  7.5123200000e-05 -2.4849980000e-06 -2.7217703000e-05 -5.2367754000e-05 -3.9591555000e-05 -1.2461527100e-04  3.7998101800e-04  3.2643071920e-03  1.1028665930e-03 -1.7223604200e-04 -2.6993202820e-03 -4.7342426000e-05 -4.1560401000e-05 -2.0797231500e-04  8.5839777000e-05  5.8798278000e-05  3.7576576000e-05 -3.4777538000e-05  2.6223708000e-05  2.3004562000e-05  2.8334176000e-05 -2.5064379000e-05  1.8726354000e-05  3.3561149000e-05 -2.9293690000e-05 -7.7607290000e-06 -2.2757865000e-05 -1.3127120000e-06 -1.8859949000e-05  5.0056400000e-07  1.6671987000e-05 -8.4034302000e-05 -1.4408594800e-04 -2.1973353000e-05 -1.1647185400e-04  3.2624830000e-06  1.3521447000e-05  9.6886992000e-05 -5.2291247000e-05  5.0789700000e-06  6.5552930000e-05  1.2980665000e-05

JOB 7
COORDS  1.5046177878e-01  3.6547920142e-02 -3.2888519773e-02 -5.6840729572e-01 -7.8984483844e-01 -9.6053858038e-01 -1.9862847407e+00 -8.0951402422e-01 -9.2641994544e-01 -2.6889011959e+00 -6.7208432275e-03  2.0027644947e-02 -1.9740086708e+00  8.0935253798e-01  9.4612562173e-01 -5.5586672204e-01  8.2566657404e-01  9.3549071787e-01  1.6601993396e+00  1.6952088808e-02 -2.8242027412e-02  2.3503568588e+00 -5.2806691206e-02  1.1660088026e+00  2.3599599119e+00  2.0530722885e-03 -1.2188770074e+00 -2.1831600163e-02 -1.4321139678e+00 -1.6782314482e+00 -2.5442132647e+00 -1.4553964973e+00 -1.6321711228e+00 -3.7970928217e+00 -2.0402610339e-02  3.8979503337e-02 -2.5245016664e+00  1.4337579823e+00  1.6765395879e+00 -2.1848970890e-03  1.4729252578e+00  1.6434147124e+00  3.4013546067e+00 -1.7062178500e-02  1.2225300758e+00  1.8144820911e+00 -1.1543079654e-01  2.0682231438e+00  3.4092971371e+00 -7.4205642332e-02 -1.2628422592e+00  1.8407972717e+00  1.2498679344e-01 -2.1246994642e+00
ENERGY -3.765411544896e+02
GRADIENT  1.5273869400e-04  1.5142850590e-03 -2.7296631000e-03 -1.5856864400e-04 -1.5897656090e-03  2.3152198530e-03 -2.8405254800e-04 -3.6365829600e-04 -3.7163631200e-04  1.0976348000e-04  6.5967100000e-05 -2.1691040000e-05 -5.6849000000e-07 -1.8309029100e-04 -1.0521391700e-04  3.6923141500e-04  1.2623539000e-04 -1.4784600100e-04  1.2595902200e-04  3.6479539250e-03  1.0502497480e-03 -7.5817008000e-05 -2.9470326650e-03 -1.1555076000e-04 -1.4621906000e-04 -1.1182317600e-04 -5.4981645000e-05 -8.1275710000e-05 -3.3258305000e-05  5.6679249000e-05 -4.9077485000e-05 -2.9400878000e-05 -9.4518400000e-07  1.3766777000e-05 -2.4975663000e-05 -3.7720873000e-05  3.5024774000e-05  9.7086900000e-07 -6.7321520000e-06  3.2220912000e-05 -4.5868927000e-05  7.3864748000e-05 -2.5274678000e-05 -5.2559104000e-05  1.0710078900e-04  3.9767826000e-05 -3.2090136000e-05  9.5032000000e-06 -2.1686610000e-05  6.5866444000e-05  4.7643066000e-05 -9.4770540000e-06 -1.1267383000e-05 -4.5856162000e-05

JOB 8
COORDS  1.4978499855e-01  3.6998599090e-02 -3.3756410932e-02 -5.6811822014e-01 -7.9006356622e-01 -9.6172327794e-01 -1.9859086058e+00 -8.0900357128e-01 -9.2586148876e-01 -2.6892231180e+00 -7.0679201186e-03  2.0809892505e-02 -1.9746172899e+00  8.0962532461e-01  9.4652326890e-01 -5.5657983567e-01  8.2593465294e-01  9.3515316013e-01  1.6596869033e+00  1.6443796267e-02 -2.8279616105e-02  2.3501162802e+00 -5.2896284824e-02  1.1657426607e+00  2.3600977832e+00  1.5520880701e-03 -1.2185896000e+00 -2.1507770866e-02 -1.4316572521e+00 -1.6800380988e+00 -2.5440913452e+00 -1.4546581274e+00 -1.6315902980e+00 -3.7974121855e+00 -2.1505810997e-02  3.9886696967e-02 -2.5250816464e+00  1.4339395675e+00  1.6770471733e+00 -2.6330502777e-03  1.4738414457e+00  1.6422380280e+00  3.4011734244e+00 -1.7114771881e-02  1.2214862295e+00  1.8145136809e+00 -1.1525056582e-01  2.0681391986e+00  3.4093738493e+00 -7.6050119855e-02 -1.2624035994e+00  1.8414214466e+00  1.2600608530e-01 -2.1244345956e+00
ENERGY -3.765411573027e+02
GRADIENT -1.2934340800e-04  1.6058743180e-03 -2.8629477880e-03  1.0808388000e-05 -2.0441225700e-03  1.8732867250e-03  2.3831320000e-06 -2.5266628000e-05 -8.7736040000e-06 -5.5586986000e-05  2.5074455000e-05  5.0561520000e-06  2.5147678000e-05 -1.1436840100e-04 -8.9105781000e-05  1.8211548900e-04  1.5970521000e-04  3.9641047000e-05  7.7881466000e-05  3.4356684170e-03  1.1696145860e-03 -1.8748442000e-05 -2.9073913540e-03 -1.9993601300e-04 -8.2453395000e-05 -8.7452301000e-05 -4.9016600000e-07 -1.6675274000e-05 -2.8691559000e-05  1.0938732000e-05 -4.3766800000e-07 -3.4137490000e-06  6.0874650000e-06 -3.3287240000e-06 -2.8227240000e-06 -8.9274070000e-06  1.7447285000e-05 -6.4138800000e-07 -8.0680640000e-06  2.9828170000e-06 -1.8496942000e-05  3.7169105000e-05  2.1732090000e-06 -3.6390021000e-05  5.5175621000e-05  7.2367800000e-06 -2.4377524000e-05 -8.9780250000e-06  1.1210870000e-05  4.5852443000e-05  1.5807378000e-05 -6.4789070000e-06  1.7623386000e-05 -2.8851690000e-06

