JOB 0
COORDS  1.5268750000e-01  4.9048300000e-02 -3.9448100000e-02 -5.4743620000e-01 -9.4221450000e-01 -7.9828860000e-01 -1.9670737000e+00 -9.6338770000e-01 -7.5888120000e-01 -2.6784705000e+00 -1.1461900000e-02  2.6991900000e-02 -1.9737092000e+00  9.6333400000e-01  7.9068630000e-01 -5.5379980000e-01  9.8905860000e-01  7.7572920000e-01  1.6782908000e+00  2.7066400000e-02 -1.8147800000e-02  2.3450522000e+00 -4.2596600000e-01  1.0995448000e+00  2.3877390000e+00  3.8267220000e-01 -1.1443907000e+00  8.6190000000e-03 -1.6844755000e+00 -1.4031112000e+00 -2.5177271000e+00 -1.7282393000e+00 -1.3404062000e+00 -3.7860569000e+00 -3.2315700000e-02  4.8158500000e-02 -2.5288640000e+00  1.7005869000e+00  1.4027566000e+00 -1.7236000000e-03  1.7431639000e+00  1.3694228000e+00  3.3968921000e+00 -4.3178090000e-01  1.1793288000e+00  1.7885775000e+00 -7.0955240000e-01  1.9469832000e+00  3.4394474000e+00  3.3318290000e-01 -1.2069659000e+00  1.8649689000e+00  7.3579950000e-01 -1.9869993000e+00
ENERGY -3.765360604091e+02
GRADIENT -9.0946130000e-05  1.8482506960e-03 -5.1029044530e-03  1.6713480400e-04 -2.5747118950e-03  2.8428823340e-03  1.0927306400e-04  1.7410278300e-04  1.3641091400e-04  1.5327206400e-04 -2.5247603000e-05 -2.3126478000e-05 -2.2751265300e-04  3.4011366300e-04  3.0878963300e-04 -1.4969826200e-04 -2.3641012400e-04 -2.4895017000e-04  6.7164077000e-05  3.8681606260e-03  3.4073703690e-03 -6.8228238000e-05 -3.7007752850e-03 -1.2388555650e-03  5.8027361000e-05  1.9036541000e-05  2.0337194800e-04  2.9264010000e-05  1.7211956000e-05 -4.1180372000e-05  3.9798897000e-05 -5.8663430000e-06  4.2019090000e-06  1.2830236000e-05  4.3823953000e-05  2.4430217000e-05 -3.6246676000e-05  5.3030750000e-06  2.6810480000e-05 -4.7732431000e-05  1.4872549000e-05 -3.9605772000e-05  2.9556515000e-05  7.3855209000e-05 -2.0341995000e-04 -1.7365823000e-05  3.9939936000e-05  2.1911544000e-05 -8.7309430000e-06  5.4412972000e-05 -9.4960536000e-05  3.7975510000e-06  3.9900674000e-05  3.7474348000e-05

JOB 1
COORDS  1.5453358618e-01  7.2814666464e-02 -5.2187757695e-02 -5.4447181741e-01 -9.4693509279e-01 -7.7375350958e-01 -1.9636908449e+00 -9.8394331017e-01 -7.3049026992e-01 -2.6795439883e+00 -1.8088470698e-02  3.3580398747e-02 -1.9755890707e+00  9.7808787307e-01  7.6999602669e-01 -5.5606469649e-01  1.0196630762e+00  7.5126260113e-01  1.6797958588e+00  4.9176346674e-02 -2.0933074462e-02  2.3314063236e+00 -4.7429224926e-01  1.0747214861e+00  2.3990244349e+00  4.2778658248e-01 -1.1334617267e+00  1.5620334134e-02 -1.7024945103e+00 -1.3579594356e+00 -2.5085273321e+00 -1.7701283922e+00 -1.2886263730e+00 -3.7868147115e+00 -4.6904917621e-02  6.1758558040e-02 -2.5343061271e+00  1.7233659425e+00  1.3688552668e+00 -9.2943190880e-03  1.7896185792e+00  1.3294255379e+00  3.3819440009e+00 -5.0646549415e-01  1.1645268310e+00  1.7623722812e+00 -7.9219198952e-01  1.9013637259e+00  3.4499536766e+00  3.6011531372e-01 -1.1921542175e+00  1.8865589824e+00  8.1610193213e-01 -1.9668949474e+00
ENERGY -3.765350601206e+02
GRADIENT  2.2026240960e-03  1.6149269210e-03 -7.5727322820e-03 -1.2686822810e-03 -1.3374773540e-03  4.1302861990e-03 -1.5441285100e-04 -8.0682566900e-04 -5.4976004200e-04 -6.1649597800e-04  5.0237216000e-05  2.6054332000e-05  8.5068411400e-04 -8.1388846700e-04 -6.8155753700e-04  1.6261754000e-04 -1.3564788900e-04  1.4260341900e-03 -6.5801137700e-04  7.4291976980e-03  5.9210978610e-03 -1.2150173900e-04 -4.1134242470e-03 -1.9190583790e-03 -7.7535772000e-05 -7.1043095400e-04 -9.6529588100e-04 -5.6304022000e-05 -5.4570286000e-05  2.3328021800e-04 -1.7905125400e-04  7.6942650000e-06  3.8749232000e-05 -6.8080686000e-05 -1.1773977200e-04 -7.3919522000e-05  5.6130966000e-05 -1.6696867000e-05 -1.0484980900e-04  1.5541807700e-04 -3.2933155000e-05  5.5312261000e-05 -2.0310980500e-04 -9.3971518000e-05  2.1336325200e-04  8.2939014000e-05 -3.1490434700e-04 -2.3972018300e-04 -1.6369994400e-04 -3.2351886500e-04  8.6572082000e-05  7.3373790000e-05 -2.3534124700e-04 -1.3435144000e-05

JOB 2
COORDS  1.5210985886e-01  7.5406973463e-02 -5.8500211737e-02 -5.4159286774e-01 -9.6311622740e-01 -7.5763329973e-01 -1.9606807628e+00 -9.9706935314e-01 -7.0868250012e-01 -2.6778913710e+00 -1.7933469160e-02  3.7045917641e-02 -1.9782908834e+00  9.9491119706e-01  7.5413406364e-01 -5.5886048589e-01  1.0353624599e+00  7.2913739660e-01  1.6782414317e+00  5.1246237026e-02 -2.1594840420e-02  2.3264472987e+00 -5.1237695451e-01  1.0559754840e+00  2.4015079238e+00  4.6349229748e-01 -1.1192936993e+00  1.8773855878e-02 -1.7293915026e+00 -1.3275893087e+00 -2.5059957236e+00 -1.7946220426e+00 -1.2498930062e+00 -3.7849924829e+00 -4.9635492389e-02  6.6712923796e-02 -2.5371649156e+00  1.7500460952e+00  1.3404392660e+00 -1.1281195363e-02  1.8159885511e+00  1.2919694634e+00  3.3767566291e+00 -5.5151592982e-01  1.1472727635e+00  1.7546329075e+00 -8.5355106823e-01  1.8714679200e+00  3.4528364863e+00  3.9852297290e-01 -1.1762624295e+00  1.8921124067e+00  8.8086990638e-01 -1.9406122922e+00
ENERGY -3.765345667857e+02
GRADIENT  1.6908436280e-03  1.7006050110e-03 -8.5248366070e-03 -4.5859544300e-04 -2.4403483180e-03  3.1012104590e-03  3.7069884800e-04  2.7282411000e-05  1.0496119500e-04 -3.6183033000e-05 -2.0735490000e-05 -5.0839712000e-05  1.8531441600e-04  1.9922772700e-04  1.3393028400e-04 -3.3311603100e-04 -9.1634203000e-04  1.5233346640e-03 -1.3279167070e-03  7.5431236440e-03  6.6207362940e-03  1.7715487800e-04 -3.9403732670e-03 -2.1690566260e-03 -5.6668634000e-05 -1.0945045540e-03 -1.0588185020e-03  5.4209477000e-05 -1.6946731000e-04  1.5697111700e-04  5.2319920000e-06 -1.0368210000e-06  4.2545498000e-05 -2.6116125000e-05  2.3493696000e-05  2.4998740000e-05 -1.6081624000e-05  5.9653283000e-05 -5.8353856000e-05 -3.8951180000e-06  2.7829010000e-06  5.6267896000e-05 -1.7688098500e-04 -7.5301573000e-05  3.3245496800e-04  5.9074046000e-05 -3.0198846500e-04 -2.6450861500e-04 -1.5384780800e-04 -4.1164067400e-04  3.6322589000e-05  4.7207372000e-05 -1.8518095800e-04 -4.7608570000e-06

JOB 3
COORDS  1.5183521333e-01  7.6164826419e-02 -6.1806234433e-02 -5.4546445834e-01 -9.8524771527e-01 -7.2180283189e-01 -1.9648728358e+00 -1.0204382929e+00 -6.7524939179e-01 -2.6823219348e+00 -1.7863978922e-02  3.7573749928e-02 -1.9811715708e+00  1.0173554814e+00  7.1978616544e-01 -5.6151324404e-01  1.0600878460e+00  6.9286343648e-01  1.6801422027e+00  4.6453428546e-02 -1.9305935716e-02  2.3284329243e+00 -5.7743061743e-01  1.0242880580e+00  2.4083001716e+00  5.2116349197e-01 -1.0878085629e+00  1.4697364164e-02 -1.7691245484e+00 -1.2673009807e+00 -2.5085202202e+00 -1.8359987642e+00 -1.1907660298e+00 -3.7893540251e+00 -4.8742209828e-02  6.9050867782e-02 -2.5400275346e+00  1.7901712707e+00  1.2825410404e+00 -1.5513618095e-02  1.8596841545e+00  1.2299163367e+00  3.3798302140e+00 -6.1905103335e-01  1.1034253547e+00  1.7611291831e+00 -9.5660701633e-01  1.8262735107e+00  3.4604987949e+00  4.6849110117e-01 -1.1446748710e+00  1.9004789674e+00  9.8771025426e-01 -1.8833975571e+00
ENERGY -3.765340148688e+02
GRADIENT  2.8965802020e-03  2.3055591830e-03 -9.4183101070e-03 -1.4373379200e-03 -1.0007950400e-03  3.6063031580e-03 -1.7691606000e-04 -5.8711670800e-04 -1.7854620400e-04 -1.5160187600e-04  1.2284424000e-05 -7.8576817000e-05  3.6544619100e-04 -2.0199395600e-04 -1.2036587000e-04 -7.7587571100e-04 -1.5130808380e-03  1.9999431380e-03 -1.1902835370e-03  6.9096341900e-03  7.0865190350e-03  2.8046957300e-04 -3.7703470190e-03 -1.6689486800e-03  5.1144220500e-04 -1.9622346750e-03 -5.5465543800e-04 -1.4072220000e-06  1.9316179000e-05  1.7156430800e-04 -1.4100674200e-04 -3.7081859000e-05  8.0657504000e-05 -3.4672720000e-05 -5.5875283000e-05 -4.7376790000e-05 -5.8163488000e-05 -1.2787942000e-05 -8.3409606000e-05  1.0504869500e-04 -2.5887636000e-05 -9.9884110000e-05 -5.0303100000e-07  4.3747616400e-04 -3.3426464400e-04 -3.7394332000e-05 -1.6700650300e-04 -1.4136278000e-04 -1.5415226200e-04 -3.2853551700e-04 -3.8241925300e-04  1.8612860000e-05 -1.0420760000e-05  1.5203328100e-04

JOB 4
COORDS  1.4553901160e-01  5.0081170799e-02 -5.0198452700e-02 -5.4266317734e-01 -1.0167429734e+00 -7.0955709528e-01 -1.9623187413e+00 -1.0291119207e+00 -6.6286714086e-01 -2.6739537659e+00 -1.2194872304e-02  3.6316778113e-02 -1.9737600347e+00  1.0316002290e+00  7.0627372557e-01 -5.5389579924e-01  1.0615355378e+00  6.8006323755e-01  1.6752111508e+00  2.7020790679e-02 -2.4888103399e-02  2.3294981618e+00 -6.0055877790e-01  1.0126157973e+00  2.3933030115e+00  5.5283005381e-01 -1.0761383714e+00  1.4469716388e-02 -1.8074486782e+00 -1.2485871055e+00 -2.5140818995e+00 -1.8429087883e+00 -1.1723060179e+00 -3.7812316584e+00 -3.5802570011e-02  6.3051893182e-02 -2.5295235346e+00  1.8174346644e+00  1.2539290031e+00  2.9593111692e-05  1.8667758322e+00  1.2003603064e+00  3.3801842540e+00 -6.3952929066e-01  1.1025905644e+00  1.7605833955e+00 -9.9268022209e-01  1.8072479226e+00  3.4472386106e+00  5.3101329700e-01 -1.1231534544e+00  1.8784739709e+00  1.0333483841e+00 -1.8590327936e+00
ENERGY -3.765343157215e+02
GRADIENT -2.4311889430e-03  2.0258880950e-03 -5.8768927370e-03  1.9501991190e-03 -4.5665792390e-03  2.3971231200e-04  1.0764292910e-03  1.5618085380e-03  9.5284932500e-04  5.2811862700e-04 -1.1739097200e-04 -3.9699687000e-05 -2.3703196600e-04  8.6336520500e-04  4.7856429600e-04  1.7559260100e-04 -2.0800743800e-04  2.1891287140e-03 -1.6157241250e-03  3.3007825110e-03  4.2748210660e-03  3.2536514100e-04 -2.6190679960e-03 -1.5153051900e-03 -1.3945155200e-04 -6.8910762000e-04 -1.5537935340e-03  1.2419386300e-04 -2.5703145300e-04 -2.9419616900e-04  3.7852659200e-04 -4.2745456000e-05  1.3377725000e-05  2.1088412000e-05  1.6289031600e-04  1.0441841200e-04  4.1939019000e-05  9.3717750000e-05  3.8790804000e-05 -1.7766493100e-04  3.1124422800e-04 -3.0845443000e-05 -1.2693708400e-04 -2.9657643000e-05  6.6235100400e-04  8.6511422000e-05  2.2426997000e-04  9.2944649000e-05 -1.4122775000e-05 -3.1578100700e-04  1.9344590500e-04  5.8115342000e-05  3.0909721000e-04  7.1090960000e-05

JOB 5
COORDS  1.5046436426e-01  8.6639873318e-03 -1.4865484591e-02 -5.6163797540e-01 -1.0478700547e+00 -6.6277690742e-01 -1.9829581454e+00 -1.0492592041e+00 -6.4607774075e-01 -2.6837366322e+00 -4.1398755282e-03  2.1099400952e-02 -1.9651946539e+00  1.0442650754e+00  6.6428311039e-01 -5.4384722254e-01  1.0610210484e+00  6.5571158748e-01  1.6842019802e+00 -9.0790216350e-03 -2.6700381257e-02  2.3599751783e+00 -6.4453630571e-01  9.9088525429e-01  2.3777448428e+00  6.0797505283e-01 -1.0432761187e+00 -1.1108198872e-02 -1.8544720147e+00 -1.1838241212e+00 -2.5380012358e+00 -1.8645365789e+00 -1.1498699591e+00 -3.7914321230e+00 -5.3485337170e-03  3.6890192976e-02 -2.5138606115e+00  1.8561316985e+00  1.1800686477e+00  1.2894772584e-02  1.8790754058e+00  1.1520992771e+00  3.4120698012e+00 -6.6948235263e-01  1.0709196563e+00  1.8050692664e+00 -1.0711146764e+00  1.7778177221e+00  3.4317281281e+00  6.4506852709e-01 -1.0847731595e+00  1.8411411118e+00  1.1078585260e+00 -1.7991573468e+00
ENERGY -3.765345810777e+02
GRADIENT -5.6411733000e-04  1.8743084730e-03  7.5607273100e-04 -3.1490848300e-04  1.4501168840e-03  2.1760791570e-03 -1.1795506950e-03 -1.4694463630e-03 -1.3130727570e-03 -4.9863793600e-04  5.6251462000e-05  3.4144323800e-04  7.0560174000e-04 -1.0217915530e-03 -9.9089648700e-04  6.9207053300e-04 -2.0457117200e-04  6.6111564700e-04  1.5274760760e-03 -1.5999766740e-03 -1.2164020350e-03 -3.1930304000e-04 -6.8056709100e-04 -8.7384038300e-04 -2.0295154200e-04 -4.0013512000e-05 -6.8074408000e-04 -1.6371933000e-04  4.4760882300e-04 -2.0462657500e-04 -2.4037802300e-04 -5.6906704000e-05 -4.0794074000e-05  1.5543150000e-06 -2.4224438800e-04 -1.3312438100e-04  5.8627730000e-05 -1.2997865600e-04 -2.3302000000e-05  2.5335018300e-04  6.6919597000e-05 -3.4830224800e-04 -3.4804193000e-05 -2.4633517000e-05  8.9214727600e-04  7.7759478000e-05  7.2869385000e-04  5.0131581900e-04  1.5657980600e-04  2.4771039700e-04  2.9157633600e-04  2.9715717000e-05  5.9390264200e-04  1.9769660700e-04

JOB 6
COORDS  1.4953979992e-01 -3.1758252699e-03 -6.2681500805e-03 -5.5910550205e-01 -1.0574141786e+00 -6.6159238351e-01 -1.9801454270e+00 -1.0415473770e+00 -6.4673209022e-01 -2.6863546968e+00  5.6525165752e-03  1.1615478661e-02 -1.9734076514e+00  1.0532269693e+00  6.6100522701e-01 -5.5213971369e-01  1.0518900133e+00  6.5434019105e-01  1.6824835474e+00 -1.0969636861e-02 -1.1527402111e-02  2.3770987243e+00 -6.4211766576e-01  9.9546257756e-01  2.3673820510e+00  6.1077750404e-01 -1.0303059277e+00 -1.1464893285e-02 -1.8703507505e+00 -1.1761898027e+00 -2.5375272215e+00 -1.8538867033e+00 -1.1523852843e+00 -3.7941636600e+00  6.4211551152e-03  1.7228340678e-02 -2.5195319860e+00  1.8695688219e+00  1.1726846820e+00  6.0504060795e-03  1.8658100764e+00  1.1556914098e+00  3.4312466828e+00 -6.4977998251e-01  1.0466588215e+00  1.8431214386e+00 -1.0948176067e+00  1.7822700959e+00  3.4203619757e+00  6.5718542845e-01 -1.0827059728e+00  1.8209465930e+00  1.0939793816e+00 -1.7897842057e+00
ENERGY -3.765346534454e+02
GRADIENT  5.6549278200e-04  1.2273015000e-03  7.5951445000e-05  4.9212345400e-04 -4.7080914500e-04  1.2133097600e-04  4.7266994200e-04  1.0189542720e-03  4.9918184800e-04 -1.5589055000e-04 -1.2674290900e-04  2.5577207000e-05 -1.0264557340e-03  1.5295456710e-03  8.6302255500e-04 -1.3777025470e-03 -2.5332228620e-03 -1.4328156050e-03  1.0065299280e-03 -6.1283944000e-04 -4.3738550200e-04  3.8429600000e-06 -8.7971417500e-04 -4.0193570700e-04  1.9313460900e-04 -1.1606249730e-03  9.9540441800e-04  1.7416783700e-04  2.1867425300e-04 -1.4551369800e-04  4.0746671000e-05  6.4548769000e-05  5.6132985000e-05  1.6589150000e-06  1.9395868900e-04  1.1792799200e-04 -2.7198744000e-04  3.7682900000e-06  5.8236639000e-05 -1.5575955000e-04 -9.7541789000e-05 -2.7817992100e-04  2.1055003400e-04  7.3815557900e-04 -3.9813199500e-04 -1.4667027800e-04  2.7206241600e-04  2.6610682600e-04  1.8374505000e-05  4.9518466300e-04 -1.0926536200e-04 -6.5352873000e-05  1.1363884000e-04  1.2554287700e-04

JOB 7
COORDS  1.4622122316e-01  3.2448488450e-03 -3.1462212260e-03 -5.5576817427e-01 -1.0533928675e+00 -6.6362622252e-01 -1.9762548977e+00 -1.0437897803e+00 -6.5201690981e-01 -2.6791057951e+00  4.2673073764e-03  7.9516307610e-03 -1.9675145885e+00  1.0497213072e+00  6.6272210175e-01 -5.4683575403e-01  1.0601270659e+00  6.6516602037e-01  1.6768485600e+00 -1.3157656205e-04 -6.7078810202e-03  2.3716033516e+00 -6.3241776129e-01  9.9974813694e-01  2.3606332545e+00  6.0913110247e-01 -1.0343546568e+00 -3.7332797780e-03 -1.8659016879e+00 -1.1744948877e+00 -2.5323166822e+00 -1.8562181341e+00 -1.1590249704e+00 -3.7869327722e+00  5.8449770346e-03  1.2751776489e-02 -2.5183163596e+00  1.8622510495e+00  1.1752223049e+00  9.5961288147e-03  1.8711107983e+00  1.1737856336e+00  3.4255283477e+00 -6.5178378197e-01  1.0483213438e+00  1.8362588527e+00 -1.0936111815e+00  1.7804625030e+00  3.4136947412e+00  6.4171415245e-01 -1.0923498628e+00  1.8149281088e+00  1.0816428562e+00 -1.8009356068e+00
ENERGY -3.765346920481e+02
GRADIENT -1.4531437320e-03  1.4664253500e-04 -7.3832073600e-04  1.6312599200e-04 -1.0217115510e-03 -5.1715277200e-04  3.2945942000e-05 -4.9689864000e-05  2.5968331000e-05  4.2121061100e-04  1.9061710000e-05 -4.6773282000e-05  4.5786186300e-04 -8.3447760100e-04 -4.7974352200e-04  9.9224352600e-04  1.5988554570e-03  9.7923936900e-04 -7.5530033700e-04  1.5825977700e-03  1.3076697430e-03  1.5970152200e-04 -1.0426820880e-03 -4.4931985300e-04 -1.0506979200e-04 -7.8649802000e-04  7.7810544000e-05 -1.0425417900e-04 -1.8766430800e-04 -9.4682158000e-05  6.5164571000e-05 -3.5790954000e-05 -2.8061300000e-07  2.2825150000e-06 -4.4223702000e-05 -3.0686014000e-05  2.0530104800e-04  2.2749650000e-05  2.0192965000e-05 -1.1592102000e-05  2.2791918600e-04  1.5561160400e-04  4.3493419000e-05  4.2134923500e-04 -2.1653026900e-04 -6.0952998000e-05 -2.9019866000e-05 -1.1908958000e-05 -6.4802910000e-05  1.4175105300e-04  6.8096713000e-05 -8.7470760000e-06 -1.3005543800e-04 -4.7633906000e-05

JOB 8
COORDS  1.5080108822e-01  6.4538249832e-04 -5.1313401284e-03 -5.5652064634e-01 -1.0551731187e+00 -6.5996085004e-01 -1.9773141723e+00 -1.0453021223e+00 -6.4625197392e-01 -2.6814433779e+00  3.4664924426e-03  1.1546798008e-02 -1.9679898586e+00  1.0505296861e+00  6.6173701084e-01 -5.4697940071e-01  1.0568721524e+00  6.5893774814e-01  1.6819364824e+00 -2.8351652076e-04 -1.4063308905e-02  2.3694108454e+00 -6.3382888349e-01  9.9681250207e-01  2.3665508895e+00  6.1791160745e-01 -1.0365111185e+00 -6.6645623446e-03 -1.8695026891e+00 -1.1700713747e+00 -2.5334953234e+00 -1.8591880137e+00 -1.1508192408e+00 -3.7892603412e+00  4.5416313509e-03  1.7833509324e-02 -2.5164317880e+00  1.8653891682e+00  1.1731511086e+00  1.0081907896e-02  1.8694198528e+00  1.1640314690e+00  3.4222505606e+00 -6.6518629267e-01  1.0592628548e+00  1.8238179277e+00 -1.0941721377e+00  1.7708224452e+00  3.4198938538e+00  6.4980968721e-01 -1.0907261951e+00  1.8227518449e+00  1.0959374839e+00 -1.8010777606e+00
ENERGY -3.765347227715e+02
GRADIENT  5.5904777400e-04 -3.2286074000e-04  1.1222044000e-04 -1.8966681900e-04  2.2922418000e-05  1.1037139400e-04  5.7236784000e-05 -1.0055970000e-06 -2.9062392000e-05 -1.1481727000e-05  8.5728680000e-06 -1.0179520000e-06 -1.1436290700e-04  1.1032367700e-04  3.1035641000e-05 -6.3301016000e-05 -2.0776662700e-04 -9.8973557000e-05 -1.4401298200e-04  8.0471908100e-04  4.6302966700e-04  3.9663501000e-05 -4.9148587700e-04 -5.5993964300e-04 -1.1397082100e-04  1.0165704500e-04 -9.0028965800e-04  1.0014906000e-05 -7.4413070000e-06  5.0774267000e-05 -1.6513225000e-05  9.2022660000e-06  9.1374200000e-07 -4.0983350000e-06  8.4884920000e-06  1.6202467000e-05 -1.1251305000e-05  1.0792643000e-05 -5.9255360000e-06 -2.5537359000e-05 -3.1486686000e-05  2.8078711000e-05 -1.6386016100e-04 -1.7371816400e-04  6.0470721100e-04  1.0883942400e-04  1.1985142700e-04  9.6071510000e-06 -7.1674540000e-06  3.2756310000e-06  1.9426046900e-04  7.0383436000e-05  3.5301227000e-05 -2.8935020000e-05

JOB 9
COORDS  1.4968910539e-01 -2.4674936936e-03 -3.1147917089e-03 -5.5804682188e-01 -1.0581086199e+00 -6.5734028363e-01 -1.9789295248e+00 -1.0462310066e+00 -6.4575281374e-01 -2.6823739682e+00  4.7736331368e-03  9.2319808780e-03 -1.9680119340e+00  1.0523767015e+00  6.5764324180e-01 -5.4697090110e-01  1.0572309503e+00  6.5636081414e-01  1.6813715816e+00 -5.5211555104e-03 -1.1549617831e-02  2.3739333908e+00 -6.3705406054e-01  9.9680065877e-01  2.3644737063e+00  6.2084495142e-01 -1.0295031598e+00 -8.5755093607e-03 -1.8737066259e+00 -1.1658059545e+00 -2.5355294688e+00 -1.8601266012e+00 -1.1498489216e+00 -3.7901874325e+00  7.4823215363e-03  1.4117506492e-02 -2.5160174553e+00  1.8691870679e+00  1.1663984436e+00  1.0817504835e-02  1.8704901435e+00  1.1594764515e+00  3.4276915436e+00 -6.6272587087e-01  1.0472355579e+00  1.8357005097e+00 -1.1028418371e+00  1.7728368924e+00  3.4175789529e+00  6.5687212389e-01 -1.0865081144e+00  1.8178975730e+00  1.1013188584e+00 -1.7905739205e+00
ENERGY -3.765347336835e+02
GRADIENT  1.8672199000e-05 -2.4341551000e-05  1.4525363200e-04 -2.1747795000e-05  1.5983991800e-04  5.3351090000e-05  1.7659565000e-05 -2.0124148000e-05 -1.6484336000e-05 -1.0600782000e-04  2.9375707000e-05  2.6333522000e-05 -6.1316897000e-05  2.2729934000e-05  1.4611701000e-05 -4.5533510000e-06 -1.3272281800e-04 -1.5894892700e-04  1.9131593700e-04  4.7949890000e-05 -9.6518732000e-05 -1.1673770800e-04 -3.7358151200e-04 -1.1926025600e-04  5.2006165000e-05 -2.5445159200e-04  5.4408215000e-05  1.5172095000e-05  2.9023651000e-05  1.1092056000e-05 -1.2438968000e-05  2.9768880000e-06  3.8112900000e-07 -1.5980350000e-06  7.1436400000e-07 -3.2865040000e-06 -1.3092575000e-05 -8.1658720000e-06 -1.1138660000e-06 -1.1982690000e-06 -2.2140730000e-05 -1.4565331000e-05  4.3826207000e-05  1.9858442500e-04 -5.7036985000e-05 -2.4234370000e-05  1.3500843800e-04  1.2531577200e-04  1.7861021000e-05  1.1932392100e-04 -1.9871309000e-05 -1.5659630000e-05  8.7545743000e-05  5.6379353000e-05

JOB 10
COORDS  1.4965977632e-01 -1.4330886781e-03 -3.2990656584e-03 -5.5725901159e-01 -1.0576341857e+00 -6.5770802605e-01 -1.9781077793e+00 -1.0462395164e+00 -6.4595658888e-01 -2.6814585706e+00  4.6610798673e-03  9.1913943200e-03 -1.9679120070e+00  1.0525187862e+00  6.5810027541e-01 -5.4696893798e-01  1.0579819676e+00  6.5694353008e-01  1.6811445863e+00 -3.9525490350e-03 -1.0842732547e-02  2.3741431691e+00 -6.3472264779e-01  9.9771654203e-01  2.3642271035e+00  6.2146808209e-01 -1.0293986127e+00 -7.4484838271e-03 -1.8731904682e+00 -1.1659106612e+00 -2.5345968092e+00 -1.8602564266e+00 -1.1499722310e+00 -3.7892741094e+00  6.9768007596e-03  1.4085973344e-02 -2.5164193056e+00  1.8688883536e+00  1.1670328808e+00  1.0662712738e-02  1.8710508656e+00  1.1605788714e+00  3.4278043504e+00 -6.6379647143e-01  1.0476339314e+00  1.8354710170e+00 -1.1041303701e+00  1.7712075764e+00  3.4173663092e+00  6.5479730569e-01 -1.0868444132e+00  1.8180855520e+00  1.0993142609e+00 -1.7924117302e+00
ENERGY -3.765347368076e+02
GRADIENT -2.8197021000e-05 -4.3045859000e-05 -4.6665830000e-05 -2.6144970000e-05  3.8737691000e-05 -2.8980069000e-05 -2.9549734000e-05 -5.6589434000e-05 -1.3694099000e-05  9.9622420000e-05  1.6105429000e-05  2.0728000000e-07 -5.0325864000e-05  3.6743915000e-05  4.4932463000e-05 -1.0629200000e-07  1.9674343000e-05 -6.1320683000e-05 -5.2236281000e-05  1.6942764600e-04  1.7096591600e-04  1.1088730700e-04 -2.0885068600e-04 -2.2549701800e-04 -2.9095210000e-05 -1.7254221500e-04 -6.4325950000e-06 -1.8114370000e-06 -7.1124320000e-06  1.0315080000e-05  1.9610700000e-07 -6.1151300000e-06 -3.9105940000e-06  6.0274080000e-06  4.8963600000e-07 -3.5376300000e-06  1.5321150000e-06  7.5397860000e-06  4.8870570000e-06 -1.0977916000e-05 -3.1639170000e-06  1.1040755000e-05  1.7181775000e-05  7.6607156000e-05  5.1271001000e-05 -1.5765456000e-05  7.1148616000e-05  3.2932656000e-05  8.7063200000e-07  3.4017085000e-05  4.4734340000e-05 -1.4329384000e-05  2.5519140000e-05  1.9162948000e-05

JOB 11
COORDS  1.5046320238e-01 -4.4329320436e-04 -3.8237573941e-03 -5.5595622829e-01 -1.0575360971e+00 -6.5738090140e-01 -1.9768092700e+00 -1.0462364177e+00 -6.4482542832e-01 -2.6811251928e+00  4.2332178765e-03  9.8778058112e-03 -1.9671109002e+00  1.0522663227e+00  6.5801758101e-01 -5.4621781536e-01  1.0588349046e+00  6.5673442852e-01  1.6817696804e+00 -2.3095074955e-03 -1.1368165087e-02  2.3725653322e+00 -6.3270029314e-01  9.9894946177e-01  2.3657507784e+00  6.2365674235e-01 -1.0291522156e+00 -6.1252988401e-03 -1.8732366669e+00 -1.1653614919e+00 -2.5330299579e+00 -1.8607551240e+00 -1.1482904227e+00 -3.7889558385e+00  6.0373346990e-03  1.5197936455e-02 -2.5157742360e+00  1.8685459519e+00  1.1669034604e+00  1.1205862156e-02  1.8722397271e+00  1.1600922580e+00  3.4261024329e+00 -6.6648323201e-01  1.0475614566e+00  1.8325404461e+00 -1.1067611076e+00  1.7686294765e+00  3.4188913730e+00  6.5438942371e-01 -1.0876512783e+00  1.8201683681e+00  1.0992667718e+00 -1.7939340604e+00
ENERGY -3.765347376336e+02
GRADIENT -5.7226463000e-05 -1.4846020600e-04  2.0699167000e-05  7.0889005000e-05 -1.8861101900e-04 -1.3381133900e-04  1.5071931800e-04  2.1920175900e-04  1.4325535000e-04 -2.8291669300e-04 -6.1151870000e-06 -1.3723629000e-05  1.7078695000e-04 -2.0106627700e-04 -1.2043118500e-04  6.8318690000e-05  2.1507868100e-04  1.1602479800e-04  1.0228992000e-05  2.5279230000e-04  7.2611063000e-05 -1.7365121500e-04 -1.6244260700e-04  8.2885211000e-05  3.1250354000e-05  3.1971470000e-05 -1.3862993800e-04  1.3444792000e-05 -3.4037827000e-05  1.0373129000e-05  8.4321450000e-06  2.3449925000e-05  1.0269235000e-05 -2.8766333000e-05 -9.2404000000e-07  2.7932280000e-06  6.0990020000e-06 -1.4919361000e-05 -1.6195184000e-05  1.2227551000e-05  6.6143050000e-06  2.9686615000e-05 -3.5304817000e-05  5.0661675000e-05 -4.3760043000e-05  1.8339674000e-05 -2.2942398000e-05 -3.2404380000e-06 -1.9208070000e-05  7.0849830000e-06 -1.1958678000e-05  1.4159196000e-05 -2.7033008000e-05 -6.9884610000e-06

