JOB 0
COORDS  1.5210150000e-01 -4.1800000000e-04 -3.0196000000e-03 -5.5446450000e-01 -1.0579708000e+00 -6.5577260000e-01 -1.9752925000e+00 -1.0472472000e+00 -6.4394350000e-01 -2.6789127000e+00  3.8662000000e-03  1.0541200000e-02 -1.9657194000e+00  1.0528385000e+00  6.5805110000e-01 -5.4479530000e-01  1.0591950000e+00  6.5663160000e-01  1.6834145000e+00 -3.5640000000e-03 -9.9756000000e-03  2.3725793000e+00 -6.3357780000e-01  1.0017463000e+00  2.3689033000e+00  6.2563250000e-01 -1.0247544000e+00 -4.4297000000e-03 -1.8734060000e+00 -1.1639271000e+00 -2.5314946000e+00 -1.8620096000e+00 -1.1470710000e+00 -3.7867290000e+00  5.6175000000e-03  1.5855400000e-02 -2.5145763000e+00  1.8693452000e+00  1.1663837000e+00  1.2608900000e-02  1.8733029000e+00  1.1588577000e+00  3.4259177000e+00 -6.7197270000e-01  1.0512201000e+00  1.8305458000e+00 -1.1099147000e+00  1.7685919000e+00  3.4221760000e+00  6.5556920000e-01 -1.0814244000e+00  1.8247960000e+00  1.1030385000e+00 -1.7894835000e+00
ENERGY -3.765347376348e+02
GRADIENT  8.2490282000e-05  5.4879271000e-05  1.3043993900e-04 -1.8161465000e-05 -5.1642242000e-05  3.0118157000e-05 -3.4813775000e-05 -4.4611851000e-05 -5.7952689000e-05  1.1784784200e-04 -3.6686130000e-06  1.2638527000e-05 -2.1191014000e-05  3.5138409000e-05 -5.4631430000e-06 -1.6659606000e-05  2.4846030000e-06  6.4336691000e-05 -4.3291304000e-05 -1.9919088400e-04 -1.8189304600e-04 -6.8301572000e-05  1.2192423500e-04  1.0449128800e-04 -3.2471180000e-06  1.7823898600e-04 -1.2943341000e-04 -1.2594175000e-05  3.3656010000e-06 -2.1572128000e-05  1.8092120000e-06 -9.4864430000e-06 -5.7918160000e-06  5.0185720000e-06 -4.0778510000e-06 -4.7542000000e-08  5.2388800000e-06  4.7472850000e-06  5.1786840000e-06 -4.5075560000e-06  1.4802117000e-05 -8.1591410000e-06 -4.8666717000e-05 -8.1149498000e-05  5.3689196000e-05  2.7027956000e-05 -9.6844600000e-07 -1.1961274000e-05 -7.6121870000e-06 -3.2810427000e-05  2.0896691000e-05  1.7631672000e-05  1.2920077000e-05 -2.3701100000e-07

JOB 1
COORDS  1.5228335459e-01 -2.1027609422e-02  1.0625154589e-02 -5.5959747062e-01 -1.0506908315e+00 -6.7971385839e-01 -1.9803908980e+00 -1.0286961420e+00 -6.7397948785e-01 -2.6801282759e+00  9.8492164846e-03  4.2910485960e-03 -1.9612092936e+00  1.0373160792e+00  6.7932189470e-01 -5.4024439958e-01  1.0323492035e+00  6.8465497746e-01  1.6836962318e+00 -2.2271510345e-02 -9.3775569770e-03  2.3860345430e+00 -5.8762885430e-01  1.0310084206e+00  2.3576141128e+00  5.8264556573e-01 -1.0462030497e+00 -1.3639517757e-02 -1.8546935845e+00 -1.2099939907e+00 -2.5402003123e+00 -1.8246720654e+00 -1.2025083190e+00 -3.7879187831e+00  2.0368723465e-02  3.9792217098e-03 -2.5058634597e+00  1.8471112773e+00  1.2026794934e+00  2.0848471471e-02  1.8323476880e+00  1.2050968306e+00  3.4401500463e+00 -6.0420887717e-01  1.0771469670e+00  1.8549361512e+00 -1.0327494538e+00  1.8238611647e+00  3.4101256929e+00  6.2801361109e-01 -1.1068339947e+00  1.8043204749e+00  1.0247918906e+00 -1.8254100671e+00
ENERGY -3.765347068975e+02
GRADIENT  1.0779999000e-05  9.3425388000e-05  2.6727788780e-03  1.8929450300e-04 -1.1095083400e-04 -7.5298914000e-05  1.4123417400e-04  3.3505698100e-04  8.7195894000e-05 -3.3039375000e-04 -1.5238855000e-05  4.9188805000e-05  4.4525205000e-05 -6.6297515000e-05 -3.5034087000e-05 -2.0141011000e-04  4.8667279200e-04 -1.2769541410e-03  2.7032364000e-05 -2.9004509540e-03 -2.5480227800e-03  3.5423450000e-05  4.7003366800e-04  1.8145359200e-04  1.0595737300e-04  8.4850596200e-04  9.3422203100e-04  2.3600435000e-05  1.1916017400e-04 -1.6952319200e-04  1.2360266000e-05  3.1638463000e-05 -1.9280940000e-05 -2.0705399000e-05  6.7707990000e-06 -2.5008300000e-06 -3.4930959000e-05 -7.2874143000e-05  4.9091309000e-05  9.6714480000e-06  2.7533795000e-05 -8.6669341000e-05  5.3001106000e-05 -4.4226343000e-05 -1.3954208700e-04 -3.8635867000e-05  3.0698856200e-04  1.7724119600e-04  1.4707205000e-05  3.1053998400e-04  9.5446773000e-05 -3.0622903000e-05  1.7493654300e-04  1.0656606600e-04

JOB 2
COORDS  1.5226955148e-01 -3.1485254827e-02  1.8591558740e-02 -5.6175749445e-01 -1.0429565457e+00 -6.9587711126e-01 -1.9825164159e+00 -1.0153477168e+00 -6.9408591250e-01 -2.6809639971e+00  1.3712405655e-02 -2.0759179577e-04 -1.9595410530e+00  1.0265041947e+00  6.9405657289e-01 -5.3860683656e-01  1.0152968556e+00  7.0445084855e-01  1.6838340112e+00 -3.0796985561e-02 -6.0984261094e-03  2.3947035719e+00 -5.5561345873e-01  1.0495664122e+00  2.3510745085e+00  5.5152209596e-01 -1.0598086569e+00 -1.7364051189e-02 -1.8390082291e+00 -1.2395788914e+00 -2.5436068656e+00 -1.7992154112e+00 -1.2390739986e+00 -3.7886966210e+00  2.9053722529e-02 -4.3477204949e-03 -2.5024163982e+00  1.8305630546e+00  1.2279968937e+00  2.3857043410e-02  1.8050455722e+00  1.2388661593e+00  3.4492008494e+00 -5.5843627988e-01  1.0911085520e+00  1.8712560803e+00 -9.8131143095e-01  1.8580653631e+00  3.4030289521e+00  6.0294752621e-01 -1.1252389412e+00  1.7923833619e+00  9.6739140671e-01 -1.8495654947e+00
ENERGY -3.765347410992e+02
GRADIENT -3.0768703200e-04 -3.8709185000e-05  3.5854135670e-03  2.9140414600e-04 -4.1981945000e-05 -4.4243377000e-05  1.8302896700e-04  5.0742549900e-04  2.2129267500e-04 -6.2196843500e-04 -1.1993958000e-05  3.6783053000e-05  8.7728447000e-05 -2.2048045900e-04 -7.8193632000e-05 -1.7206204900e-04  8.1329708600e-04 -2.0652253280e-03  2.5276375500e-04 -3.8099198620e-03 -3.2439369780e-03  1.9209178200e-04  5.2040649300e-04  6.1796776000e-05  9.6506351000e-05  1.0401364020e-03  1.7054216360e-03  4.4388645000e-05  1.7413426800e-04 -2.0592890400e-04  9.7409610000e-06  6.0539146000e-05 -1.8230127000e-05 -3.2016783000e-05  1.3610585000e-05 -7.2515660000e-06 -4.9128534000e-05 -1.1120739600e-04  6.4411628000e-05  2.2307069000e-05  1.6415545000e-05 -1.0624817600e-04  1.8227350100e-04  8.0303760000e-06 -3.3203480000e-04 -1.2327507700e-04  3.8239639600e-04  2.3385686000e-04  4.4756444000e-05  5.0363445200e-04  8.4525261000e-05 -8.7384840000e-05  1.8392457800e-04  1.1183226500e-04

JOB 3
COORDS  1.5175476373e-01 -3.0600707822e-02  1.9961808461e-02 -5.5945733666e-01 -1.0165854671e+00 -7.3261117992e-01 -1.9800274290e+00 -9.9406475418e-01 -7.3083829927e-01 -2.6728325823e+00  1.2824124610e-02  3.9138842331e-04 -1.9567360234e+00  1.0025634741e+00  7.3277117738e-01 -5.3609451999e-01  9.9084663893e-01  7.4645725482e-01  1.6822127295e+00 -2.3101770131e-02 -7.8163312752e-03  2.3862633643e+00 -4.8555177659e-01  1.0813914233e+00  2.3492065131e+00  4.9031533123e-01 -1.0978549840e+00 -1.2685133894e-02 -1.7932004682e+00 -1.3014643279e+00 -2.5417111019e+00 -1.7587696001e+00 -1.3019418608e+00 -3.7805058284e+00  2.8645931213e-02 -3.6106678154e-03 -2.5019857570e+00  1.7871291294e+00  1.2927400174e+00  2.6643438166e-02  1.7595292902e+00  1.3105694104e+00  3.4398476102e+00 -4.8489505591e-01  1.1377660999e+00  1.8553308107e+00 -8.7279028862e-01  1.9040701328e+00  3.4015333318e+00  5.2545076579e-01 -1.1666142187e+00  1.7928157732e+00  8.5209091078e-01 -1.9153170218e+00
ENERGY -3.765352519775e+02
GRADIENT -1.6905391820e-03 -9.3049543600e-04  3.9847421970e-03  2.7445604000e-04 -3.6951533000e-05  6.6405733700e-04 -1.0989272310e-03 -8.7123979100e-04 -8.1757285200e-04  1.9444473460e-03 -5.1934924000e-05  3.2272501000e-05 -5.6872306400e-04  3.0998141900e-04  2.4316825700e-04  6.4159007700e-04  1.8329738230e-03 -2.1520483140e-03  1.1317322340e-03 -2.4392360740e-03 -2.5932018720e-03 -5.0379007700e-04 -1.0257904200e-04 -2.0881197500e-04 -3.6542639600e-04  2.1562422420e-03  3.5346191000e-04 -1.7490246500e-04  4.2160174000e-05 -1.3401914900e-04  4.8176429000e-05 -8.4365477000e-05 -1.7595042400e-04  1.6865425500e-04 -5.5460721000e-05 -3.2211926000e-05  1.3456829600e-04  6.6405674000e-05  1.4938019700e-04 -8.0743970000e-05  3.2491188000e-05  1.0852130800e-04 -1.0482508000e-05 -3.7764632300e-04  1.7066036200e-04  2.8978003000e-05  1.2424147400e-04  1.4851074700e-04  1.0238309700e-04  3.7985416300e-04  4.0029477100e-04  1.7073033000e-05  5.6279670000e-06 -1.4404473800e-04

JOB 4
COORDS  1.5607443691e-01 -7.4545410354e-03  4.2411429662e-03 -5.5369242249e-01 -9.9106067875e-01 -7.5220906101e-01 -1.9746282510e+00 -9.7312340900e-01 -7.3674049753e-01 -2.6912537299e+00  1.0343082226e-02  3.8206094239e-03 -1.9695141325e+00  9.8764865260e-01  7.4691174344e-01 -5.4837783622e-01  9.8406419484e-01  7.5637021741e-01  1.6860067201e+00 -2.7663979195e-03 -5.4540968639e-04  2.3882921659e+00 -4.5888713227e-01  1.0925160804e+00  2.3642220610e+00  4.5616881014e-01 -1.1073685157e+00 -6.7318708001e-03 -1.7612401429e+00 -1.3297119267e+00 -2.5294081833e+00 -1.7382022533e+00 -1.3136728131e+00 -3.7993099596e+00  1.4922980342e-02  2.4573278600e-03 -2.5151661338e+00  1.7593946040e+00  1.3238675108e+00  7.3509207944e-03  1.7452680342e+00  1.3372087999e+00  3.4422807451e+00 -4.6301466023e-01  1.1406177920e+00  1.8584269797e+00 -8.3202506270e-01  1.9222723141e+00  3.4163482169e+00  4.6001733657e-01 -1.1855797896e+00  1.8129340946e+00  7.9976918356e-01 -1.9358738812e+00
ENERGY -3.765355836004e+02
GRADIENT -1.0154061700e-04 -7.9636378600e-04 -4.1728084500e-04  6.5953103200e-04 -1.6243504930e-03  4.2781054600e-04  2.3084985130e-03  3.1197258440e-03  2.4502315990e-03 -4.9949475900e-03 -3.6017810000e-05 -9.9079084000e-05  1.0012385560e-03 -1.4918071010e-03 -9.9279389000e-04 -1.9864408500e-04  5.4416014400e-04 -2.2544994520e-03  6.4974942300e-04  9.0666797600e-04  5.6943117800e-04  5.7302599100e-04 -9.9259362400e-04 -1.0117770560e-03  1.8254746100e-04  8.8071441900e-04  1.7051079760e-03  3.9657319500e-04  3.5173085000e-05  1.1991292400e-04 -2.4980962000e-05  4.0685466700e-04  2.3768340100e-04 -3.7701774200e-04  1.5607747100e-04  1.1214326200e-04 -2.3141302100e-04 -2.7832724100e-04 -1.9057150800e-04  1.1823337200e-04 -2.6963619700e-04  5.1801321000e-05  2.1797897900e-04 -2.2059230200e-04 -3.0463390800e-04 -1.3201849100e-04 -2.8381568500e-04 -1.2497328100e-04  5.9292619000e-05  3.0886799400e-04 -2.0066873900e-04 -8.0027950000e-05 -3.6102373700e-04 -8.3648399000e-05

JOB 5
COORDS  1.5450414526e-01  5.4208015143e-02 -3.1120210480e-02 -5.4443276200e-01 -9.3497131989e-01 -7.9267587315e-01 -1.9641245965e+00 -9.6419631661e-01 -7.6501684022e-01 -2.6728648842e+00 -7.5989727428e-03  1.7572628777e-02 -1.9765024434e+00  9.6571981318e-01  7.9066533914e-01 -5.5633595797e-01  9.9005731343e-01  7.8542783526e-01  1.6805361971e+00  4.5552106926e-02 -4.8001686302e-03  2.3536826788e+00 -4.0456185812e-01  1.1093564352e+00  2.3847842827e+00  3.8807121528e-01 -1.1375436418e+00  1.6119049066e-02 -1.6821351976e+00 -1.3870304936e+00 -2.5114810407e+00 -1.7301102396e+00 -1.3484890720e+00 -3.7804847251e+00 -2.6778444635e-02  3.2201778458e-02 -2.5359093362e+00  1.7017081034e+00  1.4005077982e+00 -7.4780317430e-03  1.7360251564e+00  1.3921197903e+00  3.4065030377e+00 -4.3438543995e-01  1.1672785603e+00  1.8045203817e+00 -7.3004233211e-01  1.9463426195e+00  3.4340432949e+00  3.1423564758e-01 -1.2158591563e+00  1.8544376459e+00  7.0832995850e-01 -1.9885202330e+00
ENERGY -3.765358761513e+02
GRADIENT  6.5385146000e-04 -2.0133445800e-04 -6.9962144290e-03 -1.4558139580e-03  1.9714474300e-04  4.3812049430e-03 -1.7288534950e-03 -2.5702659430e-03 -1.6957345500e-03  3.2730723660e-03  2.9007053400e-04 -4.6498093000e-05 -1.4475447240e-03  9.7576875000e-04  9.3750594000e-04  2.8810772200e-04 -3.5341330900e-04 -5.6706868700e-04  1.1003897870e-03  7.8116595540e-03  5.0469728650e-03 -3.0006681200e-04 -3.2553841040e-03 -1.3551733180e-03 -9.0796604000e-05 -3.2472534300e-04  1.3745261570e-03 -2.5150913300e-04 -2.0513595200e-04  4.8816217800e-04 -1.3892181700e-04 -1.9490015300e-04 -1.6317560600e-04  2.6639792400e-04 -6.1840332000e-05 -4.1208060000e-05  1.0009929300e-04  2.8038433600e-04  7.1289417000e-05 -1.2561051000e-04 -3.3360075200e-04  3.1647691200e-04  1.8268128400e-04 -1.5855938300e-04 -8.5128245200e-04 -1.3047779500e-04 -8.9854670800e-04 -3.0246150700e-04 -3.6985353000e-05 -3.1819078700e-04 -4.5006222300e-04 -1.3423140900e-04 -6.8261433500e-04 -1.2829941900e-04

JOB 6
COORDS  1.5304089766e-01  5.2314990233e-02 -3.9979740643e-02 -5.4001599829e-01 -9.4380318656e-01 -7.9847074648e-01 -1.9593718227e+00 -9.6475719027e-01 -7.5556286406e-01 -2.6733875978e+00 -1.2522056466e-02  2.7601959479e-02 -1.9686851617e+00  9.6232556945e-01  7.9121052683e-01 -5.4896467492e-01  9.9314685196e-01  7.7887606134e-01  1.6779260031e+00  3.7550646571e-02 -1.8539031254e-02  2.3366776961e+00 -4.1320088458e-01  1.1046800120e+00  2.3882848951e+00  3.9442336708e-01 -1.1442786596e+00  1.7537065113e-02 -1.6889888115e+00 -1.3985505357e+00 -2.5094234557e+00 -1.7317224861e+00 -1.3347549112e+00 -3.7809940657e+00 -3.4934179074e-02  4.8602441853e-02 -2.5252896552e+00  1.6986580207e+00  1.4029578703e+00  3.0636129622e-03  1.7447597004e+00  1.3759509505e+00  3.3873247608e+00 -4.4506240061e-01  1.1907972875e+00  1.7712655285e+00 -7.1976247347e-01  1.9378485489e+00  3.4389067456e+00  3.2568231467e-01 -1.2071668418e+00  1.8674993393e+00  7.3535404402e-01 -1.9931938651e+00
ENERGY -3.765359804721e+02
GRADIENT -2.2147886850e-03  6.8702004800e-04 -5.3410893680e-03  1.2399334390e-03 -3.8392744310e-03  1.5276573390e-03  1.0054285850e-03  1.1711962180e-03  1.0163670170e-03 -9.2548603300e-04  8.3994978000e-05 -3.2641541000e-05  5.5574914600e-04 -8.9322174300e-04 -6.3564587500e-04  1.2635520060e-03  1.7154220160e-03  1.2581313060e-03 -6.8942010000e-05  4.8116681620e-03  3.8058319640e-03 -6.0113402200e-04 -2.9984517290e-03 -9.8234083400e-04 -4.9445734000e-04  9.8243478200e-04 -1.1681792870e-03  6.1456468000e-05 -3.7410760200e-04  1.3211714000e-05  1.9180552300e-04  5.7107092000e-05  3.0724407000e-05 -9.3731879000e-05  1.9274559000e-05  2.6775820000e-05  1.5559591600e-04  1.0701280000e-06 -5.9955955000e-05 -9.7127040000e-06  4.6494168000e-05  3.2914778100e-04 -2.1222694600e-04 -5.1313260500e-04  2.9631577000e-04  1.5985815900e-04 -3.4531062900e-04 -1.3178781800e-04 -3.0696117000e-05 -4.8129061200e-04  2.5088998000e-04  3.9436046000e-05 -1.3508805200e-04 -1.8057868400e-04

JOB 7
COORDS  1.5687047175e-01  4.5010159268e-02 -3.7903393754e-02 -5.4886827868e-01 -9.4645302628e-01 -7.9072196620e-01 -1.9688633721e+00 -9.6716518710e-01 -7.5334549561e-01 -2.6812158182e+00 -1.1608054935e-02  2.7031918725e-02 -1.9728699089e+00  9.6497817763e-01  7.8514714853e-01 -5.5274998916e-01  9.8928926666e-01  7.6943782808e-01  1.6831179082e+00  2.2778734592e-02 -1.8313304836e-02  2.3490974137e+00 -4.2674163780e-01  1.1011380235e+00  2.3927762371e+00  3.9810410005e-01 -1.1382786845e+00  5.3262256283e-03 -1.6924451399e+00 -1.3925133209e+00 -2.5190102009e+00 -1.7342742893e+00 -1.3323855799e+00 -3.7888519372e+00 -3.0960650436e-02  4.7994168811e-02 -2.5264894316e+00  1.7061535117e+00  1.3938532104e+00 -8.3571516401e-04  1.7460478007e+00  1.3597566640e+00  3.4004682885e+00 -4.4636868075e-01  1.1834362725e+00  1.7893285763e+00 -7.2616273232e-01  1.9407681604e+00  3.4444061893e+00  3.4695897710e-01 -1.2016205038e+00  1.8694527295e+00  7.5310646744e-01 -1.9797798876e+00
ENERGY -3.765360212081e+02
GRADIENT  1.6788147710e-03  1.9382267350e-03 -4.6775520450e-03 -5.3057541000e-04 -1.4421390190e-03  3.5700213600e-03 -5.8982120000e-06 -2.7452192000e-05  2.4116182000e-05 -6.4464571500e-04 -3.2433250000e-06 -1.5504859000e-05 -4.7312340000e-05  2.1528922800e-04  2.9088122400e-04 -8.3437271500e-04 -8.1131517200e-04 -9.3453914200e-04  3.0821122000e-05  2.2199983650e-03  2.9366981990e-03  3.8045811600e-04 -2.6516469020e-03 -1.2198902870e-03  1.9374228700e-04  7.9456818200e-04 -4.9189507000e-05  5.1387337000e-05  1.7097902300e-04  5.4349136000e-05 -9.8677004000e-05  3.6685192000e-05  3.9431625000e-05 -4.4579221000e-05  4.4926140000e-06 -1.6282254000e-05 -1.5587071800e-04 -7.9254370000e-05 -1.2115701000e-05  4.5761722000e-05 -1.3653907000e-04 -1.5497839500e-04 -8.4646219000e-05 -3.4957681200e-04  2.6020980700e-04  7.1961597000e-05  9.3308113000e-05 -6.6421481000e-05 -7.7492130000e-06 -1.0750291300e-04 -7.8606828000e-05  2.9260645000e-05  1.2891389500e-04  7.0187968000e-05

JOB 8
COORDS  1.5327264077e-01  5.0030703270e-02 -3.7549163487e-02 -5.4612927918e-01 -9.4264830131e-01 -7.9509412503e-01 -1.9658423425e+00 -9.6509351391e-01 -7.5787397847e-01 -2.6775188396e+00 -1.1757917704e-02  2.5849147863e-02 -1.9727039078e+00  9.6395608843e-01  7.8840205604e-01 -5.5285367600e-01  9.9154671282e-01  7.7620326606e-01  1.6789703459e+00  2.8171202407e-02 -1.4913525115e-02  2.3464096285e+00 -4.2227591638e-01  1.1030116316e+00  2.3888348513e+00  3.8852929825e-01 -1.1391314609e+00  1.0792772965e-02 -1.6858514639e+00 -1.3979539004e+00 -2.5155692287e+00 -1.7310313687e+00 -1.3388487864e+00 -3.7851212597e+00 -3.2343405152e-02  4.6275441432e-02 -2.5288730626e+00  1.7019877213e+00  1.3985818428e+00 -1.4703094516e-03  1.7463585616e+00  1.3696926719e+00  3.3986301936e+00 -4.3760729533e-01  1.1758978415e+00  1.7914039541e+00 -7.2017877393e-01  1.9464679918e+00  3.4400878461e+00  3.3313173833e-01 -1.2048663857e+00  1.8650388431e+00  7.3616558562e-01 -1.9833889017e+00
ENERGY -3.765360517354e+02
GRADIENT -3.6139080700e-04  1.8336742250e-03 -5.3155834110e-03  6.7168127000e-05 -2.3622146830e-03  2.9979547610e-03 -5.3233955000e-05 -4.0705540000e-05 -1.1805012000e-05  4.0007294000e-05  1.2883520000e-06  1.3224190000e-06  1.0816527100e-04 -1.1212613500e-04 -6.0925314000e-05  1.4978136700e-04  2.3717094100e-04  1.7290205300e-04  1.3226020200e-04  3.7200270790e-03  3.4156615280e-03 -1.6852596200e-04 -3.2230437130e-03 -1.0751380830e-03  9.8672572000e-05  1.9332511500e-04  6.1571541500e-04 -1.6148682000e-05 -1.5956320000e-06 -3.3712190000e-05  1.0511238000e-05 -6.2156940000e-06 -4.2593450000e-06  5.0962940000e-06 -1.1672255000e-05 -1.7421179000e-05  2.0538368000e-05 -1.9529370000e-06  1.1065430000e-06  1.6155410000e-05  3.4843362000e-05 -3.1801210000e-06  9.1528547000e-05  1.8045630000e-06 -4.7686196500e-04 -7.2102788000e-05 -1.4911966800e-04 -1.5792495000e-05  4.4882470000e-06 -5.1537378000e-05 -1.9479684800e-04 -4.6946748000e-05 -6.7107170000e-05  2.5561714000e-05

JOB 9
COORDS  1.5399972236e-01  5.3362691750e-02 -4.0271607906e-02 -5.4493892415e-01 -9.3929519099e-01 -7.9829684144e-01 -1.9645159868e+00 -9.6378390353e-01 -7.5849803549e-01 -2.6766188035e+00 -1.3262294684e-02  2.8339694453e-02 -1.9729184429e+00  9.6189992178e-01  7.9257103946e-01 -5.5309150292e-01  9.9034762732e-01  7.7789240822e-01  1.6794239009e+00  3.3262423501e-02 -1.8530518030e-02  2.3419901817e+00 -4.1875718773e-01  1.1018963446e+00  2.3904408839e+00  3.8453065404e-01 -1.1451451615e+00  1.2191957938e-02 -1.6807380057e+00 -1.4031280909e+00 -2.5140557029e+00 -1.7295214224e+00 -1.3399172410e+00 -3.7841513866e+00 -3.5869661556e-02  5.0301029241e-02 -2.5291622293e+00  1.6976007025e+00  1.4055186117e+00 -1.9221799082e-03  1.7440597432e+00  1.3729430638e+00  3.3932553490e+00 -4.3686282412e-01  1.1862338603e+00  1.7804253750e+00 -7.1050009596e-01  1.9430862502e+00  3.4417403720e+00  3.2551971526e-01 -1.2062980288e+00  1.8697681202e+00  7.3016308733e-01 -1.9921626726e+00
ENERGY -3.765360570053e+02
GRADIENT -8.2786903000e-05  1.6595781080e-03 -5.2825491590e-03  1.0517161800e-04 -2.4664181250e-03  3.0913383010e-03 -3.1155089000e-05  2.2683592000e-05 -9.1565130000e-06  2.4070850000e-04 -1.9825286000e-05 -6.9202080000e-06 -1.4522261600e-04  2.0377195000e-04  1.1711672400e-04  3.1985627000e-05 -1.5026612100e-04  4.8823194000e-05  2.2535662300e-04  4.4681226400e-03  3.6479805720e-03 -1.3926328600e-04 -3.3785176040e-03 -1.4997297230e-03 -1.7276752100e-04  2.8828440800e-04 -2.1262820700e-04  2.3183620000e-06 -2.1288508000e-05  6.1859970000e-06  2.1912137000e-05 -5.6043330000e-06 -1.1622126000e-05  2.0416498000e-05  1.1885157000e-05  2.0444496000e-05 -4.7206310000e-06  3.0339592000e-05  4.6085720000e-06 -2.5036724000e-05 -1.0548184000e-05  1.2553692000e-05 -5.0553758000e-05 -2.1117027900e-04  1.4070130700e-04  2.5417377000e-05 -1.6507781400e-04 -8.2193355000e-05  6.1262000000e-08 -1.5071917400e-04  9.8088818000e-05 -6.1970400000e-07 -1.0826512400e-04 -6.1089739000e-05

JOB 10
COORDS  1.5378380030e-01  5.2205730018e-02 -3.9533284610e-02 -5.4642148466e-01 -9.3968671977e-01 -7.9750831586e-01 -1.9660471769e+00 -9.6404246616e-01 -7.5873774413e-01 -2.6779902573e+00 -1.3040908941e-02  2.7609180885e-02 -1.9725184112e+00  9.6151578062e-01  7.9104920366e-01 -5.5265211112e-01  9.9056028364e-01  7.7749634374e-01  1.6792856742e+00  3.0815295488e-02 -1.8415608912e-02  2.3433174500e+00 -4.2178299863e-01  1.1010061510e+00  2.3896708682e+00  3.8398319916e-01 -1.1448771584e+00  1.0450406945e-02 -1.6813150730e+00 -1.4023248440e+00 -2.5155539563e+00 -1.7296866820e+00 -1.3403192625e+00 -3.7855566902e+00 -3.4655580003e-02  4.9562537991e-02 -2.5284983431e+00  1.6977529137e+00  1.4035496691e+00 -1.5872655622e-03  1.7447719304e+00  1.3720363154e+00  3.3947839028e+00 -4.3585577390e-01  1.1838535788e+00  1.7834851799e+00 -7.1007892821e-01  1.9445618069e+00  3.4411053263e+00  3.2844574683e-01 -1.2068726914e+00  1.8681501018e+00  7.3300570167e-01 -1.9899711603e+00
ENERGY -3.765360613798e+02
GRADIENT -5.3952164000e-05  1.7575398580e-03 -5.1738756120e-03 -5.6661147000e-05 -2.2806027200e-03  3.1889319200e-03 -3.7590215000e-05 -5.5315043000e-05 -5.9079152000e-05 -1.5597913300e-04 -4.7254620000e-06  8.5223930000e-06  1.6446054600e-04 -1.9631474600e-04 -1.8750029400e-04  1.9180069100e-04  1.4739519500e-04  1.9932979500e-04  1.2841462500e-04  4.2259375300e-03  3.5542419630e-03 -9.7089842000e-05 -3.4930040930e-03 -1.3791808460e-03 -5.6020617000e-05  2.0407907100e-04 -8.1563040000e-05 -1.3036339000e-05  1.4054712000e-05 -2.3829490000e-06 -1.8120303000e-05  2.4553950000e-06  4.4717620000e-06 -1.1158778000e-05 -2.1210819000e-05 -1.4937155000e-05  1.7530735000e-05 -1.4750885000e-05 -1.3430248000e-05  3.0770103000e-05  1.2355826000e-05 -3.5354750000e-06 -3.0273933000e-05 -1.2004048500e-04  3.7180525000e-05  1.9377303000e-05 -7.1050023000e-05 -4.3549738000e-05 -9.7118320000e-06 -6.9595408000e-05  5.7302780000e-06  9.5344400000e-06 -4.0793054000e-05 -1.7934622000e-05

JOB 11
COORDS  1.5268745382e-01  4.9048285932e-02 -3.9448073082e-02 -5.4743618347e-01 -9.4221451857e-01 -7.9828860384e-01 -1.9670736688e+00 -9.6338766384e-01 -7.5888122163e-01 -2.6784704604e+00 -1.1461946271e-02  2.6991925111e-02 -1.9737091798e+00  9.6333401778e-01  7.9068626952e-01 -5.5379977665e-01  9.8905863512e-01  7.7572921785e-01  1.6782908056e+00  2.7066420374e-02 -1.8147784974e-02  2.3450521772e+00 -4.2596595066e-01  1.0995448495e+00  2.3877390007e+00  3.8267218212e-01 -1.1443907478e+00  8.6190447185e-03 -1.6844754598e+00 -1.4031112454e+00 -2.5177271165e+00 -1.7282392826e+00 -1.3404062287e+00 -3.7860569470e+00 -3.2315736473e-02  4.8158477401e-02 -2.5288639876e+00  1.7005868661e+00  1.4027566227e+00 -1.7236118774e-03  1.7431638878e+00  1.3694227636e+00  3.3968920619e+00 -4.3178090712e-01  1.1793287641e+00  1.7885775413e+00 -7.0955238981e-01  1.9469831928e+00  3.4394474103e+00  3.3318289624e-01 -1.2069658648e+00  1.8649689490e+00  7.3579954727e-01 -1.9869992838e+00
ENERGY -3.765360604101e+02
GRADIENT -9.0943599000e-05  1.8482815800e-03 -5.1028821380e-03  1.6719442400e-04 -2.5747367800e-03  2.8428556000e-03  1.0926253000e-04  1.7397736600e-04  1.3631104500e-04  1.5322350900e-04 -2.5234187000e-05 -2.3112684000e-05 -2.2742159400e-04  3.4024462200e-04  3.0888743400e-04 -1.4962713500e-04 -2.3639826700e-04 -2.4894501600e-04  6.7176693000e-05  3.8681815960e-03  3.4073977370e-03 -6.8217107000e-05 -3.7007865540e-03 -1.2388524770e-03  5.8047991000e-05  1.9035938000e-05  2.0336364900e-04  2.9299739000e-05  1.7146061000e-05 -4.1234808000e-05  3.9731662000e-05 -5.9357780000e-06  4.1505630000e-06  1.2670926000e-05  4.3818383000e-05  2.4430416000e-05 -3.6322147000e-05  5.3571320000e-06  2.6856792000e-05 -4.7711305000e-05  1.4909854000e-05 -3.9574816000e-05  2.9615819000e-05  7.3855049000e-05 -2.0341502100e-04 -1.7406530000e-05  3.9921975000e-05  2.1964359000e-05 -8.6707990000e-06  5.4410129000e-05 -9.4965125000e-05  3.7543470000e-06  3.9925267000e-05  3.7414893000e-05

