JOB 0
COORDS  1.5490370000e-01  1.9750200000e-02 -1.7335400000e-02 -5.7820720000e-01 -3.9643140000e-01 -1.1834547000e+00 -1.9949636000e+00 -4.0042830000e-01 -1.1643819000e+00 -2.6985559000e+00 -3.5545000000e-03  1.1363400000e-02 -1.9788808000e+00  4.0135110000e-01  1.1744033000e+00 -5.6197040000e-01  4.1462400000e-01  1.1661917000e+00  1.6621917000e+00  4.6827000000e-03 -2.1490800000e-02  2.3872020000e+00  6.7581250000e-01  9.4792200000e-01  2.3641605000e+00 -7.1128070000e-01 -9.7463940000e-01 -5.2596600000e-02 -6.7725850000e-01 -2.1166537000e+00 -2.5541760000e+00 -7.0914810000e-01 -2.0690175000e+00 -3.8071604000e+00 -1.1279900000e-02  2.1677100000e-02 -2.5247033000e+00  6.9899030000e-01  2.0908727000e+00 -2.2314700000e-02  6.9912390000e-01  2.0900470000e+00  3.4389357000e+00  6.6478720000e-01  9.7170630000e-01  1.8983838000e+00  1.3220241000e+00  1.6152887000e+00  3.4156283000e+00 -7.2147970000e-01 -1.0043998000e+00  1.8536670000e+00 -1.3232408000e+00 -1.6576947000e+00
ENERGY -3.765416742792e+02
GRADIENT -6.1673243000e-05  1.3994503760e-03 -5.3265590700e-04  5.9573690000e-05 -1.5410639720e-03  3.7639451700e-04  1.3775462400e-04  9.9897193000e-05  1.9696002500e-04 -1.7588533400e-04 -2.5414632000e-05 -1.1740266000e-05 -9.6794850000e-06  4.5713356000e-05  5.4475073000e-05 -2.9683088000e-05 -7.7593074000e-05 -9.0305201000e-05 -3.2982166400e-04  1.5258352600e-03 -9.9455913600e-04  5.4869064100e-04 -1.7118468270e-03  6.3247737600e-04 -1.5509808500e-04 -7.7362598000e-05  4.1727072000e-05  2.6199259000e-05 -3.6276426000e-05 -5.1917770000e-06  9.4625680000e-06  1.3632639000e-05  1.6530860000e-05 -1.2350475000e-05 -4.0815000000e-07  2.3780509000e-05 -1.4482986000e-05  3.6788730000e-06 -6.0302630000e-06 -2.9698873000e-05  2.6982505000e-05 -1.7057970000e-05  2.5926525000e-05  2.6025089700e-04  2.9572615400e-04  2.2996755000e-05 -4.6963245000e-05 -4.2461015000e-05  8.9468520000e-06  1.1757368700e-04  1.0964790800e-04 -2.9078630000e-05  2.3814427000e-05 -4.5920746000e-05

JOB 1
COORDS  1.5586181335e-01  4.9060535477e-02 -3.0956509344e-02 -5.7957089162e-01 -4.1182738616e-01 -1.1787625774e+00 -1.9960925836e+00 -4.3101620593e-01 -1.1553785967e+00 -2.6961861531e+00 -1.0547288491e-02  1.4118611339e-02 -1.9752457955e+00  4.2771538515e-01  1.1642331502e+00 -5.5863620539e-01  4.5590235037e-01  1.1499349099e+00  1.6628746594e+00  2.4999990752e-02 -3.4393758551e-02  2.3817835532e+00  6.3303550321e-01  9.7983326797e-01  2.3648009544e+00 -6.7216235104e-01 -1.0017089357e+00 -5.4989014204e-02 -7.1514066466e-01 -2.1054295109e+00 -2.5560335585e+00 -7.7044845176e-01 -2.0485322727e+00 -3.8045590357e+00 -2.9379677187e-02  3.0891928709e-02 -2.5201093909e+00  7.3837678441e-01  2.0769379580e+00 -1.7547689905e-02  7.6168315904e-01  2.0661638715e+00  3.4327783741e+00  5.9816731191e-01  1.0104988968e+00  1.8966858075e+00  1.2537492231e+00  1.6737286352e+00  3.4161042189e+00 -7.0252266385e-01 -1.0217126118e+00  1.8511298984e+00 -1.2525824590e+00 -1.7094045324e+00
ENERGY -3.765411265974e+02
GRADIENT  2.4588938000e-05  3.5220947770e-03 -2.1863297900e-04  6.9920938000e-05 -2.7054861850e-03  1.3295646100e-03 -4.6453826300e-04 -1.4964004200e-04 -4.1476048800e-04  4.0610831000e-04  2.2865404000e-05  3.7381018000e-05 -1.2800738800e-04 -9.0563419000e-05 -2.4398392500e-04  4.1097760500e-04 -2.4788314100e-04  4.9970746500e-04  1.0257655630e-03  3.5986774150e-03 -3.5036178960e-03 -1.6545558010e-03 -1.8314729060e-03  2.2319620730e-03 -9.5285586000e-05 -6.8557138700e-04  3.0739248700e-04  2.5894181900e-04 -3.3566543000e-05  1.7123883500e-04 -2.5399497000e-05  8.2007619000e-05 -8.3976215000e-05  4.1191515000e-05 -3.8169784000e-05 -5.2379756000e-05  3.9529104000e-05  1.1928005000e-05  6.1666360000e-06  5.5418886300e-04 -3.2247795400e-04  4.1931890000e-06 -1.0377081000e-05 -5.6011897700e-04 -3.5376651900e-04 -3.3416224200e-04 -5.9000852000e-05  3.7389591400e-04  5.6504475000e-05 -1.2849614600e-04 -2.4645902200e-04 -1.7543962300e-04 -3.9050063200e-04  1.6219746300e-04

JOB 2
COORDS  1.5561979225e-01  5.9653928449e-02 -3.1872099506e-02 -5.7960463029e-01 -4.2875484252e-01 -1.1688558276e+00 -1.9958935051e+00 -4.5561638502e-01 -1.1441932734e+00 -2.7039298380e+00 -1.5991604012e-02  1.3278924576e-02 -1.9851142369e+00  4.4872628802e-01  1.1539757777e+00 -5.6874636925e-01  4.8265720636e-01  1.1381704309e+00  1.6640830575e+00  3.1205815783e-02 -2.8450143142e-02  2.4007279704e+00  5.9307765786e-01  9.9993034495e-01  2.3616298243e+00 -6.3596407113e-01 -1.0195676381e+00 -5.6003735986e-02 -7.4924783129e-01 -2.0902626458e+00 -2.5518952976e+00 -8.1839306970e-01 -2.0305461487e+00 -3.8122447011e+00 -4.1001135609e-02  2.8459211683e-02 -2.5312111728e+00  7.7486331168e-01  2.0605373146e+00 -3.4537228974e-02  8.1128516532e-01  2.0502494984e+00  3.4515898076e+00  5.4828634641e-01  1.0193761619e+00  1.9303761481e+00  1.1979550087e+00  1.7170574489e+00  3.4127095561e+00 -6.7309145131e-01 -1.0354188900e+00  1.8465884237e+00 -1.1817257792e+00 -1.7530195878e+00
ENERGY -3.765408269751e+02
GRADIENT  7.4342605600e-04  3.4151529620e-03 -2.1593438830e-03 -3.0150155800e-04 -3.1340411540e-03  1.5605388500e-03  1.3929275000e-04  1.5761719300e-04  5.4414660500e-04 -5.7156872600e-04 -4.4465440000e-06 -1.0771661300e-04  1.9568935000e-05  1.2561012000e-05  7.2493359000e-05 -8.9559082800e-04 -7.4289744200e-04 -5.5863401700e-04  2.7469654100e-04  4.4767564850e-03 -1.4810131750e-03  1.0319048010e-03 -2.9416697440e-03  8.8121502400e-04 -4.5005646800e-04 -2.2082913000e-04  9.0334564000e-04  5.1412097300e-04  1.5662239800e-04  2.2529533600e-04 -6.7570766000e-05  8.6897695000e-05  4.8676734000e-05 -3.5425545000e-05  1.7200524000e-05  5.0439335000e-05 -1.2230454100e-04 -4.6696009000e-05 -3.3108626000e-05  3.8471941000e-05 -5.5777619400e-04 -3.3346320000e-06  8.8400441000e-05 -3.7979568800e-04  8.5208411000e-05 -1.5204790300e-04 -6.5332707000e-05 -2.1694083900e-04  1.0795551800e-04  1.0395730000e-04  2.2162818000e-05 -3.5428666800e-04 -3.3921194200e-04  1.7551610400e-04

JOB 3
COORDS  1.5441433472e-01  6.1301202999e-02 -3.7504211072e-02 -5.8353976791e-01 -4.6406222887e-01 -1.1575085384e+00 -1.9991914939e+00 -4.9397383725e-01 -1.1260312062e+00 -2.7046205591e+00 -1.7124147362e-02  1.8089379588e-02 -1.9845654066e+00  4.8866128638e-01  1.1401194271e+00 -5.6864800574e-01  5.2315738842e-01  1.1197146155e+00  1.6638315322e+00  2.5150829747e-02 -2.9247973655e-02  2.3968888777e+00  5.2336314483e-01  1.0346917127e+00  2.3707432534e+00 -5.7907771380e-01 -1.0542828045e+00 -6.6892900856e-02 -8.1562812985e-01 -2.0714481010e+00 -2.5568842718e+00 -8.9009205959e-01 -1.9968896913e+00 -3.8128401502e+00 -4.3974795482e-02  3.7058537990e-02 -2.5287543697e+00  8.4696888208e-01  2.0356023866e+00 -3.6857939437e-02  8.9293354485e-01  2.0172399915e+00  3.4479255277e+00  4.8672297073e-01  1.0546432451e+00  1.9242638823e+00  1.0878191510e+00  1.7822039173e+00  3.4216742852e+00 -6.1819271804e-01 -1.0542279738e+00  1.8672394894e+00 -1.0641493049e+00 -1.8360720866e+00
ENERGY -3.765404942713e+02
GRADIENT  1.7029478900e-04  3.8269059480e-03 -2.5074166130e-03 -5.2099249200e-04 -3.6042456180e-03  9.9864686400e-04  4.3333486100e-04  9.6221021000e-05  5.8574462600e-04 -1.1575007700e-04  7.9606119000e-05 -8.2854580000e-05  2.4456769000e-05  8.1621860000e-06  1.9465242800e-04 -7.8219408400e-04 -4.8990357100e-04  1.1208990200e-04 -2.3814935000e-05  3.5650380020e-03 -5.3288152400e-04  1.1634947830e-03 -3.1843845080e-03  5.2287539300e-04 -2.3644042300e-04 -6.2817703500e-04 -3.7688214000e-05  1.1963762300e-04  5.4792681200e-04 -1.8828312800e-04  2.7153550000e-06 -2.3340048000e-05  6.2391783000e-05 -1.8086205000e-05  6.1769452000e-05  4.8590148000e-05 -7.0737612000e-05 -7.7850467000e-05  2.7480534000e-05 -9.8264097000e-05 -4.5495060000e-04  6.6694086000e-05 -1.3064009000e-05 -1.6481802100e-04  5.9062637500e-04  1.9522034000e-05  3.0543488500e-04 -5.1376498600e-04  3.2937388000e-05  3.7645153800e-04  3.3904194500e-04 -7.8374663000e-05 -2.3753538100e-04  3.1454865900e-04

JOB 4
COORDS  1.5487403462e-01  3.8827762197e-02 -2.8615764531e-02 -5.8454684726e-01 -4.8292175970e-01 -1.1487846457e+00 -2.0006727957e+00 -5.0179463796e-01 -1.1249084185e+00 -2.6985454718e+00 -9.9889172870e-03  1.7633636333e-02 -1.9754604616e+00  5.0062353755e-01  1.1360822413e+00 -5.5905917223e-01  5.2387032175e-01  1.1237355472e+00  1.6630095291e+00  8.8948406418e-03 -2.8936042398e-02  2.3774625784e+00  5.0967748142e-01  1.0464137794e+00  2.3778265911e+00 -5.6443907408e-01 -1.0667274739e+00 -6.7821453141e-02 -8.5028134350e-01 -2.0563764414e+00 -2.5604132154e+00 -8.9887133978e-01 -1.9941015325e+00 -3.8069462100e+00 -2.5963978331e-02  3.6607312748e-02 -2.5195510683e+00  8.7597981865e-01  2.0245491481e+00 -2.4792082250e-02  9.0822800163e-01  2.0139224389e+00  3.4292511935e+00  5.0092715915e-01  1.0548173877e+00  1.8926190494e+00  1.0453332756e+00  1.8075638751e+00  3.4288714600e+00 -5.9861082712e-01 -1.0751188360e+00  1.8764280376e+00 -1.0301270547e+00 -1.8616996364e+00
ENERGY -3.765405895654e+02
GRADIENT -6.9795313800e-04  3.3379027490e-03 -1.3053179900e-04 -8.2060079000e-05 -2.2966700080e-03  1.3103161120e-03 -5.1873741200e-04 -4.9740032600e-04 -1.1239853350e-03  6.2744511900e-04  7.8119312000e-05  2.1035921400e-04  2.0476713000e-04 -3.6311066100e-04 -8.5029592800e-04  1.3595699980e-03  3.1230636900e-04  1.8936712660e-03  8.1463236100e-04  1.2001788450e-03 -2.3088186990e-03 -2.8339709650e-03 -1.1825565700e-03  2.9463648870e-03  6.6105483100e-04 -5.2554043300e-04 -4.9269027300e-04 -1.4813994900e-04  4.5237874700e-04 -2.4275827200e-04 -2.1620390000e-05 -9.4797839000e-05 -7.7545769000e-05  4.9442124000e-05 -5.4186018000e-05 -1.6223304700e-04  1.7893241400e-04 -3.6058120000e-06  1.8724726000e-05  6.2823815700e-04 -4.8332938000e-05  4.1215370000e-05 -1.1330741400e-04 -5.7180316600e-04 -7.7192328700e-04 -1.7399748400e-04  6.4784926700e-04  2.0454326700e-04 -5.7014827000e-05 -1.7831318900e-04 -6.2437735500e-04  1.2420945700e-04 -2.1218986600e-04  1.5235141600e-04

JOB 5
COORDS  1.5611412257e-01  6.9706695410e-03 -8.9037289821e-03 -5.8215941283e-01 -5.1194391191e-01 -1.1300174841e+00 -1.9990397336e+00 -5.1384097652e-01 -1.1166075717e+00 -2.7062593129e+00 -3.1539666052e-03  1.1854529448e-02 -1.9860736040e+00  5.1626375932e-01  1.1280592483e+00 -5.6912188936e-01  5.2092592235e-01  1.1233100526e+00  1.6647183141e+00 -6.3684591027e-03 -1.4101246469e-02  2.3960038105e+00  4.8748053885e-01  1.0533017613e+00  2.3738968098e+00 -5.3296643525e-01 -1.0792582759e+00 -6.3961284726e-02 -9.0578889069e-01 -2.0255325562e+00 -2.5543373549e+00 -9.1511280822e-01 -1.9866665925e+00 -3.8149254918e+00 -7.4365450125e-03  2.0100358687e-02 -2.5316640187e+00  9.1656331203e-01  2.0046715680e+00 -4.1506681393e-02  9.2838150297e-01  2.0070399693e+00  3.4473692236e+00  5.1556940308e-01  1.0317548590e+00  1.9177738336e+00  9.7745747189e-01  1.8483650156e+00  3.4250465281e+00 -5.5756750770e-01 -1.1003918503e+00  1.8685496817e+00 -9.6660861023e-01 -1.8899776506e+00
ENERGY -3.765407715568e+02
GRADIENT  6.6715676200e-04  7.7002951600e-04 -4.7664878000e-04  3.4034519200e-04 -4.3394535200e-04  1.2974407610e-03 -1.8349963900e-04  1.2171881800e-04 -3.0589630600e-04 -4.6335041500e-04 -1.7013313600e-04  1.0740540300e-04 -9.3126001000e-05  1.9967002400e-04  9.9870064000e-05  3.2862370000e-05 -7.6570018400e-04 -5.8290946200e-04 -3.9371312500e-04  3.3690107000e-05 -6.8705275800e-04 -4.0747114900e-04 -1.1497629280e-03  1.4535363780e-03  3.2536241800e-04  6.6923241600e-04  8.5511335900e-04  2.1416080700e-04  3.2594803200e-04 -1.0224905000e-05 -5.8137244000e-05 -4.1066135000e-05  3.6373689000e-05 -1.5605499000e-05 -3.1826975000e-05 -1.9389320000e-06 -5.5946316000e-05  5.2996409000e-05 -5.6771405000e-05 -7.7720987000e-05  2.2450878700e-04 -1.5469608300e-04  9.4416443000e-05  2.0608940000e-06 -6.0851092700e-04  1.8572563400e-04  6.0249879500e-04 -7.9518997000e-05  5.5451810000e-06 -2.4600679200e-04 -7.2075219700e-04 -1.2065262900e-04 -1.6036412200e-04 -1.6288110000e-04

JOB 6
COORDS  1.5411781464e-01 -5.2876352423e-03 -1.0466327630e-02 -5.8441994500e-01 -5.2499928689e-01 -1.1321926689e+00 -2.0008595668e+00 -5.1629879167e-01 -1.1131840316e+00 -2.7031747709e+00  4.6466254385e-03  1.3438760404e-02 -1.9817001080e+00  5.2370949043e-01  1.1286301938e+00 -5.6519734567e-01  5.2019815141e-01  1.1208854707e+00  1.6633948453e+00 -1.1445322454e-02 -1.9124228937e-02  2.3912041094e+00  4.8370197378e-01  1.0496571064e+00  2.3766086810e+00 -5.2479490689e-01 -1.0876972177e+00 -7.0987490342e-02 -9.3303262078e-01 -2.0240938992e+00 -2.5608654273e+00 -9.1761135619e-01 -1.9801479039e+00 -3.8118305277e+00  7.3353226970e-03  2.1820967297e-02 -2.5243794504e+00  9.3056847593e-01  2.0040394255e+00 -3.3469322906e-02  9.2919566777e-01  2.0015302114e+00  3.4420224922e+00  5.3018545488e-01  1.0471587271e+00  1.8985823994e+00  9.4308686785e-01  1.8538212474e+00  3.4281414999e+00 -5.3854890363e-01 -1.0885885392e+00  1.8833065085e+00 -9.5259555818e-01 -1.9085377105e+00
ENERGY -3.765407811467e+02
GRADIENT -6.3335005400e-04 -3.4017269000e-05 -4.9533773000e-05  5.2926777500e-04 -6.4429737400e-04 -8.5819475600e-04  2.4630108100e-04  3.5245321800e-04  4.7455934500e-04  2.7978061200e-04 -9.7752403000e-05 -3.1245981000e-05 -2.6123512400e-04  2.7757879200e-04  4.2030866500e-04  1.3179716500e-04 -1.4953498500e-04  2.2973816000e-05 -3.3317856100e-04  4.6272363700e-04 -1.6732916000e-04  8.1631042700e-04 -1.8204588870e-03 -5.4224323200e-04 -9.7245279900e-04 -1.8220695800e-04 -7.8206613300e-04 -8.6325148000e-05 -8.0715870000e-06 -1.6989068200e-04  1.0675964400e-04 -1.0203782000e-05  4.7771550000e-06  1.5296495000e-05  6.9579490000e-06  8.1283377000e-05  2.3781780000e-06  5.0165156000e-05  2.8999761000e-05  2.1354200000e-07  1.7136309800e-04 -6.1443354000e-05  6.4464382000e-05  8.8768696800e-04  1.0139480890e-03  5.1653753000e-05  3.9544539700e-04 -2.1313072500e-04  3.1145275000e-05  4.6594599400e-04  9.0061482100e-04  4.7150170000e-06 -1.2633227000e-04 -7.4559763000e-05

JOB 7
COORDS  1.5502684407e-01 -1.4376044171e-03 -8.3108141372e-03 -5.8576010183e-01 -5.2236157630e-01 -1.1283164952e+00 -2.0022312093e+00 -5.1723729497e-01 -1.1149607563e+00 -2.7055139089e+00  4.0715605582e-03  1.0634463639e-02 -1.9830744938e+00  5.2174457219e-01  1.1258522587e+00 -5.6654704496e-01  5.2198365961e-01  1.1226915723e+00  1.6648692932e+00 -7.3394629974e-03 -1.7536527370e-02  2.3947429635e+00  4.8865501560e-01  1.0489258047e+00  2.3773998446e+00 -5.2435432497e-01 -1.0851658038e+00 -7.0775954115e-02 -9.3170394600e-01 -2.0186215802e+00 -2.5598296987e+00 -9.1972041765e-01 -1.9829770479e+00 -3.8141807333e+00  6.5367290858e-03  1.8823143155e-02 -2.5273292933e+00  9.2603534577e-01  2.0014336186e+00 -3.7615122928e-02  9.2826480662e-01  2.0062745533e+00  3.4457554916e+00  5.2561477489e-01  1.0366767814e+00  1.9082493234e+00  9.4438916764e-01  1.8587981734e+00  3.4287863377e+00 -5.4357084379e-01 -1.0937753017e+00  1.8794634426e+00 -9.5146023619e-01 -1.9033433404e+00
ENERGY -3.765408219362e+02
GRADIENT  7.4024059000e-05  6.7474171000e-05 -6.5379564000e-05 -4.8008765200e-04 -9.1109679000e-05  3.1932099400e-04 -1.3366136100e-04 -1.3215803600e-04 -2.8373511700e-04  1.2895991000e-05  2.3457269000e-05  1.0018809000e-05  2.7002424100e-04 -2.0293682200e-04 -4.5024119100e-04  6.7432870000e-06  2.1223761700e-04  3.9263167900e-04  9.5366757000e-05  8.3056546800e-04 -1.2256054600e-04  3.4322937900e-04 -1.3989497480e-03  1.2841096100e-04 -1.3841709700e-04  4.2053575000e-05 -1.3434268400e-04 -1.7880720500e-04 -2.1752122000e-05  1.4820527000e-05 -4.7977996000e-05  6.8013220000e-06 -6.1897240000e-06 -1.0075781000e-05 -3.5925323000e-05 -4.8522063000e-05  3.9963516000e-05 -1.1780500000e-05 -1.6194430000e-05  5.5053670000e-06  3.1132264000e-05  1.2520962000e-05  2.2203624000e-05  4.0386547300e-04  6.9327378000e-05  1.6265332000e-05  2.5092182900e-04 -1.6680102000e-04  1.9249828000e-05  9.5158472000e-05  2.1382074200e-04  7.6378763000e-05 -6.8315220000e-05  1.3260194500e-04

JOB 8
COORDS  1.5531361502e-01 -4.3037776884e-04 -9.5797723534e-03 -5.8201875050e-01 -5.2427691697e-01 -1.1297743873e+00 -1.9985135127e+00 -5.1778689187e-01 -1.1123673526e+00 -2.7041523610e+00  4.8668323739e-03  1.1460874743e-02 -1.9848051815e+00  5.2396553035e-01  1.1279672642e+00 -5.6822055187e-01  5.2281550775e-01  1.1202845076e+00  1.6647352306e+00 -5.7935419393e-03 -1.7518352962e-02  2.3914042230e+00  4.9318201530e-01  1.0495487461e+00  2.3781449067e+00 -5.2308872011e-01 -1.0848545232e+00 -6.6136565911e-02 -9.3562521621e-01 -2.0187686684e+00 -2.5565057980e+00 -9.2161256325e-01 -1.9794644801e+00 -3.8128225555e+00  6.6442489897e-03  1.7760344755e-02 -2.5288783888e+00  9.2831122894e-01  2.0036995178e+00 -3.8504152864e-02  9.2796603402e-01  2.0038585740e+00  3.4425691562e+00  5.2060418761e-01  1.0348872852e+00  1.9063262743e+00  9.4075450996e-01  1.8647933983e+00  3.4293022297e+00 -5.4693717289e-01 -1.1016574557e+00  1.8760485406e+00 -9.4558822133e-01 -1.9029703992e+00
ENERGY -3.765408196068e+02
GRADIENT  1.3840880000e-06  2.9857272000e-04  1.5599033400e-04  5.0922090300e-04 -5.5285816900e-04 -6.5921364000e-04  3.7830753600e-04  2.7686610700e-04  7.4595956700e-04  9.5024824000e-05  1.9672319000e-05 -7.2050655000e-05 -4.1778847700e-04  3.3348419000e-04  8.0470735900e-04 -5.1655668300e-04 -1.9868322400e-04 -7.2538001800e-04 -6.1249214000e-05  4.5167429800e-04 -7.9937398800e-04 -6.7549064600e-04 -6.2196284100e-04  1.1890036050e-03  6.8304884900e-04  3.0274288000e-04  3.9431817900e-04  1.6647112200e-04 -6.8067762000e-05  7.2120800000e-06  9.7815465000e-05  2.2488418000e-05  7.7832760000e-06  8.4438650000e-06  5.9161757000e-05  1.1232485000e-04 -8.4112761000e-05 -1.1675830000e-06  4.0606873000e-05 -1.1616901600e-04 -8.4226360000e-05  1.4681012000e-05 -4.8655844000e-05 -4.3566259000e-05 -7.1214424800e-04 -1.6091656000e-05  2.1715803600e-04 -1.5220857000e-05 -2.6000526000e-05 -3.4161592700e-04 -5.9682478800e-04  1.2077262000e-05 -6.8068133000e-05  1.0711027700e-04

JOB 9
COORDS  1.5542474646e-01 -1.2101758115e-03 -7.6592227488e-03 -5.8306805133e-01 -5.2593554766e-01 -1.1266348315e+00 -1.9996533039e+00 -5.2046334893e-01 -1.1131003524e+00 -2.7042664873e+00  4.5359529486e-03  1.0201207593e-02 -1.9834856386e+00  5.2499829216e-01  1.1253271147e+00 -5.6681180801e-01  5.2472006169e-01  1.1214770123e+00  1.6647073074e+00 -6.3105555996e-03 -1.7038297999e-02  2.3938122279e+00  4.9319846958e-01  1.0481892858e+00  2.3758923183e+00 -5.2076443370e-01 -1.0870595517e+00 -6.6335005353e-02 -9.3936580573e-01 -2.0141399713e+00 -2.5568347042e+00 -9.2575251840e-01 -1.9800739642e+00 -3.8129330867e+00  7.2726272728e-03  1.6956747758e-02 -2.5282321222e+00  9.3129080925e-01  1.9997004330e+00 -3.7777452345e-02  9.3206006423e-01  2.0045013872e+00  3.4450586026e+00  5.1898884653e-01  1.0384450422e+00  1.9079643605e+00  9.3195062236e-01  1.8676825846e+00  3.4271201975e+00 -5.4251207723e-01 -1.1015631339e+00  1.8742539915e+00 -9.3899238738e-01 -1.9077529751e+00
ENERGY -3.765408437020e+02
GRADIENT -5.9341090000e-06  8.9226597000e-05 -8.6749325000e-05  1.3107209300e-04 -9.7536056000e-05  1.3386856200e-04 -2.6831400000e-05 -6.0907572000e-05 -7.6520240000e-06 -2.9104789000e-05  2.9832490000e-05 -7.9806780000e-06 -1.9424413000e-05 -2.0965163000e-05  3.2023058000e-05  7.0502340000e-05  1.1674239000e-04 -6.5075085000e-05 -2.5271472500e-04  4.5979182700e-04 -2.7326728200e-04 -4.1617913000e-05 -6.6928787200e-04  6.1929882900e-04  1.4494471400e-04  1.8316979700e-04  5.2995898000e-05  1.0261753700e-04 -5.3434108000e-05  4.0790094000e-05  3.5340490000e-06  1.0442324000e-05 -1.1343190000e-05  2.6846160000e-06  9.8260360000e-06 -2.5989930000e-06  1.8302640000e-06 -9.0726000000e-06  6.0205580000e-06 -4.8467720000e-06 -7.0947338000e-05  4.0864498000e-05 -1.9505953000e-05  1.4880527300e-04 -2.1925538200e-04 -4.6898030000e-06  1.7943210700e-04 -7.1543604000e-05 -2.2514768000e-05 -1.5275210200e-04 -1.7159978300e-04 -4.1997884000e-05 -9.0705930000e-05 -8.1701520000e-06

JOB 10
COORDS  1.5634655094e-01 -3.1597186669e-03 -8.3014714099e-03 -5.8501149641e-01 -5.2920382863e-01 -1.1250787898e+00 -2.0015946230e+00 -5.2284730783e-01 -1.1113754965e+00 -2.7054283225e+00  5.2521386265e-03  1.0827034674e-02 -1.9827466036e+00  5.2786582009e-01  1.1236327768e+00 -5.6608559142e-01  5.2625449150e-01  1.1190901522e+00  1.6660931363e+00 -7.5297817436e-03 -1.8223155927e-02  2.3934825337e+00  4.9414572993e-01  1.0468116339e+00  2.3790186776e+00 -5.1770772074e-01 -1.0889739582e+00 -7.0178335540e-02 -9.4599032044e-01 -2.0120198351e+00 -2.5593332042e+00 -9.2999600289e-01 -1.9771241733e+00 -3.8140936144e+00  9.0037776468e-03  1.8360495925e-02 -2.5263641902e+00  9.3743708558e-01  1.9971705832e+00 -3.6701701329e-02  9.3695048340e-01  2.0003475356e+00  3.4448476381e+00  5.1418977794e-01  1.0431260514e+00  1.9056024326e+00  9.1780671066e-01  1.8729193662e+00  3.4303833236e+00 -5.3521059412e-01 -1.0992241680e+00  1.8806800936e+00 -9.3011798384e-01 -1.9144791886e+00
ENERGY -3.765408516527e+02
GRADIENT  4.6500470500e-04  6.2766136000e-05  8.9651563000e-05 -3.5599947100e-04  1.3960608900e-04  4.2772674900e-04 -5.3452298000e-05 -1.0062514900e-04 -1.4260654800e-04 -1.5041888200e-04  1.8491594000e-05  1.6390270000e-06  6.7464233000e-05 -7.2407923000e-05 -9.7025741000e-05 -1.2504380900e-04  2.1222093000e-05 -2.2506605400e-04  4.2513236500e-04  2.5100919700e-04 -1.4718010400e-04 -1.2172556000e-04 -4.6517986100e-04  2.8586266200e-04 -3.9737495000e-05  5.0180517000e-05 -2.7361114900e-04 -9.0296358000e-05 -2.5841887000e-05  6.7044286000e-05 -5.1342614000e-05  1.0242467000e-05  6.6355450000e-06 -1.2772247000e-05 -6.6508500000e-07 -2.4173566000e-05 -1.9706322000e-05 -1.2513855000e-05 -1.6801215000e-05  4.4992705000e-05 -7.7173140000e-05 -1.1949612000e-05 -2.3759374000e-05  1.2211197700e-04 -1.1154584200e-04 -1.8199356000e-05  1.1196141900e-04 -6.2373339000e-05 -3.6531270000e-06  3.8383280000e-06  1.8207328100e-04  4.9238845000e-05 -3.7366081000e-05  5.0468272000e-05

JOB 11
COORDS  1.5524334068e-01 -3.5109482788e-03 -6.9291269302e-03 -5.8379964341e-01 -5.3395789478e-01 -1.1234073577e+00 -2.0002817639e+00 -5.2799519639e-01 -1.1103893252e+00 -2.7035082387e+00  4.2763831959e-03  1.0152311317e-02 -1.9821376661e+00  5.3189574252e-01  1.1214440234e+00 -5.6558884313e-01  5.3107024479e-01  1.1191896455e+00  1.6651425496e+00 -6.7113129386e-03 -1.6899997968e-02  2.3953689498e+00  4.9761310921e-01  1.0445369540e+00  2.3769040823e+00 -5.1247834540e-01 -1.0903171730e+00 -6.8031930654e-02 -9.5438850425e-01 -2.0081054736e+00 -2.5578837043e+00 -9.3870430065e-01 -1.9745412771e+00 -3.8121672329e+00  7.7851073471e-03  1.7364151364e-02 -2.5269267310e+00  9.4532723107e-01  1.9924136027e+00 -3.6650416404e-02  9.4754399611e-01  1.9980518206e+00  3.4468585889e+00  5.0222513468e-01  1.0459093725e+00  1.9095420245e+00  8.9728209668e-01  1.8835562353e+00  3.4282853774e+00 -5.2683304404e-01 -1.1038199628e+00  1.8773248851e+00 -9.1399800226e-01 -1.9203540918e+00
ENERGY -3.765408586201e+02
GRADIENT -4.2589568300e-04 -9.9090474000e-05 -1.0086204700e-04 -1.6943706300e-04  2.9779060000e-06 -5.3728889000e-05 -1.4533752400e-04 -1.1575569300e-04 -2.4520913300e-04  1.7074389100e-04 -2.9196500000e-06  7.0507500000e-07  2.0208075200e-04 -1.7056065300e-04 -3.3449253100e-04  2.3180210100e-04  3.0971657000e-04  5.1020362500e-04  1.5326210900e-04  1.2071085200e-04  4.3272710100e-04  1.8693622300e-04 -1.3752169500e-04 -3.1555188900e-04 -1.3648347900e-04  1.9910883500e-04 -9.8869110000e-06 -1.0279745600e-04 -2.4260626000e-05 -9.3198680000e-06 -1.5904262000e-05 -1.3726142000e-05 -1.3508062000e-05  5.7385540000e-06 -1.3881528000e-05 -4.8237199000e-05  5.9842066000e-05  2.4015160000e-06 -2.6620470000e-06 -1.6735400000e-07 -1.9210180000e-06  8.4349500000e-05 -2.1859402000e-05  3.2056610000e-06 -2.2270592000e-05 -2.3888036000e-05 -4.3458357000e-05 -1.0817384000e-04  2.7260749000e-05 -1.2979988000e-05  1.6621641000e-04 -1.0195727000e-05 -1.8002160000e-06  7.0729268000e-05

JOB 12
COORDS  1.5653705232e-01 -2.9153017137e-03 -7.6422261032e-03 -5.8295981122e-01 -5.3360791101e-01 -1.1232502626e+00 -1.9995451191e+00 -5.2784895861e-01 -1.1093050257e+00 -2.7038390531e+00  4.0624114387e-03  1.0871053265e-02 -1.9820766277e+00  5.3228060693e-01  1.1216478075e+00 -5.6540349477e-01  5.3131618837e-01  1.1177724795e+00  1.6661022140e+00 -6.7759336122e-03 -1.7728723636e-02  2.3945598517e+00  4.9868483669e-01  1.0448062271e+00  2.3778015801e+00 -5.1372444418e-01 -1.0908896824e+00 -6.7151313899e-02 -9.5362928633e-01 -2.0081698244e+00 -2.5570352956e+00 -9.3890121696e-01 -1.9733577306e+00 -3.8125058234e+00  6.9184682195e-03  1.8163647668e-02 -2.5263284600e+00  9.4591631658e-01  1.9928702054e+00 -3.6215509076e-02  9.4860585586e-01  1.9960398149e+00  3.4460678014e+00  5.0146700823e-01  1.0505240057e+00  1.9068615452e+00  8.9655767783e-01  1.8836845398e+00  3.4291170429e+00 -5.2768642528e-01 -1.1073778140e+00  1.8771154389e+00 -9.1430704812e-01 -1.9208230069e+00
ENERGY -3.765408619841e+02
GRADIENT  3.9649106000e-05 -1.6300520000e-06 -2.9686949000e-05 -1.0587655000e-05  4.5169733000e-05  1.2997794600e-04  2.2282670000e-06 -5.0935520000e-06 -2.3677149000e-05 -1.4952190900e-04  4.4873630000e-06  1.8282094000e-05  6.4169410000e-05 -6.6546743000e-05 -1.2811125000e-04  8.2660827000e-05  4.5755555000e-05  4.6893287000e-05 -2.2091734300e-04 -6.6125690000e-05  6.0824737000e-05  9.6656076000e-05  1.4891963000e-05 -8.3421235000e-05  8.6073682000e-05  1.5648722400e-04 -3.4987647000e-05  2.3113821000e-05  6.0130820000e-06  7.0185920000e-06 -1.4358997000e-05 -1.7127890000e-06  8.9580160000e-06 -1.0569482000e-05 -1.8619020000e-06 -1.2583029000e-05  4.6359000000e-07 -4.2312090000e-06 -1.4016423000e-05  2.2831039000e-05 -1.9037233000e-05 -4.0767020000e-06 -1.7286800000e-05  4.5495390000e-05  1.3541167500e-04  8.4282640000e-06 -1.6336576000e-05 -1.9696716000e-05 -1.2027838000e-05 -1.0024565600e-04 -7.0414797000e-05 -7.4566020000e-06 -3.5448326000e-05  1.3450122000e-05

JOB 13
COORDS  1.5653620562e-01 -2.8713560030e-03 -7.8610040638e-03 -5.8276444323e-01 -5.3349417904e-01 -1.1236346711e+00 -1.9993370152e+00 -5.2775002811e-01 -1.1094574250e+00 -2.7032397484e+00  4.0032099256e-03  1.1066912804e-02 -1.9823772016e+00  5.3241605464e-01  1.1223259708e+00 -5.6572859171e-01  5.3114323047e-01  1.1174900561e+00  1.6660923189e+00 -6.8084382252e-03 -1.7720816967e-02  2.3945679771e+00  4.9854375283e-01  1.0448892691e+00  2.3778704696e+00 -5.1440561275e-01 -1.0904683047e+00 -6.6958484659e-02 -9.5324764671e-01 -2.0086807415e+00 -2.5570069159e+00 -9.3858272524e-01 -1.9735042691e+00 -3.8118967307e+00  6.6118168200e-03  1.8276605141e-02 -2.5266310088e+00  9.4591642301e-01  1.9936301912e+00 -3.6375275214e-02  9.4860308015e-01  1.9955678826e+00  3.4461182460e+00  5.0026474825e-01  1.0483617506e+00  1.9080534450e+00  8.9740609185e-01  1.8840500731e+00  3.4292354756e+00 -5.2624258348e-01 -1.1054919619e+00  1.8782561240e+00 -9.1506787591e-01 -1.9210375436e+00
ENERGY -3.765408619677e+02
GRADIENT  1.0624595300e-04  1.3093050000e-05 -2.3643155000e-05  1.0632157000e-05  3.5745336000e-05  1.2263733400e-04 -7.7874778000e-05 -4.3662151000e-05 -9.7503411000e-05  1.8482337800e-04  3.3433000000e-08  1.9545300000e-07 -1.3897836400e-04  9.6873079000e-05  2.0678037500e-04 -7.3051676000e-05 -9.0172333000e-05 -1.9265224000e-04  1.9302403600e-04 -7.7679643000e-05 -3.1849646000e-05 -9.6781988000e-05  1.0379166500e-04  1.6228401500e-04 -1.0757060400e-04  4.4972432000e-05 -1.9697941500e-04  1.7737924000e-05  6.5721620000e-06  1.9617970000e-06  1.6587940000e-06 -7.2458480000e-06 -1.2398304000e-05  1.6079267000e-05  3.9193300000e-06  8.2395020000e-06 -1.2350361000e-05  7.6646560000e-06  1.5782229000e-05 -2.2843643000e-05 -5.8264770000e-06 -1.2795794000e-05  3.9171320000e-06 -5.2451189000e-05 -7.7434766000e-05  3.8403370000e-06  1.3495136000e-05  4.1677163000e-05 -1.1633327000e-05  6.1639490000e-06  1.0941150100e-04 -1.2320569000e-05 -5.5217136000e-05 -2.3547828000e-05

