JOB 0
COORDS  1.5291920000e-01 -2.6791600000e-02  5.7192000000e-03 -5.7939880000e-01 -6.6704620000e-01 -1.0546347000e+00 -1.9961400000e+00 -6.5019910000e-01 -1.0473146000e+00 -2.6996790000e+00  9.8720000000e-03  3.4696000000e-03 -1.9808709000e+00  6.5543430000e-01  1.0528143000e+00 -5.6399920000e-01  6.4112990000e-01  1.0595319000e+00  1.6601721000e+00 -1.9002000000e-02 -9.2549000000e-03  2.3844196000e+00  3.0746590000e-01  1.1239445000e+00  2.3621943000e+00 -3.0313860000e-01 -1.1669810000e+00 -5.2916800000e-02 -1.2129055000e+00 -1.8613795000e+00 -2.5547893000e+00 -1.1559006000e+00 -1.8588497000e+00 -3.8082773000e+00  2.2692900000e-02  3.5444000000e-03 -2.5275293000e+00  1.1776911000e+00  1.8620321000e+00 -2.4975700000e-02  1.1781858000e+00  1.8637322000e+00  3.4359570000e+00  3.3894010000e-01  1.1268733000e+00  1.8962242000e+00  4.1825930000e-01  2.0465689000e+00  3.4136254000e+00 -3.2056230000e-01 -1.1941125000e+00  1.8513276000e+00 -4.4719630000e-01 -2.0724476000e+00
ENERGY -3.765416760362e+02
GRADIENT -1.6617265700e-04 -1.3501436340e-03  9.2425059600e-04  2.6892606000e-05  1.3852328250e-03 -9.2109098600e-04 -8.3158390000e-06 -5.0259830000e-06 -7.4109770000e-06  3.6498037000e-05 -6.0348190000e-06 -4.5124600000e-07  2.7466200000e-05 -2.2623860000e-05 -3.5078789000e-05  7.1787599000e-05  6.2631429000e-05  1.1287675800e-04 -4.4428616000e-05 -1.7154415950e-03  4.5403086300e-04  1.9113197300e-04  1.5256971720e-03 -6.1016841400e-04 -1.3472081900e-04  9.1271786000e-05 -7.9563808000e-05  3.7651290000e-06 -3.6011050000e-06 -1.5401320000e-05  6.3206200000e-06 -3.2768370000e-06 -2.5297000000e-06  1.9721570000e-06 -1.8740980000e-06 -3.3904030000e-06  1.3486604000e-05  5.5912840000e-06  5.7962900000e-07 -2.2011814000e-05  1.5453284000e-05  1.3460761000e-05  2.1006380000e-06  6.1750964000e-05  9.5476383000e-05  5.0140610000e-06  3.1698361000e-05 -4.4326160000e-05 -4.1268600000e-07 -1.3056797000e-05  1.1989972200e-04 -1.7853892000e-05 -5.6801134000e-05 -3.0397300000e-07

JOB 1
COORDS  1.5374517527e-01  8.0466764614e-04 -8.7430554202e-03 -5.7853194946e-01 -6.8056929579e-01 -1.0430999866e+00 -1.9953538586e+00 -6.7686699796e-01 -1.0280429007e+00 -2.7000499602e+00  3.8123254907e-03  8.7445859780e-03 -1.9817527770e+00  6.8020064495e-01  1.0388207342e+00 -5.6474202634e-01  6.7911616191e-01  1.0372694589e+00  1.6610536782e+00  2.6259480193e-03 -1.8705195404e-02  2.3794590055e+00  2.5525702573e-01  1.1368206993e+00  2.3678467028e+00 -2.5611841115e-01 -1.1796298216e+00 -5.1412433894e-02 -1.2462822082e+00 -1.8355923693e+00 -2.5533925341e+00 -1.2105475519e+00 -1.8218882064e+00 -3.8087079856e+00  5.6751523535e-03  1.4841893239e-02 -2.5288389310e+00  1.2143895855e+00  1.8399284575e+00 -2.6504784184e-02  1.2359755503e+00  1.8284061480e+00  3.4313609120e+00  2.6468994614e-01  1.1482927965e+00  1.8853216938e+00  3.2606425010e-01  2.0602733261e+00  3.4189038267e+00 -2.9295435878e-01 -1.2014934114e+00  1.8612844478e+00 -3.5861903971e-01 -2.0931108835e+00
ENERGY -3.765419388183e+02
GRADIENT  6.6341106400e-04 -6.3037254000e-05 -8.4925000000e-08 -4.2465707600e-04  4.5452924200e-04  1.6447956600e-04  2.0164449200e-04 -6.6600436000e-05 -1.8787109100e-04 -3.9330041000e-05  2.2352759000e-05  3.8774508000e-05  2.9861740000e-05  1.5532935100e-04  2.1412009500e-04 -3.6873217200e-04 -6.1252017300e-04 -1.1565155800e-04 -1.9938218000e-05  1.3003127550e-03 -5.4724969700e-04 -6.8668694000e-05  5.5541609400e-04  2.4353640000e-04  5.6333663000e-04 -5.3950223000e-04  4.2183094000e-05 -3.9748470200e-04 -2.1109706300e-04  1.2053585000e-05 -2.4697521000e-05  8.6541817000e-05 -4.4003771000e-05 -1.8825098000e-05 -1.4107516000e-05  2.3651701000e-05 -3.1230839000e-05  1.4111422000e-05 -7.6454160000e-06 -4.2736856100e-04 -1.9291553400e-04  2.1583819800e-04 -1.1670171600e-04 -2.7332925000e-04 -1.9457832100e-04  2.9966680900e-04 -2.1022161500e-04 -2.9449311000e-05 -1.1759298600e-04 -3.3833860000e-05 -8.7977370000e-05  2.9344791500e-04 -3.7284361100e-04  2.6272737200e-04

JOB 2
COORDS  1.5140024298e-01  6.7724515699e-03 -1.3537581952e-02 -5.7434714400e-01 -6.9984911080e-01 -1.0346248826e+00 -1.9912398446e+00 -7.0062110276e-01 -1.0134599667e+00 -2.6927748461e+00  8.0195533364e-04  1.1729514475e-02 -1.9752342308e+00  7.0204671574e-01  1.0259208092e+00 -5.5816192171e-01  7.0620655712e-01  1.0236625991e+00  1.6572185850e+00  1.1693556152e-03 -2.0717298662e-02  2.3698776744e+00  2.0798436760e-01  1.1472631579e+00  2.3625926231e+00 -2.1746195566e-01 -1.1902825388e+00 -4.2657032743e-02 -1.2781894990e+00 -1.8150551919e+00 -2.5510916621e+00 -1.2538816278e+00 -1.7924805709e+00 -3.8013801470e+00 -4.2733372061e-04  2.1170862518e-02 -2.5233507568e+00  1.2513120208e+00  1.8160189798e+00 -1.4622767198e-02  1.2818093072e+00  1.7979323536e+00  3.4216538341e+00  2.1941950994e-01  1.1737872896e+00  1.8649611196e+00  2.5153925335e-01  2.0668920375e+00  3.4135378815e+00 -2.6056596148e-01 -1.2140070734e+00  1.8548424568e+00 -2.7126965875e-01 -2.1077859840e+00
ENERGY -3.765420781061e+02
GRADIENT -1.2313301690e-03  4.3045022100e-04 -2.7504702200e-04  7.1053276300e-04 -4.8255278000e-04 -7.1566699400e-04  1.7720729900e-04 -4.8640582000e-05  2.1428226000e-05  1.9723060300e-04  7.8628292000e-05  1.7736563000e-05  2.3186384400e-04 -2.5352519900e-04 -2.6168417800e-04  1.0388052450e-03  3.1580939000e-04  1.2356128140e-03 -1.4542062610e-03  5.9236896500e-04 -4.1563046400e-04  1.7483936500e-04  4.1150937000e-04 -2.0546206000e-04  1.9511531800e-04 -3.7167580200e-04  1.0945784000e-05 -3.2398054000e-04 -2.1772033400e-04 -2.2543220700e-04  1.0922826200e-04  3.3490400000e-07 -4.6983452000e-05  2.1115600000e-07 -4.5604160000e-06 -2.8451820000e-05  1.5091491700e-04 -6.5196520000e-06  3.9721174000e-05 -2.2185580000e-04  3.6314376000e-05  3.3822275700e-04 -8.0841680000e-05 -2.0194229200e-04  5.2047861300e-04  2.3440661200e-04 -4.8291544000e-05  1.2154584000e-05 -8.8216306000e-05 -8.1042070000e-06 -4.4940161000e-05  1.8663567600e-04 -2.2033092700e-04  2.3409377000e-05

JOB 3
COORDS  1.5485483597e-01  1.4754511421e-02 -1.7977958159e-02 -5.7317451367e-01 -7.2454033755e-01 -1.0123541251e+00 -1.9906577665e+00 -7.3251563700e-01 -9.8881063385e-01 -2.6953440373e+00 -2.6850561710e-03  1.4227588694e-02 -1.9782732524e+00  7.3366813251e-01  1.0037149984e+00 -5.6069392485e-01  7.3973588381e-01  9.9596032105e-01  1.6608310447e+00  2.2798032198e-03 -1.9728240782e-02  2.3705221778e+00  1.3775354469e-01  1.1597542720e+00  2.3631454486e+00 -1.5782737943e-01 -1.1999367564e+00 -3.6897322233e-02 -1.3228734365e+00 -1.7742552723e+00 -2.5488402107e+00 -1.3143698162e+00 -1.7479887619e+00 -3.8038911993e+00 -8.8300093113e-03  2.5668284866e-02 -2.5263201261e+00  1.3065669691e+00  1.7769790406e+00 -1.4525286035e-02  1.3429725391e+00  1.7469479416e+00  3.4224785396e+00  1.4959859614e-01  1.1874989419e+00  1.8613902900e+00  1.3612364108e-01  2.0784983352e+00  3.4138114599e+00 -2.0987712920e-01 -1.2283305454e+00  1.8528499994e+00 -1.4332150709e-01 -2.1180362134e+00
ENERGY -3.765421235113e+02
GRADIENT  1.6423471060e-03  8.6650650700e-04 -1.1458435670e-03 -2.0959129500e-04  2.4258992600e-04  1.1785618970e-03 -3.7242754000e-05 -2.5063520300e-04 -2.2315820400e-04 -2.1605649900e-04  4.7442416000e-05 -4.9071969000e-05 -2.6394682100e-04  3.3332231300e-04  6.4614128500e-04 -4.5356031300e-04 -1.2529415730e-03 -8.5403902100e-04 -6.2242845200e-04  4.3483649900e-04  7.2014358000e-05  4.7573677500e-04 -4.0437422000e-05  9.2826275000e-05  6.4449177000e-05 -2.0662956700e-04  2.3956901000e-04 -1.7332256000e-04  1.6850210000e-06  5.4908401000e-05 -6.3548803000e-05 -1.3929857000e-05  3.8913883000e-05 -1.7505020000e-05  3.8010370000e-05  7.4269810000e-06 -9.6456535000e-05 -4.1221976000e-05  2.8415333000e-05 -2.4078539400e-04  1.3117564900e-04 -1.6911882700e-04 -5.8834481000e-05 -2.6286167200e-04  1.1341312900e-04  2.3564129100e-04 -1.0576821000e-04 -2.5794649000e-05 -9.1029337000e-05  1.5217412000e-05  5.7055035000e-05  1.4292789600e-04  6.6415240000e-05 -6.0595957000e-05

JOB 4
COORDS  1.5307579528e-01  7.3878379980e-03 -1.3132317507e-02 -5.7195470204e-01 -7.3242826186e-01 -1.0096005675e+00 -1.9893340152e+00 -7.3561706524e-01 -9.8804572156e-01 -2.6919805695e+00 -9.7212484610e-04  1.2663655618e-02 -1.9744812286e+00  7.3695158842e-01  1.0005820784e+00 -5.5705192172e-01  7.4023003922e-01  9.9904973157e-01  1.6595306956e+00 -1.9759344423e-03 -1.9040655989e-02  2.3656081844e+00  1.3229376888e-01  1.1620502521e+00  2.3601276469e+00 -1.5184925161e-01 -1.2017048416e+00 -3.3472484155e-02 -1.3315790625e+00 -1.7694138896e+00 -2.5486811699e+00 -1.3166026840e+00 -1.7470251121e+00 -3.8005341495e+00 -3.5398871100e-03  2.2728860909e-02 -2.5233884782e+00  1.3144129829e+00  1.7697880710e+00 -8.1923704528e-03  1.3430257941e+00  1.7485835996e+00  3.4175285705e+00  1.5511243432e-01  1.1872837349e+00  1.8552852509e+00  1.2506675697e-01  2.0803233394e+00  3.4109449339e+00 -1.9959930293e-01 -1.2363151522e+00  1.8452427207e+00 -1.3433345277e-01 -2.1172027346e+00
ENERGY -3.765421466446e+02
GRADIENT -7.6607469000e-05  7.0627423000e-04 -1.7074877100e-04  1.3752092000e-04 -5.0548117300e-04  2.0399985000e-04  3.5919060000e-06  5.2905391000e-05  8.7031460000e-06 -1.8219913700e-04 -2.3693245000e-05  2.6987428000e-05  2.0820427300e-04 -1.6961522700e-04 -3.0977562300e-04  1.9171123700e-04 -1.0972197000e-05  5.4702527800e-04  1.8540562800e-04  1.7557220500e-04 -3.0192143700e-04 -7.6208498700e-04  8.9929680000e-06  6.4569645200e-04  2.2007259500e-04 -1.7337276600e-04  1.4226586000e-05 -3.8602338000e-05  8.7141530000e-06 -4.5902713000e-05  9.7187600000e-06  2.6479400000e-06 -3.0215000000e-07 -1.8879773000e-05 -2.1959243000e-05 -2.1324054000e-05  3.5406920000e-05 -2.2407641000e-05 -7.6649490000e-06  2.2235590000e-05  1.1943735900e-04 -2.4737134000e-05 -1.4552019000e-05 -1.9131971600e-04 -4.6207129200e-04  1.9061138000e-05 -6.0381030000e-05  1.3291090100e-04 -7.3696550000e-06  2.5862290000e-06 -2.2696527800e-04  8.4460007000e-05  1.0357287100e-04 -7.3626610000e-06

JOB 5
COORDS  1.5187213555e-01  2.2657665729e-03 -1.0381844642e-02 -5.7150333108e-01 -7.3712114343e-01 -1.0083663365e+00 -1.9888256332e+00 -7.3681819625e-01 -9.8811865727e-01 -2.6906513632e+00  8.4364859901e-04  1.0951154479e-02 -1.9753684795e+00  7.3948198289e-01  9.9981562019e-01 -5.5801496933e-01  7.3879021898e-01  9.9932064647e-01  1.6588528002e+00 -3.7472235859e-03 -1.7135354261e-02  2.3700509088e+00  1.2909365448e-01  1.1609250282e+00  2.3556492881e+00 -1.4849870047e-01 -1.2023698702e+00 -3.2032038728e-02 -1.3372071242e+00 -1.7667904295e+00 -2.5488400396e+00 -1.3169401959e+00 -1.7472710395e+00 -3.7991885580e+00  3.2790067149e-04  1.8914550794e-02 -2.5246190506e+00  1.3193268179e+00  1.7670212305e+00 -7.8400411805e-03  1.3398168931e+00  1.7492829915e+00  3.4216449178e+00  1.6141827226e-01  1.1914567215e+00  1.8586912925e+00  1.1964316653e-01  2.0785538880e+00  3.4066246288e+00 -1.9289358654e-01 -1.2382210682e+00  1.8377872350e+00 -1.3230463162e-01 -2.1162539596e+00
ENERGY -3.765421500827e+02
GRADIENT -5.7809392000e-04  3.5060059200e-04 -4.6915042400e-04  1.7309802600e-04 -6.9970800700e-04 -1.6481037400e-04 -8.3368064000e-05  8.8800081000e-05  6.2145968000e-05  5.0802797400e-04 -7.8700255000e-05 -1.7207603000e-05 -1.3538444000e-04  1.9455155600e-04  1.5055774600e-04 -5.5120631000e-05  6.1743187000e-05  2.2477440600e-04 -4.5949440500e-04  2.7396671300e-04  3.8687574300e-04  5.8002082000e-04 -1.1776834100e-04 -6.7785620900e-04 -1.4088064600e-04 -1.2331421900e-04  1.1136609800e-04  6.5404563000e-05  3.7727723000e-05 -6.9564279000e-05  5.7233871000e-05 -3.5178720000e-06 -3.7010124000e-05  3.9935018000e-05  5.9337750000e-06  2.5991110000e-05  2.0905949000e-05  2.7236603000e-05  3.2722661000e-05  6.6478430000e-06  4.4535812000e-05 -8.1710320000e-06  6.3674026000e-05 -3.6098646000e-05  4.7363539400e-04 -5.9391526000e-05 -1.3498909600e-04 -6.7008672000e-05  5.9047074000e-05  4.1205054000e-05  5.1269654000e-05 -4.4993227000e-05  6.8542564000e-05 -7.9875620000e-06

JOB 6
COORDS  1.5300862626e-01  2.5921026476e-03 -1.0778890555e-02 -5.7267550669e-01 -7.3587154323e-01 -1.0076020060e+00 -1.9900899413e+00 -7.3625163847e-01 -9.8775508489e-01 -2.6929900385e+00  1.0517836788e-03  1.0865059709e-02 -1.9750970161e+00  7.3818155217e-01  9.9902545599e-01 -5.5760212139e-01  7.3828099721e-01  9.9876149197e-01  1.6598505385e+00 -3.5154345001e-03 -1.7880467667e-02  2.3692476034e+00  1.2933339203e-01  1.1613511572e+00  2.3574457913e+00 -1.4874160570e-01 -1.2026429857e+00 -3.4152126304e-02 -1.3366236493e+00 -1.7661210291e+00 -2.5496209944e+00 -1.3167432232e+00 -1.7469803319e+00 -3.8015537992e+00  9.1949296241e-04  1.9298135739e-02 -2.5236258654e+00  1.3176420759e+00  1.7670040160e+00 -8.0478551759e-03  1.3387627371e+00  1.7496046356e+00  3.4208302899e+00  1.6183185573e-01  1.1901613747e+00  1.8581136402e+00  1.2217475421e-01  2.0791125992e+00  3.4083975929e+00 -1.9359357063e-01 -1.2370969145e+00  1.8405422316e+00 -1.3400985472e-01 -2.1170951314e+00
ENERGY -3.765421559080e+02
GRADIENT  1.3058541000e-05  3.2989906500e-04 -3.2248910900e-04 -5.0126099000e-05 -3.1845976700e-04  2.8020824100e-04  4.7960375000e-05  5.7696287000e-05  6.6088140000e-05 -3.0291995200e-04 -1.0413545000e-05 -2.9256060000e-06  1.8079327200e-04 -1.5913691100e-04 -2.3836626400e-04  5.8445453000e-05  6.7077648000e-05  1.1940998300e-04  8.5145870000e-06  3.2875294600e-04  1.1034796800e-04  1.2558741600e-04 -1.3348178200e-04 -1.0930848000e-04 -1.3019171600e-04 -1.2360325200e-04 -1.2610520100e-04  2.4920805000e-05  3.6838390000e-05  1.5848340000e-06 -1.6139266000e-05  1.5042180000e-05  1.2775311000e-05 -2.0846121000e-05 -1.1002499000e-05 -9.5105510000e-06  3.8988750000e-06 -2.2229673000e-05 -1.8419355000e-05  6.9300414000e-05 -9.0580170000e-06 -1.2335848000e-05  8.7111080000e-06 -6.4110862000e-05  1.7082956300e-04 -8.6820130000e-06 -9.1542919000e-05 -6.9886400000e-07  6.6522260000e-06  4.5060621000e-05  1.0846814000e-04 -2.5860390000e-06  6.3563476000e-05 -2.8916059000e-05

JOB 7
COORDS  1.5273613568e-01  2.3530545303e-03 -1.1038831708e-02 -5.7260836305e-01 -7.3579520287e-01 -1.0082454746e+00 -1.9899888065e+00 -7.3606193160e-01 -9.8828946093e-01 -2.6920355589e+00  1.5113889257e-03  1.0859778368e-02 -1.9760365619e+00  7.3861529520e-01  1.0003922427e+00 -5.5853921029e-01  7.3758101571e-01  9.9845355856e-01  1.6594898913e+00 -3.3551992553e-03 -1.7638693319e-02  2.3679427423e+00  1.2924447636e-01  1.1621362958e+00  2.3579997161e+00 -1.4868656288e-01 -1.2018966616e+00 -3.4343764382e-02 -1.3369999530e+00 -1.7665891353e+00 -2.5498543074e+00 -1.3163999252e+00 -1.7474018384e+00 -3.8005832803e+00  1.3413361328e-03  1.8834667218e-02 -2.5245900688e+00  1.3177397060e+00  1.7686468386e+00 -8.9915119864e-03  1.3375053888e+00  1.7496997316e+00  3.4195743904e+00  1.6258343255e-01  1.1864635539e+00  1.8584882116e+00  1.2463343532e-01  2.0808347296e+00  3.4088236803e+00 -1.9457598263e-01 -1.2380930044e+00  1.8405854726e+00 -1.3598293132e-01 -2.1160573687e+00
ENERGY -3.765421551266e+02
GRADIENT  2.0179714600e-04  2.8233227200e-04 -2.2408531500e-04  1.5990667000e-05 -2.1685646300e-04  3.1817374100e-04 -1.1154082900e-04 -1.2387334800e-04 -1.5044960000e-04  4.1157645100e-04  1.2376465000e-05 -2.2657484000e-05 -2.8343895600e-04  2.8446632900e-04  4.2353829500e-04 -1.6128935800e-04 -2.4043281300e-04 -3.4850545200e-04  2.3492715500e-04  3.7541824000e-04 -1.8974825200e-04 -3.7537614300e-04 -1.8565544400e-04  4.5828788900e-04  1.1015252000e-04 -1.0844017800e-04  7.2470045000e-05 -1.5116667000e-05  2.1045840000e-06  1.1842207000e-05  1.0575251000e-05 -2.0917586000e-05 -1.9195337000e-05  3.4464530000e-05  1.6578827000e-05  1.7951697000e-05 -2.3234221000e-05  1.5950335000e-05  3.4409601000e-05 -4.0157613000e-05 -2.3923819000e-05 -1.0148063000e-05 -1.4022297000e-05 -9.3335841000e-05 -3.0651755400e-04  1.5874850000e-05 -5.3306109000e-05  6.4320015000e-05 -1.6073372000e-05  2.8289187000e-05 -1.2538128600e-04  2.0933852000e-05  5.0110383000e-05 -3.9506690000e-06

