JOB 0
COORDS  1.6761590000e-01 -5.5600000000e-05  3.0220000000e-04 -5.6332090000e-01 -1.2404106000e+00  2.1745400000e-02 -1.9799435000e+00 -1.2346867000e+00  2.1452900000e-02 -2.6917184000e+00  9.1040000000e-04 -7.5100000000e-05 -1.9790929000e+00  1.2360181000e+00 -2.1315400000e-02 -5.6246160000e-01  1.2408245000e+00 -2.1227700000e-02  1.6772224000e+00 -5.7670000000e-04  7.1660000000e-04  2.3977968000e+00 -1.1818185000e+00  2.1518000000e-02  2.3975758000e+00  1.1807750000e+00 -1.8399900000e-02 -4.1006500000e-02 -2.2163460000e+00  3.8657700000e-02 -2.5313232000e+00 -2.1949294000e+00  3.8071400000e-02 -3.8003997000e+00  1.2921000000e-03 -2.6040000000e-04 -2.5298404000e+00  2.1966223000e+00 -3.7920700000e-02 -3.9479200000e-02  2.2163993000e+00 -3.7770200000e-02  3.4492828000e+00 -1.1941138000e+00  2.2071200000e-02  1.9043794000e+00 -2.1071223000e+00  3.8426700000e-02  3.4490572000e+00  1.1919795000e+00 -2.3019700000e-02  1.9045185000e+00  2.1061819000e+00 -3.9957200000e-02
ENERGY -3.765408621147e+02
GRADIENT -2.1268452000e-05  5.9470855000e-05 -2.2300157000e-05 -4.5630440000e-06  9.8313161000e-05  1.0907302000e-05 -1.1083669600e-04 -1.8218851400e-04  3.5099350000e-06  2.6004690100e-04  7.7221700000e-06 -2.0854050000e-06 -1.2065251800e-04  1.7188616600e-04 -8.3529300000e-07  2.0907910000e-06 -7.1866769000e-05 -5.5611750000e-06 -1.1799418000e-05 -7.7434732000e-05 -1.8627334000e-05  9.4004605000e-05  1.0140804500e-04  6.8162330000e-06 -1.0079244200e-04  1.3067810000e-06  1.1673664600e-04 -1.6447849000e-05 -6.4551500000e-06 -1.6554560000e-06  3.6355560000e-06 -2.2498016000e-05  3.2209350000e-06  2.1116362000e-05 -5.5039000000e-07 -1.6064250000e-06  2.1734710000e-06  1.9847024000e-05  1.3804170000e-06 -2.5364650000e-06 -2.2452240000e-06  1.7379300000e-06  1.4667244000e-05 -3.8171880000e-05 -8.2893500000e-06 -8.2682230000e-06  2.5769200000e-07 -4.4083280000e-06  6.0927200000e-06 -7.8805286000e-05 -3.9843353000e-05 -2.1940990000e-05  1.9647536000e-05 -3.9145063000e-05

JOB 1
COORDS  1.6865052246e-01 -6.7503158454e-04 -1.0900001520e-02 -5.6278255413e-01 -1.2393998765e+00  5.1210760994e-02 -1.9794440042e+00 -1.2327058316e+00  5.1248971219e-02 -2.6933734328e+00  6.1429640635e-04 -2.2342693377e-03 -1.9786232882e+00  1.2336219644e+00 -5.1999572373e-02 -5.6196355440e-01  1.2394021694e+00 -5.2580531002e-02  1.6780997387e+00 -3.4630354674e-04  1.3333482434e-02  2.3970731851e+00 -1.1820068934e+00 -2.8497794120e-02  2.3988693051e+00  1.1808754889e+00  3.3415773011e-02 -4.0879691595e-02 -2.2145806460e+00  9.8053337575e-02 -2.5303801343e+00 -2.1923229420e+00  9.4889285703e-02 -3.8020900603e+00  1.0145167499e-03 -1.5969728688e-03 -2.5289375698e+00  2.1938877335e+00 -8.8698485838e-02 -3.9525560796e-02  2.2148024724e+00 -8.7122379853e-02  3.4485337725e+00 -1.1946609034e+00 -2.8661838256e-02  1.9029159757e+00 -2.1065194611e+00 -6.0280088407e-02  3.4503259611e+00  1.1938460673e+00  2.9815059742e-02  1.9053044921e+00  2.1061646006e+00  4.3630195841e-02
ENERGY -3.765407966505e+02
GRADIENT  1.7870411400e-04 -3.0882422700e-04 -3.7169766030e-03  1.0423042000e-05 -3.8201743000e-05  1.1814303540e-03  3.1840158300e-04  4.7273081000e-04  1.4214454400e-04 -7.6355872900e-04  2.4309700000e-06 -3.5540572000e-05  3.1658108800e-04 -4.7865863100e-04  1.3563055100e-04  3.4178196000e-05  1.3862910200e-04  1.1633338800e-04  1.0848161000e-05  1.1565423400e-04  4.5189713440e-03 -2.3016827900e-04 -9.3505633000e-05 -9.6515007200e-04  1.7317365400e-04  1.6618800000e-05 -6.3105017000e-04 -6.4485310000e-06 -1.8667668000e-05 -2.8344468400e-04 -1.4777091000e-05  5.7104243000e-05 -7.8796918000e-05 -6.2883359000e-05 -2.4956900000e-07 -1.3520800000e-05 -1.1880207000e-05 -5.7938293000e-05  2.3556416000e-05 -1.3261572000e-05  2.3694876000e-05  4.6611162000e-04 -3.1966266000e-05  9.2739411000e-05 -3.2516650500e-04  4.2259462000e-05 -3.7277500000e-06  3.2746846000e-05 -1.9750788000e-05  1.1298283900e-04  1.1050918000e-05  5.9282047000e-05 -3.2338314000e-05 -5.7829703800e-04

JOB 2
COORDS  1.6831665396e-01 -1.7523796678e-03 -1.6689250570e-02 -5.6278503827e-01 -1.2389568575e+00  7.4107348005e-02 -1.9794019996e+00 -1.2323280508e+00  7.6152643281e-02 -2.6910383272e+00  1.0374528411e-03 -1.7311856734e-03 -1.9778121807e+00  1.2336671147e+00 -7.7019129988e-02 -5.6120148459e-01  1.2381585803e+00 -7.8554348412e-02  1.6776723837e+00 -1.4371742276e-03  1.2388503626e-02  2.3977588820e+00 -1.1802207201e+00 -7.1734586338e-02  2.3972580988e+00  1.1790350109e+00  7.4518623683e-02 -4.0532739046e-02 -2.2125236934e+00  1.4465237574e-01 -2.5310868679e+00 -2.1902513853e+00  1.4226101465e-01 -3.7997227521e+00  1.9031691799e-03  6.3312406246e-04 -2.5282396980e+00  2.1929778306e+00 -1.3273357525e-01 -3.7860459216e-02  2.2119741943e+00 -1.3640163259e-01  3.4492027832e+00 -1.1930419114e+00 -6.4985655653e-02  1.9040723483e+00 -2.1030203514e+00 -1.4001493986e-01  3.4487037897e+00  1.1934736590e+00  7.1374758682e-02  1.9025784925e+00  2.1023251290e+00  1.2680569460e-01
ENERGY -3.765408658444e+02
GRADIENT  1.4751190000e-04 -3.2081315800e-04 -4.6831616940e-03 -9.9005943000e-05  1.9824225000e-04  1.5484258130e-03  1.2385474000e-05 -9.1930214000e-05  1.2081615200e-04  1.4300389500e-04  1.4845362000e-05 -2.4945890000e-05 -2.4482561000e-05  1.0477468800e-04  5.8668891000e-05 -6.5248962000e-05 -4.3293326000e-05  4.2439845700e-04 -1.5726323400e-04 -8.8665779000e-05  4.9791144500e-03 -3.2717921000e-05  2.3813849000e-05 -1.1071638580e-03  2.3830225600e-04 -2.7021380000e-06 -7.0825005000e-04 -1.8173609200e-04 -7.9123481000e-05 -4.0025085100e-04  4.6855060000e-06 -1.3345036000e-05 -7.3336627000e-05  4.6142380000e-06  6.9578200000e-07 -1.9716000000e-08  4.6864900000e-06  1.2161089000e-05  1.2575563000e-05 -1.4174953200e-04  8.0219243000e-05  6.1406451200e-04 -4.8133681000e-05  7.5638445000e-05 -4.0390861000e-04  1.2442883700e-04  3.2890247000e-05  2.6266306600e-04 -3.7179025000e-05  1.1981070900e-04  7.3718296000e-05  1.0974868700e-04 -2.2772494000e-05 -6.9403071400e-04

JOB 3
COORDS  1.6805672840e-01 -2.3959129907e-03 -2.1232241389e-02 -5.6159730118e-01 -1.2363401037e+00  1.1191129652e-01 -1.9782947174e+00 -1.2290284524e+00  1.1633991601e-01 -2.6903085564e+00  1.0633111257e-03 -8.2186055843e-04 -1.9765301405e+00  1.2302864852e+00 -1.1711065956e-01 -5.5983485519e-01  1.2358299472e+00 -1.1963120316e-01  1.6769403370e+00 -2.0786700080e-03  1.0974870652e-02  2.3970709523e+00 -1.1740244967e+00 -1.4109942690e-01  2.3943741711e+00  1.1738918696e+00  1.4142137569e-01 -3.7729471194e-02 -2.2055309774e+00  2.2116432685e-01 -2.5299852824e+00 -2.1838427222e+00  2.1779586365e-01 -3.7989946225e+00  2.2470889118e-03  3.3680606636e-03 -2.5272133401e+00  2.1870159129e+00 -2.0509436544e-01 -3.5437317779e-02  2.2057970986e+00 -2.1873295746e-01  3.4483711443e+00 -1.1912505859e+00 -1.2210705327e-01  1.9019363412e+00 -2.0892633506e+00 -2.7307327665e-01  3.4458442428e+00  1.1884842073e+00  1.3404488102e-01  1.8988610775e+00  2.0900739962e+00  2.6503088299e-01
ENERGY -3.765411255893e+02
GRADIENT -1.0398186000e-05 -3.6595565100e-04 -5.2794167300e-03  1.5494268000e-05  2.5722908900e-04  1.6990056250e-03  2.1113311300e-04  4.5236449000e-05  4.2395646000e-05 -2.5220056400e-04  3.6028471000e-05 -4.1163913000e-05  2.0765829400e-04 -1.5878335700e-04  3.4846169000e-05  8.6668409000e-05  1.4549629100e-04  7.9785775900e-04 -2.3231400500e-04 -2.8772874400e-04  5.1956081460e-03  2.1592939700e-04  2.5362892600e-04 -1.2109374140e-03  1.1450191500e-04  2.0786408100e-04 -7.2886658400e-04 -3.5748262200e-04 -2.0375209100e-04 -4.8336700400e-04  1.5571812000e-05  7.7688920000e-06 -4.0818886000e-05 -2.8647264000e-05 -7.2245970000e-06  1.3082184000e-05  2.4779949000e-05 -1.5185947000e-05  1.9239076000e-05 -3.2799184400e-04  2.1511417200e-04  6.3101554400e-04 -7.0379314000e-05 -1.1788453000e-05 -4.4525010200e-04  2.5490723000e-04  2.4321923000e-05  5.1105538400e-04 -7.6121251000e-05 -1.8102985400e-04  9.0090117000e-05  2.2342304500e-04  4.0466490000e-05 -8.0453995500e-04

JOB 4
COORDS  1.6751762848e-01  1.2067321189e-03 -1.1703308013e-02 -5.5712009093e-01 -1.2345182188e+00  1.2751639066e-01 -1.9739461756e+00 -1.2293203899e+00  1.3339197747e-01 -2.6852476139e+00 -4.3021779008e-05  2.3552305407e-03 -1.9766790607e+00  1.2304363912e+00 -1.3295347023e-01 -5.5989639380e-01  1.2369217182e+00 -1.3513341069e-01  1.6759089368e+00  1.4791975113e-03 -2.3752738769e-03  2.3886837512e+00 -1.1726058616e+00 -1.7065925656e-01  2.3947143807e+00  1.1717098320e+00  1.6599998375e-01 -2.8112444126e-02 -2.1991973502e+00  2.5156115473e-01 -2.5252035770e+00 -2.1830535252e+00  2.4695859880e-01 -3.7938864101e+00 -7.6576362227e-04  6.5564854095e-03 -2.5298306951e+00  2.1839327602e+00 -2.3919698712e-01 -3.3491689169e-02  2.2024018366e+00 -2.6351050710e-01  3.4395556992e+00 -1.1993320113e+00 -1.3802711205e-01  1.8868171700e+00 -2.0799551252e+00 -3.3083016048e-01  3.4461176227e+00  1.1928422907e+00  1.5234525815e-01  1.8968598774e+00  2.0784701376e+00  3.4088425758e-01
ENERGY -3.765414450101e+02
GRADIENT -4.0156713100e-04 -4.0026491000e-04 -1.7858310820e-03  4.2770576200e-04 -3.8737304000e-05  5.2395914700e-04 -3.3918288100e-04 -4.4264840100e-04 -6.7405375000e-05  9.1753709100e-04 -6.5423033000e-05  2.9220227000e-05 -3.3805360300e-04  7.0433690400e-04 -1.8610865200e-04  1.3922966300e-04 -1.2965029800e-04  8.6607048000e-04 -4.8329603600e-04  6.8352474300e-04  9.0849329000e-04 -3.4202669800e-04 -2.1672449100e-04 -3.5771930800e-04  5.0933956300e-04 -2.5984948100e-04 -1.4389577800e-04 -1.0144219900e-04 -1.6949972900e-04 -4.3135816700e-04  6.7450102000e-05 -6.7113546000e-05  4.9671471000e-05  6.8416984000e-05  2.2531294000e-05  7.1628860000e-06  4.6371137000e-05  8.6403096000e-05 -3.9322320000e-06 -3.7701757600e-04  1.7552596600e-04  2.1898174500e-04 -3.8370503000e-05 -1.5915061000e-05 -1.1473284900e-04  7.8316265000e-05 -2.0192839200e-04  7.2314391200e-04 -4.4940489000e-05  3.3523720200e-04  1.6899282200e-04  2.2153602900e-04 -1.4285000000e-07 -4.0631462900e-04

JOB 5
COORDS  1.6999165369e-01  8.2712982747e-04  1.5921917580e-02 -5.6325565343e-01 -1.2286382795e+00  1.6083821742e-01 -1.9805997816e+00 -1.2175379468e+00  1.6339462977e-01 -2.6992185966e+00  4.0527747056e-03  4.7972400764e-03 -1.9745738345e+00  1.2211964649e+00 -1.6099254287e-01 -5.5717344700e-01  1.2291159625e+00 -1.5957238009e-01  1.6776496955e+00 -2.9638210791e-03 -1.8612043944e-02  2.4040627726e+00 -1.1628342880e+00 -2.1998098643e-01  2.3861150300e+00  1.1623727321e+00  2.0999885371e-01 -3.6423391741e-02 -2.1894194689e+00  3.1883071708e-01 -2.5322097383e+00 -2.1685456685e+00  2.9588209477e-01 -3.8080305922e+00  6.5329450973e-03  4.2359071174e-03 -2.5227044653e+00  2.1727713378e+00 -3.0314733138e-01 -2.4404055272e-02  2.1832373051e+00 -3.3835818344e-01  3.4543615422e+00 -1.1841012361e+00 -1.6575935174e-01  1.9123148829e+00 -2.0596979076e+00 -4.5442555054e-01  3.4371176507e+00  1.1889029790e+00  1.7565556943e-01  1.8838048459e+00  2.0451880380e+00  4.7507799428e-01
ENERGY -3.765414245913e+02
GRADIENT  1.0869552600e-03  2.3132290700e-03  5.6155384390e-03 -4.6881014400e-04  2.9954368500e-04 -2.2865884440e-03  1.4212576820e-03  2.2365814750e-03 -6.0070960300e-04 -4.6414206530e-03  7.9628430000e-06  1.0511891800e-04  1.7597024950e-03 -2.9919019180e-03  2.2079936800e-04  4.7583570000e-06 -2.5817020000e-04  4.1298843100e-04  1.2405397000e-05 -8.3868654200e-04 -6.2789662800e-03  2.2933549500e-03  9.4062960000e-04  1.2418018800e-03 -9.6111009500e-04 -9.1089582000e-04  5.8120832900e-04 -2.1782639400e-04  1.3116321000e-04  1.3547865200e-04 -1.9507378400e-04  3.6842805400e-04  7.7398698000e-05 -3.5510768000e-04 -6.2859386000e-05  7.9229890000e-06 -1.2695694000e-04 -3.9340185600e-04  5.8861121000e-05  3.7069667800e-04 -1.9958505400e-04 -4.4114271100e-04  6.1754491000e-05 -2.0456128500e-04  5.5988680200e-04  9.6566027000e-05  2.4273758000e-04  5.3944021400e-04  1.3860341000e-05 -7.8784813700e-04 -1.2712107900e-04 -1.6451292800e-04  1.0797838700e-04  1.7751230800e-04

JOB 6
COORDS  1.6679336100e-01  1.7180448737e-03  1.8257054008e-02 -5.5670754412e-01 -1.2341141275e+00  1.5978059649e-01 -1.9735184297e+00 -1.2281827377e+00  1.5953952532e-01 -2.6803120231e+00  8.0194902085e-04  1.7529800306e-03 -1.9728124778e+00  1.2289791169e+00 -1.5802498947e-01 -5.5594520461e-01  1.2339197186e+00 -1.5390263377e-01  1.6738226553e+00  2.2025759992e-03 -8.9581510911e-03  2.3850399521e+00 -1.1672290845e+00 -2.0846106382e-01  2.3869076866e+00  1.1688542099e+00  2.0267967203e-01 -2.4502009946e-02 -2.1923843303e+00  3.1564597250e-01 -2.5274805027e+00 -2.1787790667e+00  2.8612312391e-01 -3.7889166210e+00  7.2566106978e-04 -1.1794575538e-03 -2.5258838807e+00  2.1785476550e+00 -2.9566669198e-01 -2.0878607430e-02  2.1888209898e+00 -3.2107087478e-01  3.4355912850e+00 -1.1978509220e+00 -1.6640743696e-01  1.8825924665e+00 -2.0578335966e+00 -4.4460112187e-01  3.4377875522e+00  1.1956419404e+00  1.6533525984e-01  1.8862630053e+00  2.0567415560e+00  4.5312667164e-01
ENERGY -3.765416148465e+02
GRADIENT -4.3690188700e-04  3.3209630200e-04  4.5995369110e-03  9.8182963000e-05 -2.3073557400e-04 -2.1736828120e-03 -7.7631210800e-04 -1.0378147610e-03  1.1146480200e-04  1.9908109080e-03 -1.7878930000e-05  3.0310820000e-05 -7.8129144900e-04  9.8239236500e-04 -1.3623451400e-04  2.1662732600e-04 -1.5655327700e-04 -1.3942552000e-05  4.7550563200e-04  2.0126105800e-04 -4.1247663130e-03 -3.0615313300e-04 -3.3612706000e-04  8.0234729000e-04 -5.0603694900e-04  5.2252525700e-04  4.1858012900e-04 -1.7144880700e-04 -5.6365750000e-05  1.0149903000e-05  6.3102391000e-05 -1.5345142200e-04  6.5714097000e-05  1.5133880700e-04 -2.0048550000e-06 -1.9584493000e-05  7.2019305000e-05  1.6031052600e-04 -2.8446720000e-06  4.6231216000e-05  1.9048438000e-05 -2.3957360500e-04 -6.6899509000e-05  3.0126487000e-05  5.1555653900e-04  6.3067760000e-06 -8.4605994000e-05  3.0204305600e-04 -2.5624910000e-06 -3.2134065800e-04 -7.4389079000e-05 -7.8077181000e-05  1.4920575100e-04 -7.1987249000e-05

JOB 7
COORDS  1.6969571931e-01  3.2759294005e-03  1.2888570842e-02 -5.5405021870e-01 -1.2320663461e+00  1.5462380233e-01 -1.9710226000e+00 -1.2252493923e+00  1.5323122980e-01 -2.6873505932e+00 -1.2133972628e-03 -2.3674314666e-05 -1.9752363866e+00  1.2251450780e+00 -1.5275400940e-01 -5.5824808988e-01  1.2342865958e+00 -1.4865464925e-01  1.6772610102e+00  4.4179991159e-03 -4.3436514063e-03  2.3812042841e+00 -1.1710439751e+00 -1.9511876555e-01  2.3965122020e+00  1.1701629922e+00  1.9294138735e-01 -2.1697490939e-02 -2.1911843228e+00  3.0541598096e-01 -2.5218747622e+00 -2.1780394192e+00  2.7596638039e-01 -3.7960698099e+00 -3.3787097703e-03 -2.8158758893e-03 -2.5282781418e+00  2.1755942857e+00 -2.8373011001e-01 -2.8035059174e-02  2.1938441022e+00 -3.0316058493e-01  3.4320375813e+00 -1.2075747626e+00 -1.6664045524e-01  1.8719487383e+00 -2.0604518163e+00 -4.2114741626e-01  3.4473759810e+00  1.2020919525e+00  1.5997759022e-01  1.8956391454e+00  2.0619322283e+00  4.2740502569e-01
ENERGY -3.765416203276e+02
GRADIENT  1.2058680500e-04 -9.2688223600e-04  2.7578695520e-03  3.5828619800e-04 -7.1621340400e-04 -1.4184089510e-03  6.5586769800e-04  1.0579029890e-03 -8.1436119000e-05 -1.4051999110e-03 -1.4106228000e-05  4.8214180000e-06  4.5217215800e-04 -6.1209526500e-04  9.4391810000e-05  1.6627115000e-05  3.4381892600e-04 -7.9749835000e-05 -4.3664557800e-04  1.0422307850e-03 -2.3988168560e-03 -8.8276404700e-04 -3.1059906900e-04  7.3703139300e-04  1.0152591660e-03 -2.2946844700e-04  2.1488220000e-05  2.8684240500e-04 -1.8868369000e-05 -1.3480017000e-04  1.3294182000e-05  1.1326767000e-04 -3.1558108000e-05 -1.1299913200e-04  4.1503899000e-05 -1.1460933000e-05 -3.3625901000e-05 -8.9901862000e-05  1.6183190000e-05 -5.7236091000e-05 -2.4200907000e-05  5.2989690000e-06 -5.0371797000e-05 -1.5245749300e-04  2.3801542400e-04 -7.4566069000e-05 -1.8918460000e-04  3.2164952900e-04 -8.2638690000e-06  8.5384529200e-04  1.3005920600e-04  1.3824352700e-04 -1.6817690000e-04 -1.7324595800e-04

JOB 8
COORDS  1.6809995210e-01  1.4472749339e-03  1.3236667930e-02 -5.5900301229e-01 -1.2318726467e+00  1.5655114252e-01 -1.9759238302e+00 -1.2259365965e+00  1.5485132140e-01 -2.6868074938e+00  9.4348414968e-04 -6.2557219095e-04 -1.9748186670e+00  1.2272804873e+00 -1.5454659817e-01 -5.5787354651e-01  1.2333638025e+00 -1.4958200103e-01  1.6759302429e+00 -1.8302286523e-04 -5.5251546053e-03  2.3904092502e+00 -1.1695781782e+00 -1.9515928591e-01  2.3910920119e+00  1.1670367157e+00  1.9455516204e-01 -2.7972377999e-02 -2.1912240881e+00  3.0995634079e-01 -2.5286227598e+00 -2.1775559286e+00  2.7886980007e-01 -3.7954739305e+00  9.7153568715e-04 -3.8764986610e-03 -2.5267904281e+00  2.1781876980e+00 -2.8695327231e-01 -2.5722045183e-02  2.1917311179e+00 -3.0480172275e-01  3.4416887270e+00 -1.1951499455e+00 -1.6950050941e-01  1.8898173128e+00 -2.0619271745e+00 -4.2864271514e-01  3.4420474384e+00  1.1953395496e+00  1.6114372213e-01  1.8903805173e+00  2.0575853082e+00  4.3443258997e-01
ENERGY -3.765416525537e+02
GRADIENT  3.1138697000e-04  2.5351640700e-04  2.9677175230e-03 -2.9637602900e-04  3.7312264700e-04 -1.5386213090e-03 -1.0216572100e-04 -3.1519746700e-04  2.3666644000e-05  8.2669722000e-05  5.5312735000e-05  4.5071790000e-06 -8.7792694000e-05  1.4644176400e-04 -4.7273476000e-05 -2.3335613000e-04 -2.0410694900e-04  6.2017718000e-05 -2.8079905600e-04 -2.7386792000e-05 -2.9296216420e-03  5.6295976800e-04  2.6863669700e-04  9.7353411600e-04  1.8025759400e-04 -4.9046604600e-04  5.9302312000e-05 -5.6765498000e-05  1.2210444000e-05  1.0633528000e-05 -3.3175211000e-05 -1.1071728000e-05 -1.8605863000e-05  8.1755200000e-06 -1.2192242000e-05  1.4783193000e-05 -2.8245135000e-05 -9.1813900000e-07 -1.0748656000e-05 -4.0206114000e-05 -4.8461136000e-05  6.6431014000e-05  4.1586889000e-05 -1.0557972700e-04  2.0216304200e-04 -2.8050372000e-05  1.6196630000e-05  2.9126384700e-04  1.5979668000e-05  1.3703943700e-04 -1.6649702000e-05 -2.3261180000e-05 -4.7483729000e-05 -1.1486091500e-04

JOB 9
COORDS  1.6703823261e-01  2.4284977004e-03  1.7189072210e-02 -5.5648204293e-01 -1.2329134549e+00  1.6182739426e-01 -1.9733425421e+00 -1.2257700464e+00  1.5938268387e-01 -2.6846180400e+00  2.5787496511e-04 -7.3144975733e-04 -1.9732033644e+00  1.2263884290e+00 -1.5896736674e-01 -5.5635148442e-01  1.2345707270e+00 -1.5329191240e-01  1.6741302043e+00  1.6657073741e-03 -6.2022634177e-03  2.3853999967e+00 -1.1691554860e+00 -1.9927377140e-01  2.3888172480e+00  1.1679391134e+00  2.0096708494e-01 -2.4108770986e-02 -2.1907061426e+00  3.2030493722e-01 -2.5262815809e+00 -2.1768321329e+00  2.8643916230e-01 -3.7932855773e+00 -2.8641350685e-04 -4.9454202646e-03 -2.5259638553e+00  2.1760975080e+00 -2.9643164233e-01 -2.3021230679e-02  2.1913380946e+00 -3.1508718867e-01  3.4367462091e+00 -1.1937523180e+00 -1.7656320264e-01  1.8844230384e+00 -2.0570178500e+00 -4.4879437809e-01  3.4398408725e+00  1.1892563168e+00  1.6479594555e-01  1.8915789123e+00  2.0569886812e+00  4.5402637244e-01
ENERGY -3.765416561666e+02
GRADIENT -6.6780517100e-04  3.2543131000e-04  3.8054108970e-03  3.4202002100e-04 -7.1596363100e-04 -1.7999651670e-03  1.0744999000e-04  2.6986636300e-04 -4.0496121000e-05 -1.2717382800e-04 -2.1306197000e-05 -1.0117260000e-06  1.9698740100e-04 -3.4527232100e-04  4.8340124000e-05  3.6729135400e-04  5.2782241500e-04 -1.2576311500e-04  6.7824699000e-04  1.5700422400e-04 -3.7137967840e-03 -1.9775951500e-04 -5.0350597600e-04  1.1252515400e-03 -6.5784219000e-04  6.3668428200e-04  4.0329892800e-04 -6.7895890000e-06 -6.6913681000e-05  4.8816667000e-05  3.7897643000e-05  3.8105330000e-06  5.3331580000e-06 -1.2441109000e-05 -1.0004667000e-05  2.8097500000e-06  4.9335304000e-05 -6.2760150000e-06 -3.4667040000e-06  5.2614804000e-05  8.4954904000e-05 -5.0098298000e-05 -5.1577402000e-05  2.1556814100e-04  3.0333886000e-04 -2.3534763000e-05 -6.0013194000e-05  2.1566669800e-04 -3.6898886000e-05 -6.2573964200e-04 -1.9083792400e-04 -5.7833263000e-05  1.3366592600e-04 -3.3224966000e-05

JOB 10
COORDS  1.6832193303e-01  2.2331687490e-03  1.8027060559e-02 -5.5674760180e-01 -1.2320992900e+00  1.6333531591e-01 -1.9736535766e+00 -1.2257295266e+00  1.6063849768e-01 -2.6846258111e+00  2.8461900447e-04 -1.0235986598e-03 -1.9738189120e+00  1.2266119994e+00 -1.6030661215e-01 -5.5691132876e-01  1.2329993148e+00 -1.5410397401e-01  1.6754398613e+00  1.7754179185e-03 -5.2860381604e-03  2.3852668587e+00 -1.1701275647e+00 -1.9771196762e-01  2.3909004790e+00  1.1677468339e+00  2.0199293580e-01 -2.4510693930e-02 -2.1896755542e+00  3.2319492139e-01 -2.5265548053e+00 -2.1767173768e+00  2.8855273431e-01 -3.7932789169e+00 -3.9782033748e-04 -5.6242890983e-03 -2.5262852027e+00  2.1763452169e+00 -2.9896042237e-01 -2.3494079081e-02  2.1895067404e+00 -3.1680669459e-01  3.4367032554e+00 -1.1968076050e+00 -1.8113715743e-01  1.8827056787e+00 -2.0548140669e+00 -4.5527112594e-01  3.4418764527e+00  1.1946296153e+00  1.6743657436e-01  1.8915853354e+00  2.0547750769e+00  4.5788564200e-01
ENERGY -3.765416686283e+02
GRADIENT  1.6049411300e-04  1.6748433400e-04  3.8310243080e-03 -1.7432603000e-05 -1.6049029600e-04 -1.9216624030e-03 -1.1621444100e-04 -7.4704903000e-05  2.5837391000e-05  2.5652539100e-04 -4.8772278000e-05 -6.5088160000e-06 -1.2101124600e-04  2.2601981200e-04 -8.4133640000e-06 -7.2626884000e-05 -2.8294219800e-04 -6.7605845000e-05  1.3604755300e-04  3.3009187100e-04 -3.6503129810e-03 -1.4072451300e-04 -3.1794404500e-04  1.3305101110e-03 -1.4993976000e-05  1.2537658100e-04  2.1646400700e-04 -1.8835102000e-05  2.6304713000e-05  3.6650809000e-05 -2.7027380000e-06 -1.2451850000e-05  9.6804380000e-06  1.9883411000e-05  7.9400510000e-06 -5.3766090000e-06 -1.0152796000e-05  2.0621209000e-05 -3.2147850000e-06  3.9669060000e-06 -1.4632973000e-05 -4.5123950000e-05 -5.6693491000e-05 -6.2687600000e-07  2.1475682600e-04  6.9255720000e-06  1.9197040000e-06  1.4496386600e-04 -2.1640197000e-05 -1.0317796000e-05 -6.5382795000e-05  7.3548000000e-08  1.6596918000e-05 -3.6479298000e-05

JOB 11
COORDS  1.6797457721e-01  1.7823978869e-03  1.5661083025e-02 -5.5748665627e-01 -1.2321776652e+00  1.6248613039e-01 -1.9743563366e+00 -1.2256097579e+00  1.5976615246e-01 -2.6850773661e+00  6.5302421226e-04 -1.5011877292e-03 -1.9730476911e+00  1.2264616388e+00 -1.5968393680e-01 -5.5612773822e-01  1.2337686661e+00 -1.5358234131e-01  1.6752146906e+00  2.5327076023e-04 -3.7766473953e-03  2.3868899312e+00 -1.1715878446e+00 -1.9107652077e-01  2.3908151402e+00  1.1667737529e+00  1.9957062041e-01 -2.5359441653e-02 -2.1900059062e+00  3.2139404286e-01 -2.5274198749e+00 -2.1765212824e+00  2.8749196938e-01 -3.7937438538e+00  6.1900501846e-04 -5.9557771365e-03 -2.5253345990e+00  2.1765044871e+00 -2.9676548005e-01 -2.2888108825e-02  2.1909085136e+00 -3.1296922823e-01  3.4386050681e+00 -1.1950969128e+00 -1.8475028522e-01  1.8857207422e+00 -2.0556777955e+00 -4.5366658764e-01  3.4419062579e+00  1.1957918535e+00  1.6960727097e-01  1.8902459160e+00  2.0538195904e+00  4.5278633882e-01
ENERGY -3.765416742929e+02
GRADIENT -1.2053813500e-04  1.6873746600e-04  3.1979208560e-03 -4.1077180000e-05 -1.6178243800e-04 -1.6359948790e-03 -5.9643180000e-06 -8.2816902000e-05  2.1387972000e-05 -5.3790056000e-05  2.1100820000e-05 -1.1238650000e-05  8.1849723000e-05 -1.6368014300e-04  2.5923045000e-05  1.4178232500e-04  2.5783361000e-04 -7.0426516000e-05 -4.8780514600e-04  2.2682391800e-04 -3.1969067720e-03  2.0661363200e-04 -2.5775529000e-05  1.5288351930e-03  2.6148011500e-04 -4.1195178800e-04  7.8231400000e-07 -1.7706493000e-05 -1.4573459000e-05  2.1911343000e-05 -5.1473770000e-06 -2.0046020000e-06 -5.9749440000e-06 -3.5166130000e-06 -1.7635011000e-05  4.8976410000e-06  1.7812656000e-05 -1.0581518000e-05 -4.7150640000e-06  2.2909353000e-05  1.3420350000e-05  5.1162236000e-05  1.1367157000e-05 -8.4829163000e-05  4.8489516000e-05 -1.6908047000e-05  2.6227841000e-05  8.3083303000e-05  1.0776572000e-05  3.0126502000e-04  7.6858570000e-06 -1.1201700000e-05 -4.0955848000e-05 -6.6430180000e-05

JOB 12
COORDS  1.6866903969e-01  1.7677056207e-03  1.5067330685e-02 -5.5700440973e-01 -1.2317820787e+00  1.6354808805e-01 -1.9739020719e+00 -1.2247787590e+00  1.6083162004e-01 -2.6855945734e+00  8.2486417077e-04 -1.5752268466e-03 -1.9741459814e+00  1.2267656455e+00 -1.6101426254e-01 -5.5718608152e-01  1.2327155960e+00 -1.5474914179e-01  1.6759653034e+00  6.2763373626e-04 -3.1078688231e-03  2.3867771281e+00 -1.1723735488e+00 -1.8776848261e-01  2.3918409972e+00  1.1669459810e+00  2.0031584937e-01 -2.4770506229e-02 -2.1894106731e+00  3.2325578690e-01 -2.5267646759e+00 -2.1756522865e+00  2.8967127613e-01 -3.7942639203e+00  2.1691027738e-04 -5.8686401962e-03 -2.5262862855e+00  2.1768038221e+00 -2.9885365115e-01 -2.4239788788e-02  2.1898613153e+00 -3.1476655012e-01  3.4386314631e+00 -1.1927507066e+00 -1.9016980408e-01  1.8863177728e+00 -2.0540801366e+00 -4.5996268995e-01  3.4431441810e+00  1.1909794579e+00  1.7317636942e-01  1.8935180144e+00  2.0542567661e+00  4.5715862268e-01
ENERGY -3.765416764371e+02
GRADIENT  2.8745107800e-04  7.0112816000e-05  3.0316056420e-03 -6.1238551000e-05 -9.5392892000e-05 -1.5615655190e-03  7.9138274000e-05  8.5323483000e-05 -5.9876160000e-06 -6.7258691000e-05  4.6667760000e-06 -4.7641250000e-06 -1.1417537600e-04  2.3665990900e-04 -3.1648384000e-05 -2.3462808400e-04 -3.1653392200e-04  2.5860853000e-05  2.2643375900e-04  2.4677068400e-04 -3.1796551890e-03 -3.9749350000e-05 -3.0954517600e-04  1.6967135180e-03 -1.5127839000e-05  5.2435466000e-05  9.4104686000e-05  3.7691914000e-05  1.2324009000e-05 -7.9566200000e-07 -2.1103730000e-06  1.0262700000e-05 -9.0808970000e-06 -4.3080740000e-06  2.6880260000e-05 -8.2486900000e-07 -4.1002399000e-05 -2.1213490000e-06 -6.2938960000e-06 -6.6703837000e-05 -3.3559701000e-05  5.3785317000e-05 -5.2022280000e-06  9.3936898000e-05 -2.3748919000e-05 -7.6815340000e-06 -8.9156290000e-06  1.6454058000e-05 -5.4976510000e-06 -6.2960704000e-05 -5.5896793000e-05  2.4105130000e-05 -1.1698742000e-05 -3.7832734000e-05

JOB 13
COORDS  1.6854271836e-01  2.3419897479e-03  1.6186946308e-02 -5.5679761342e-01 -1.2314426836e+00  1.6495213049e-01 -1.9736848773e+00 -1.2253558798e+00  1.6253260405e-01 -2.6845743606e+00  4.8020943961e-04 -1.1705538105e-03 -1.9729836768e+00  1.2261398629e+00 -1.6239033394e-01 -5.5605931599e-01  1.2334813796e+00 -1.5633690626e-01  1.6756098982e+00  1.0953199616e-03 -3.7768247286e-03  2.3857803776e+00 -1.1721237989e+00 -1.8988508491e-01  2.3912819270e+00  1.1670651802e+00  2.0255876844e-01 -2.4093336334e-02 -2.1885504662e+00  3.2600659726e-01 -2.5265592056e+00 -2.1760859158e+00  2.9247921048e-01 -3.7932396107e+00  1.7368013282e-04 -5.5399957009e-03 -2.5254705918e+00  2.1757142374e+00 -3.0195447133e-01 -2.2691088684e-02  2.1899462222e+00 -3.1938437666e-01  3.4376074625e+00 -1.1943976534e+00 -1.9196357344e-01  1.8845568647e+00 -2.0518648959e+00 -4.6702773727e-01  3.4425921094e+00  1.1916618987e+00  1.7583402863e-01  1.8926452110e+00  2.0529019465e+00  4.6404144371e-01
ENERGY -3.765416773994e+02
GRADIENT  7.7524561000e-05  1.4618557500e-04  3.3843483120e-03 -8.9178548000e-05 -5.6557418000e-05 -1.7215992800e-03 -7.9639759000e-05 -1.4145510700e-04  2.1513018000e-05  4.4686202000e-05  4.1998490000e-06 -2.8873780000e-06  3.0895131000e-05 -7.7160879000e-05  1.4440538000e-05  4.8222782000e-05  4.1666045000e-05 -3.2181092000e-05  2.4960432000e-05  3.4106300300e-04 -3.4939737880e-03 -1.6378497000e-05 -2.7775317000e-04  1.8029836960e-03 -2.8682423000e-05  6.9826403000e-05  1.0613547100e-04 -1.4524190000e-05  1.6360739000e-05  6.0476480000e-06 -1.6527850000e-05 -6.2717040000e-06  5.6463320000e-06  2.3314680000e-06 -1.6661444000e-05 -5.1679300000e-07  8.7264490000e-06 -2.5896700000e-07 -1.6844630000e-06  9.7747820000e-06  2.7607120000e-06 -8.1477960000e-06 -1.7525020000e-05 -3.6373283000e-05 -1.4592045000e-05  8.7694800000e-06  1.5522812000e-05 -1.0272358000e-05 -8.2605860000e-06 -3.2211528000e-05 -3.9264928000e-05  5.1956720000e-06  5.5932400000e-06 -1.5639749000e-05

