JOB 0
COORDS  1.5298910000e-01  3.4258000000e-03 -1.0934100000e-02 -5.7184560000e-01 -7.3353360000e-01 -1.0097175000e+00 -1.9891598000e+00 -7.3402350000e-01 -9.8964080000e-01 -2.6922260000e+00  6.6590000000e-04  1.0770500000e-02 -1.9765297000e+00  7.3614640000e-01  1.0016283000e+00 -5.5911280000e-01  7.3608470000e-01  1.0001189000e+00  1.6599718000e+00 -2.5734000000e-03 -1.6780800000e-02  2.3707013000e+00  1.2818350000e-01  1.1616706000e+00  2.3586906000e+00 -1.4805410000e-01 -1.2007645000e+00 -3.3743600000e-02 -1.3332438000e+00 -1.7693838000e+00 -2.5485445000e+00 -1.3129715000e+00 -1.7501521000e+00 -3.8007798000e+00 -3.2240000000e-04  1.8617900000e-02 -2.5254733000e+00  1.3134338000e+00  1.7709751000e+00 -1.0655400000e-02  1.3357034000e+00  1.7524364000e+00  3.4220832000e+00  1.6874480000e-01  1.1842718000e+00  1.8620079000e+00  1.3392310000e-01  2.0806735000e+00  3.4091602000e+00 -2.0183900000e-01 -1.2353557000e+00  1.8413633000e+00 -1.4432190000e-01 -2.1149466000e+00
ENERGY -3.765421565097e+02
GRADIENT  7.5526749000e-05  3.4936896100e-04 -4.3564344300e-04 -2.2630453000e-05 -4.1751793700e-04  9.5798635000e-05  2.5587614000e-05  6.0479144000e-05  5.6382962000e-05  2.6615928800e-04 -2.6062207000e-05 -3.5060071000e-05 -1.6021123000e-04  2.0561402700e-04  2.8549841900e-04 -2.6418440700e-04 -2.2858739900e-04 -1.4149100700e-04  8.1044916000e-05  4.6506078500e-04  8.8295217000e-05 -8.4744870000e-06 -4.3279821100e-04  1.6169474600e-04  8.9582552000e-05  5.5437248000e-05  1.8589701100e-04 -2.0829514000e-05 -1.1236270000e-05 -1.9197006000e-05  2.2214229000e-05 -2.3263670000e-06 -1.0951343000e-05  1.9226899000e-05  1.5672913000e-05  2.7759812000e-05 -2.0611690000e-05  1.0336841000e-05  2.1329080000e-05 -8.1518197000e-05  3.6199010000e-05 -1.2733982000e-05  3.3620750000e-06 -1.8143168000e-05 -2.5709407800e-04  2.9440650000e-06 -1.0390870000e-06 -1.2145508000e-05 -1.5309560000e-06 -3.3025727000e-05 -2.7127634000e-05  9.0286960000e-06 -2.6418759000e-05  2.8963074000e-05

JOB 1
COORDS  1.5363503336e-01 -2.4253299675e-02  2.9987620586e-03 -5.7439691101e-01 -7.2124116481e-01 -1.0216978224e+00 -1.9918355817e+00 -7.0938607560e-01 -1.0096074549e+00 -2.6924884384e+00  6.4696468390e-03  5.9974604405e-03 -1.9711589537e+00  7.1137992796e-01  1.0149875333e+00 -5.5371820848e-01  6.9954415611e-01  1.0233285799e+00  1.6602877235e+00 -2.5107963449e-02 -1.1547519247e-02  2.3719925383e+00  1.8152648449e-01  1.1555731314e+00  2.3542624447e+00 -1.9526380354e-01 -1.1951756444e+00 -3.8051420349e-02 -1.3027515808e+00 -1.7965823986e+00 -2.5526887807e+00 -1.2618726328e+00 -1.7885035851e+00 -3.8010410920e+00  1.7357631303e-02  9.4427173406e-03 -2.5181493968e+00  1.2779950966e+00  1.7935329562e+00 -3.0023083118e-03  1.2798155201e+00  1.7891182445e+00  3.4221844502e+00  2.4599162974e-01  1.1781809378e+00  1.8633064443e+00  2.2453274217e-01  2.0736093950e+00  3.4054196196e+00 -2.2830706672e-01 -1.2345731631e+00  1.8315419703e+00 -2.3119418006e-01 -2.1056283462e+00
ENERGY -3.765420576245e+02
GRADIENT -9.5159393000e-04 -5.7840362100e-04  1.4003708060e-03  4.0339030400e-04  6.5356974800e-04 -5.8235374900e-04 -1.9357775500e-04  8.1140158000e-05  2.1940917700e-04 -6.4079936700e-04  1.4519086000e-05  1.1912165000e-05  4.1956634600e-04 -6.7447287000e-04 -1.0128967060e-03  8.7966662000e-04  9.1881369400e-04  5.8484328900e-04  3.1001695200e-04 -2.8372128070e-03 -1.4036060000e-06 -4.1937115000e-04  7.8206718500e-04 -3.9950809500e-04 -3.8888254400e-04  5.7686157900e-04 -1.9883609400e-04  3.0092401100e-04  2.9907243700e-04 -7.9284992000e-05 -1.5062851000e-05 -5.6053306000e-05  6.1081068000e-05 -3.0039372000e-05 -3.4324312000e-05 -8.1458919000e-05  7.6498281000e-05 -6.6309911000e-05 -4.4429092000e-05  5.5279866500e-04  1.0235596000e-05 -7.8375497000e-05  1.0436431500e-04  2.7776776000e-04  3.6340713900e-04 -3.0955801500e-04  4.0984632500e-04  8.6131891000e-05  1.2300444600e-04 -1.1493277000e-05 -5.2302924000e-05 -2.1787021700e-04  2.3185996800e-04 -1.9787767900e-04

JOB 2
COORDS  1.5415713286e-01 -3.5905789274e-02  1.1336690585e-02 -5.7570741473e-01 -7.0721223611e-01 -1.0296455295e+00 -1.9928836398e+00 -6.8746573150e-01 -1.0244658170e+00 -2.6966311103e+00  1.1461896768e-02  9.6452460075e-04 -1.9836253543e+00  6.9593117408e-01  1.0293288908e+00 -5.6650332530e-01  6.7212343039e-01  1.0348349601e+00  1.6620195615e+00 -2.7208492701e-02 -2.4153100035e-03  2.3889084228e+00  2.2343399889e-01  1.1467571272e+00  2.3529728493e+00 -2.3013225720e-01 -1.1826612182e+00 -4.1877228986e-02 -1.2791972276e+00 -1.8131929183e+00 -2.5520511538e+00 -1.2210811092e+00 -1.8176203133e+00 -3.8051039197e+00  2.6053112641e-02 -3.3350137941e-03 -2.5309144522e+00  1.2518016329e+00  1.8155785960e+00 -2.0786500265e-02  1.2383877491e+00  1.8140641442e+00  3.4390968590e+00  2.8893386306e-01  1.1423288809e+00  1.8996731627e+00  2.8533046256e-01  2.0738662170e+00  3.4041905924e+00 -2.5407777350e-01 -1.2223837544e+00  1.8290468991e+00 -3.0554599566e-01 -2.0895944865e+00
ENERGY -3.765419001300e+02
GRADIENT  1.2608644710e-03 -1.7884886220e-03  8.2007430400e-04 -3.3776905400e-04  1.7421536190e-03 -2.9985269900e-04 -4.9848396100e-04 -6.5782898000e-05 -1.2478469100e-04  1.4171645230e-03 -1.5068689300e-04 -1.1928394100e-04 -1.3647078030e-03  1.3877858440e-03  1.9807216980e-03 -1.7938029670e-03 -1.1836749530e-03 -2.6232441280e-03  1.2914890390e-03 -2.4502803550e-03  9.6817621600e-04  6.5716739100e-04  9.6670718700e-04 -5.3443955100e-04 -5.0515733100e-04  5.6078894600e-04  3.8841258800e-04  3.9649521900e-04  3.3065135700e-04  1.4131359700e-04 -1.0703519000e-05 -7.2648867000e-05 -8.9450550000e-06  1.2834652700e-04  9.9177521000e-05  1.4343660700e-04 -2.4242269000e-04  9.5403635000e-05  9.4825130000e-05 -9.9907546000e-05 -1.1580725000e-05 -4.0481894400e-04  1.1656324600e-04  2.4245400400e-04 -4.1694462700e-04 -2.3204535900e-04  1.5493497700e-04 -1.1903583900e-04  1.0692273900e-04  4.2724181000e-05  1.7692904900e-04 -2.9001955000e-04  9.1915138000e-05 -6.2300290000e-05

JOB 3
COORDS  1.5255797466e-01 -5.0575550794e-02  1.9752230186e-02 -5.7785713669e-01 -6.8649056083e-01 -1.0444108670e+00 -1.9943515609e+00 -6.5707371335e-01 -1.0449102204e+00 -2.6983671877e+00  1.6134870415e-02 -2.7406374645e-03 -1.9785478726e+00  6.6441697347e-01  1.0442303050e+00 -5.6193331774e-01  6.3784745691e-01  1.0618057405e+00  1.6599837917e+00 -3.2802622638e-02 -1.1226370134e-03  2.3850534201e+00  2.8807375198e-01  1.1320435396e+00  2.3543832382e+00 -2.8237705039e-01 -1.1711338539e+00 -4.8254160472e-02 -1.2427354146e+00 -1.8420707934e+00 -2.5532627682e+00 -1.1627724197e+00 -1.8562671058e+00 -3.8067952622e+00  3.9295953800e-02 -9.0049787913e-03 -2.5255943006e+00  1.2016392401e+00  1.8433136584e+00 -1.9713410357e-02  1.1808109426e+00  1.8599612228e+00  3.4346109452e+00  3.5783363065e-01  1.1176563240e+00  1.9017308284e+00  3.8321715865e-01  2.0591171091e+00  3.4056392136e+00 -2.9327080510e-01 -1.2093056925e+00  1.8337071669e+00 -4.1403040657e-01 -2.0729544081e+00
ENERGY -3.765416029617e+02
GRADIENT -7.8616161400e-04 -2.6571297260e-03  1.9676767030e-03  1.6902704000e-05  1.8691232690e-03 -1.8743636640e-03  2.5526179300e-04  3.2459455100e-04  3.0893503100e-04 -6.2774014800e-04 -5.4113530000e-05  4.2555016000e-05  5.3099058000e-04 -4.5365243300e-04 -7.8749216200e-04  2.1795179800e-04  9.3688064700e-04  6.3394998400e-04  1.3449287770e-03 -2.6630175670e-03  7.6956587700e-04 -6.4753554600e-04  1.6854504300e-03  9.5261334000e-05 -3.6021303000e-04  4.3253856500e-04 -3.7058369000e-04  2.8358999600e-04  2.1625649000e-05  9.4852471000e-05 -1.3856970000e-05 -1.0461260000e-06  5.4042888000e-05 -5.3088033000e-05 -2.7998138000e-05 -1.4320906000e-05  3.5895436000e-05  2.3918750000e-05 -8.5156422000e-05  2.7801889600e-04  1.2131377100e-04 -9.6546012000e-05 -5.1340618000e-05  2.3916746700e-04 -8.5992733600e-04 -2.6492006200e-04  1.4808314600e-04 -1.0721071000e-05  2.5536533000e-05 -2.4357939000e-05  8.5032894000e-05 -1.8813453100e-04  7.7748364000e-05  4.7603551000e-05

JOB 4
COORDS  1.5376014895e-01 -3.9897076312e-02  1.0558301437e-02 -5.8089123332e-01 -6.7718818113e-01 -1.0501015729e+00 -1.9974214248e+00 -6.5288691388e-01 -1.0466579611e+00 -2.6981149985e+00  1.4591999151e-02  1.4943527151e-03 -1.9782581088e+00  6.5905279389e-01  1.0507857475e+00 -5.6148211862e-01  6.3674723203e-01  1.0599131278e+00  1.6611339039e+00 -2.3791530006e-02 -9.5376800765e-03  2.3817824892e+00  3.0059906677e-01  1.1263035873e+00  2.3624828200e+00 -2.9239607751e-01 -1.1715654359e+00 -5.5260120742e-02 -1.2314908669e+00 -1.8516489734e+00 -2.5577001478e+00 -1.1573008786e+00 -1.8579119112e+00 -3.8066002872e+00  3.4004221821e-02 -5.6231847141e-04 -2.5237214077e+00  1.1877351837e+00  1.8566544162e+00 -1.9827633398e-02  1.1734486772e+00  1.8625480054e+00  3.4320549766e+00  3.5945710782e-01  1.1337425472e+00  1.8886717525e+00  4.0086679300e-01  2.0474599466e+00  3.4138583187e+00 -3.0782304250e-01 -1.2021869013e+00  1.8487404520e+00 -4.3609423819e-01 -2.0753676573e+00
ENERGY -3.765416477763e+02
GRADIENT  2.0176845400e-04 -2.0864004940e-03  1.7373761510e-03 -4.9414645900e-04  2.0601990430e-03 -8.5432937700e-04 -1.6195853700e-04 -2.5042417600e-04 -5.1248651800e-04  4.5051714500e-04  9.0861620000e-06  5.7611268000e-05 -1.1343120900e-04  1.0958335100e-04  1.2514699700e-04 -3.5214725000e-05  2.4271863500e-04 -9.4930154000e-05 -2.2977413600e-04 -1.6428475470e-03  2.3739376500e-04  1.8798242700e-04  1.4121770570e-03 -1.0268546170e-03  2.2598337200e-04  1.3604197400e-04 -4.0610244400e-04 -7.8203883000e-05 -1.7782891200e-04  1.6090330500e-04 -4.3850102000e-05  6.4630730000e-06 -4.3444054000e-05  3.5364849000e-05 -3.3346042000e-05 -8.8577400000e-06 -4.1670200000e-07  4.8945948000e-05 -1.6164820000e-06  1.2976651000e-04 -1.1664604700e-04 -1.9603095000e-05 -6.2700181000e-05  4.1905966800e-04  6.4761324800e-04 -4.6309388000e-05 -2.0802329000e-05 -1.0385133100e-04 -1.4740830000e-06 -9.3719156000e-05 -3.8610838000e-05  2.8878571000e-05 -2.1376298000e-05  1.4519938100e-04

JOB 5
COORDS  1.5285350435e-01 -2.7626211610e-02  6.1206436796e-03 -5.7930539739e-01 -6.6719153509e-01 -1.0546370581e+00 -1.9960071669e+00 -6.4810677192e-01 -1.0471428821e+00 -2.7021017484e+00  1.1918197189e-02  2.0928527637e-03 -1.9824918556e+00  6.5421463704e-01  1.0527896944e+00 -5.6553578278e-01  6.3918748923e-01  1.0597543138e+00  1.6600314516e+00 -1.6152038802e-02 -9.2021385346e-03  2.3860904357e+00  3.0953515948e-01  1.1232541792e+00  2.3623239603e+00 -3.0226417504e-01 -1.1663031371e+00 -5.3743149194e-02 -1.2164357759e+00 -1.8597860095e+00 -2.5542175818e+00 -1.1527536624e+00 -1.8596001628e+00 -3.8107104022e+00  2.5871321162e-02  6.4082669816e-04 -2.5288217102e+00  1.1751946500e+00  1.8630354937e+00 -2.7652682489e-02  1.1730890171e+00  1.8667473927e+00  3.4374639253e+00  3.4512055450e-01  1.1218506296e+00  1.9008258688e+00  4.1974565233e-01  2.0474225069e+00  3.4136990581e+00 -3.2245864624e-01 -1.1924817011e+00  1.8516136536e+00 -4.5312852683e-01 -2.0707636425e+00
ENERGY -3.765416672728e+02
GRADIENT -9.6844224000e-05 -1.7053281460e-03  7.6281611900e-04  1.7140490500e-04  1.4259867990e-03 -1.1830541200e-03  4.9627952300e-04  2.6444235900e-04  5.6860478200e-04 -7.7162460600e-04  7.7217107000e-05 -2.0227336000e-05  1.7725381600e-04 -1.6651818700e-04 -1.3823619900e-04  4.6559940000e-05  1.1945704600e-04 -1.0906514700e-04 -2.2941321400e-04 -1.0111974660e-03  2.4195016400e-04  3.4052719900e-04  1.3599276720e-03 -4.1379897900e-04 -1.2055169000e-05  4.1942068000e-05  5.9426669000e-05  3.0192003000e-05 -1.9394978500e-04  3.8152398000e-05  9.4734030000e-06  6.7759592000e-05  3.8110231000e-05 -5.5976137000e-05  2.2378850000e-05  2.7234185000e-05 -3.0163350000e-05 -3.2400879000e-05 -3.5085151000e-05 -1.2441168200e-04 -8.1829485000e-05  8.0980484000e-05 -7.0629630000e-06  8.5061438000e-05 -2.9210377000e-05  9.1277661000e-05 -6.3754640000e-05 -3.3144599000e-05 -1.5213975000e-05 -4.9821103000e-05  1.4750643800e-04 -2.7121315000e-05 -1.5766267100e-04 -1.4979250000e-06

JOB 6
COORDS  1.5248890966e-01 -2.5625722543e-02  5.4910565579e-03 -5.7963037329e-01 -6.6598224229e-01 -1.0548662029e+00 -1.9963695985e+00 -6.5044032866e-01 -1.0488473470e+00 -2.6979017032e+00  1.0066922181e-02  3.0591883273e-03 -1.9810367723e+00  6.5514074392e-01  1.0540617185e+00 -5.6414177593e-01  6.4135823121e-01  1.0600709914e+00  1.6594907117e+00 -1.7853872994e-02 -9.4648782171e-03  2.3823943605e+00  3.0891438415e-01  1.1245235878e+00  2.3624884978e+00 -3.0335680633e-01 -1.1662967081e+00 -5.2769767018e-02 -1.2121604423e+00 -1.8611500858e+00 -2.5551336678e+00 -1.1559378945e+00 -1.8604710789e+00 -3.8064677143e+00  2.2935699961e-02  3.0417761321e-03 -2.5282466212e+00  1.1758673623e+00  1.8639170499e+00 -2.5274037073e-02  1.1767591361e+00  1.8654677427e+00  3.4339658526e+00  3.3878175552e-01  1.1221524011e+00  1.8963133705e+00  4.2243460205e-01  2.0479787989e+00  3.4138581976e+00 -3.2331010185e-01 -1.1936768094e+00  1.8517633945e+00 -4.5014156375e-01 -2.0714400803e+00
ENERGY -3.765416685019e+02
GRADIENT -5.7440074000e-05 -1.3263726690e-03  1.0479259710e-03 -2.9243927000e-05  1.6627161840e-03 -5.4726701900e-04 -4.8457771300e-04 -4.7292158000e-04 -6.3225604900e-04  1.0202870360e-03  5.5637712000e-05  1.5595261000e-05 -3.7735900800e-04  2.1340909500e-04  4.2841693100e-04  1.4541430800e-04  4.5414739000e-05 -9.3551180000e-05  3.4073824700e-04 -1.6549645370e-03  1.3040972000e-05 -5.2635320400e-04  1.6042495250e-03  1.8269413400e-04  2.4681780000e-06  1.1297604900e-04  1.5541601000e-05 -7.9343532000e-05 -5.2605307000e-05  3.7607170000e-06  5.6497260000e-06 -4.0953093000e-05 -7.6846316000e-05  7.9760611000e-05 -2.6030080000e-06 -3.0939373000e-05  3.8232375000e-05  2.3218453000e-05  7.3246668000e-05 -7.1495424000e-05 -2.8365892000e-05  7.0163380000e-05 -1.5701115000e-05 -8.6035765000e-05 -5.0221597400e-04  1.9505571000e-05  9.3951781000e-05  9.0721655000e-05 -1.2976094000e-05 -6.4137161000e-05 -2.1442761000e-05 -4.4960410000e-06 -8.1084854000e-05 -3.5473269000e-05

JOB 7
COORDS  1.5361163085e-01 -2.7809603093e-02  5.5542456649e-03 -5.7970427592e-01 -6.6770118735e-01 -1.0542581512e+00 -1.9965061085e+00 -6.5067104633e-01 -1.0465092597e+00 -2.7000293706e+00  9.9298378712e-03  3.9381622920e-03 -1.9804044198e+00  6.5574030389e-01  1.0525469063e+00 -5.6348264719e-01  6.4088288392e-01  1.0586573032e+00  1.6607899691e+00 -2.0555334351e-02 -9.5958484936e-03  2.3828621810e+00  3.0614864157e-01  1.1248397300e+00  2.3635376459e+00 -3.0193742690e-01 -1.1675767121e+00 -5.3556768116e-02 -1.2136461774e+00 -1.8611282824e+00 -2.5553643230e+00 -1.1566549376e+00 -1.8577223990e+00 -3.8086304503e+00  2.3103908956e-02  4.2106985581e-03 -2.5265191719e+00  1.1786381616e+00  1.8617179551e+00 -2.3965884372e-02  1.1782276098e+00  1.8623363880e+00  3.4343255319e+00  3.3992444827e-01  1.1291415475e+00  1.8929234954e+00  4.1812172636e-01  2.0464248188e+00  3.4149297098e+00 -3.2001897430e-01 -1.1962520227e+00  1.8521486957e+00 -4.4458549020e-01 -2.0729598441e+00
ENERGY -3.765416752653e+02
GRADIENT  1.7583227900e-04 -1.2802592800e-03  1.1684182760e-03 -2.8846004000e-05  1.4766002830e-03 -8.3541533400e-04  1.2173330000e-06  9.1944750000e-06  5.6973535000e-05 -1.1245161000e-04  5.0832680000e-06  6.0226070000e-06  6.7873570000e-06 -3.5383327000e-05 -4.5075593000e-05 -1.5446239000e-05 -9.2068000000e-07 -8.2034585000e-05 -3.2702983000e-05 -2.0699305390e-03  2.5502734200e-04 -8.9090245000e-05  1.5911352430e-03 -5.2613990800e-04  6.5718048000e-05  1.8987519200e-04  1.4516261000e-05  9.9662880000e-06  3.4779296000e-05  1.4287784000e-05 -9.0347170000e-06 -4.3375690000e-06  1.5204997000e-05 -1.1516608000e-05  5.6149430000e-06 -8.1363640000e-06 -1.0118039000e-05 -8.6964460000e-06 -7.2617740000e-06  4.2762004000e-05 -1.1945123000e-05 -2.0351448000e-05 -2.3868430000e-06  6.7692590000e-05  7.2806559000e-05 -1.3628769000e-05  9.9847771000e-05 -1.3246641000e-05  4.5257660000e-06 -6.4820335000e-05 -8.7996326000e-05  1.0244581000e-05 -2.1049810000e-06  2.2985772000e-05

JOB 8
COORDS  1.5291923391e-01 -2.6791592585e-02  5.7192364651e-03 -5.7939881657e-01 -6.6704620377e-01 -1.0546347328e+00 -1.9961399726e+00 -6.5019913629e-01 -1.0473146164e+00 -2.6996789972e+00  9.8720311718e-03  3.4695509939e-03 -1.9808708625e+00  6.5543427076e-01  1.0528142524e+00 -5.6399923327e-01  6.4112986082e-01  1.0595319077e+00  1.6601720988e+00 -1.9002040695e-02 -9.2548587186e-03  2.3844195649e+00  3.0746594698e-01  1.1239445290e+00  2.3621942660e+00 -3.0313863109e-01 -1.1669809991e+00 -5.2916801742e-02 -1.2129054838e+00 -1.8613794911e+00 -2.5547892598e+00 -1.1559005533e+00 -1.8588496665e+00 -3.8082772662e+00  2.2692879811e-02  3.5444072274e-03 -2.5275292723e+00  1.1776911092e+00  1.8620320710e+00 -2.4975742151e-02  1.1781858104e+00  1.8637321965e+00  3.4359569940e+00  3.3894013536e-01  1.1268732820e+00  1.8962241710e+00  4.1825931494e-01  2.0465689075e+00  3.4136254399e+00 -3.2056231805e-01 -1.1941124958e+00  1.8513276459e+00 -4.4719629545e-01 -2.0724475500e+00
ENERGY -3.765416760373e+02
GRADIENT -1.6631564000e-04 -1.3501516110e-03  9.2422157100e-04  2.6789541000e-05  1.3852087920e-03 -9.2110247600e-04 -8.1211400000e-06 -5.0052590000e-06 -7.3755730000e-06  3.6496556000e-05 -6.0740860000e-06 -5.0849900000e-07  2.7493705000e-05 -2.2695379000e-05 -3.5196322000e-05  7.1826440000e-05  6.2588994000e-05  1.1279258900e-04 -4.4621137000e-05 -1.7154905060e-03  4.5389759700e-04  1.9115951900e-04  1.5257027560e-03 -6.1013726500e-04 -1.3472906000e-04  9.1277260000e-05 -7.9624716000e-05  3.7215250000e-06 -3.5167610000e-06 -1.5269122000e-05  6.4144330000e-06 -3.1784320000e-06 -2.3703460000e-06  2.0564870000e-06 -1.8499600000e-06 -3.3496920000e-06  1.3511744000e-05  5.5783690000e-06  5.6297900000e-07 -2.2038798000e-05  1.5436605000e-05  1.3439213000e-05  2.0654630000e-06  6.1750809000e-05  9.5477867000e-05  5.0403150000e-06  3.1695387000e-05 -4.4363622000e-05 -4.7274300000e-07 -1.3054227000e-05  1.1990686800e-04 -1.7757902000e-05 -5.6775507000e-05 -1.4211200000e-07

