JOB 0
COORDS  1.5268750000e-01  4.9048300000e-02 -3.9448100000e-02 -5.4743620000e-01 -9.4221450000e-01 -7.9828860000e-01 -1.9670737000e+00 -9.6338770000e-01 -7.5888120000e-01 -2.6784705000e+00 -1.1461900000e-02  2.6991900000e-02 -1.9737092000e+00  9.6333400000e-01  7.9068630000e-01 -5.5379980000e-01  9.8905860000e-01  7.7572920000e-01  1.6782908000e+00  2.7066400000e-02 -1.8147800000e-02  2.3450522000e+00 -4.2596600000e-01  1.0995448000e+00  2.3877390000e+00  3.8267220000e-01 -1.1443907000e+00  8.6190000000e-03 -1.6844755000e+00 -1.4031112000e+00 -2.5177271000e+00 -1.7282393000e+00 -1.3404062000e+00 -3.7860569000e+00 -3.2315700000e-02  4.8158500000e-02 -2.5288640000e+00  1.7005869000e+00  1.4027566000e+00 -1.7236000000e-03  1.7431639000e+00  1.3694228000e+00  3.3968921000e+00 -4.3178090000e-01  1.1793288000e+00  1.7885775000e+00 -7.0955240000e-01  1.9469832000e+00  3.4394474000e+00  3.3318290000e-01 -1.2069659000e+00  1.8649689000e+00  7.3579950000e-01 -1.9869993000e+00
ENERGY -3.765360604091e+02
GRADIENT -9.0946130000e-05  1.8482506960e-03 -5.1029044530e-03  1.6713480400e-04 -2.5747118950e-03  2.8428823340e-03  1.0927306400e-04  1.7410278300e-04  1.3641091400e-04  1.5327206400e-04 -2.5247603000e-05 -2.3126478000e-05 -2.2751265300e-04  3.4011366300e-04  3.0878963300e-04 -1.4969826200e-04 -2.3641012400e-04 -2.4895017000e-04  6.7164077000e-05  3.8681606260e-03  3.4073703690e-03 -6.8228238000e-05 -3.7007752850e-03 -1.2388555650e-03  5.8027361000e-05  1.9036541000e-05  2.0337194800e-04  2.9264010000e-05  1.7211956000e-05 -4.1180372000e-05  3.9798897000e-05 -5.8663430000e-06  4.2019090000e-06  1.2830236000e-05  4.3823953000e-05  2.4430217000e-05 -3.6246676000e-05  5.3030750000e-06  2.6810480000e-05 -4.7732431000e-05  1.4872549000e-05 -3.9605772000e-05  2.9556515000e-05  7.3855209000e-05 -2.0341995000e-04 -1.7365823000e-05  3.9939936000e-05  2.1911544000e-05 -8.7309430000e-06  5.4412972000e-05 -9.4960536000e-05  3.7975510000e-06  3.9900674000e-05  3.7474348000e-05

JOB 1
COORDS  1.5277415363e-01  2.9749503508e-02 -2.4654737970e-02 -5.5346471217e-01 -9.2973166186e-01 -8.1805376262e-01 -1.9734400068e+00 -9.4438666823e-01 -7.8827630811e-01 -2.6797853294e+00 -7.9241537155e-03  2.0124375545e-02 -1.9677099537e+00  9.4142095606e-01  8.0891347681e-01 -5.4759569951e-01  9.6111721883e-01  8.0524845182e-01  1.6784174835e+00  1.0688608483e-02 -1.8134025772e-02  2.3558119469e+00 -3.7323282834e-01  1.1188796050e+00  2.3774763390e+00  3.3640926361e-01 -1.1598898976e+00  2.4477348112e-04 -1.6569717430e+00 -1.4428715952e+00 -2.5265003704e+00 -1.6883184884e+00 -1.3941966764e+00 -3.7876090415e+00 -1.9146955090e-02  3.6671726573e-02 -2.5207360816e+00  1.6689600436e+00  1.4342819303e+00  6.5567401835e-03  1.6993381538e+00  1.4168098266e+00  3.4075037612e+00 -3.6140139061e-01  1.1997119855e+00  1.8042703986e+00 -6.2102750047e-01  1.9806203432e+00  3.4296799331e+00  2.9946359105e-01 -1.2229699592e+00  1.8470122367e+00  6.5027993661e-01 -2.0131856382e+00
ENERGY -3.765369337365e+02
GRADIENT -1.8043562480e-03  1.6445583800e-03 -2.4613218910e-03  1.2674196500e-04 -1.8137850040e-03  3.1313639200e-03 -5.0550496100e-04 -1.9424779700e-04 -2.1893627200e-04 -3.7985728400e-04  2.1254841000e-05  7.8004009000e-05  4.9482901200e-04 -1.0533208320e-03 -9.6030951100e-04  8.9244468600e-04  1.4478763870e-03 -2.5632591300e-04  1.0874983270e-03  1.3564548690e-03  1.6473350610e-03  3.7619902000e-05 -3.0147297460e-03 -1.6523469920e-03 -2.5570890800e-04  9.4014140800e-04  4.2824599400e-04 -9.0498876000e-05  1.7255346800e-04 -1.5989504300e-04 -4.9528139000e-05 -6.2254880000e-06 -2.4158456000e-05 -3.5951030000e-06 -1.0823191800e-04 -1.0095843300e-04  1.1225449800e-04 -9.8037230000e-05 -5.8971510000e-06  1.2652855500e-04  6.9486196000e-05 -1.8876836000e-05  1.3426688100e-04 -1.4402097700e-04  3.0772478700e-04 -5.5609527000e-05  3.5356120300e-04  1.7216970500e-04  1.9250011100e-04  2.0614691800e-04  1.4001189400e-04 -6.7313473000e-05  2.3263016200e-04 -5.7254212000e-05

JOB 2
COORDS  1.5432666971e-01  2.3120476519e-02 -2.0618355536e-02 -5.5359865238e-01 -9.1621984740e-01 -8.3639991332e-01 -1.9735343790e+00 -9.2695619093e-01 -8.0753446973e-01 -2.6795627067e+00 -5.4442227056e-03  1.8459832961e-02 -1.9684978165e+00  9.2694414400e-01  8.2806512316e-01 -5.4839914177e-01  9.3923280243e-01  8.2473353194e-01  1.6787656203e+00  9.9145426735e-03 -1.8169069099e-02  2.3582479783e+00 -3.3086721238e-01  1.1313819152e+00  2.3747868237e+00  2.9936166216e-01 -1.1716971012e+00 -1.3578174503e-03 -1.6328219387e+00 -1.4747065083e+00 -2.5279082880e+00 -1.6567933251e+00 -1.4291695172e+00 -3.7874571815e+00 -1.4818270755e-02  3.2313185968e-02 -2.5201555026e+00  1.6444179263e+00  1.4662431502e+00  6.7414150898e-03  1.6637760926e+00  1.4514995528e+00  3.4096226544e+00 -3.0975732850e-01  1.2125808924e+00  1.8079306524e+00 -5.5778084002e-01  1.9995253953e+00  3.4268432059e+00  2.6126728142e-01 -1.2343391550e+00  1.8424036539e+00  5.7811748585e-01 -2.0358047221e+00
ENERGY -3.765375573592e+02
GRADIENT -1.5032421570e-03  1.1578148880e-03 -1.6341390500e-03  3.2427474800e-04 -1.8304720360e-03  3.0380342280e-03 -5.0843002900e-04  8.5065947000e-05 -1.8765053000e-05  1.4026929700e-04 -3.3938726000e-05  4.1471016000e-05 -2.8704423200e-04 -1.7177244800e-04 -2.7621855500e-04  3.1228001500e-04  6.5737994700e-04 -1.4215296910e-03  1.9189669610e-03  1.5608855100e-03  1.1188930190e-03 -2.9803431000e-04 -3.0739961860e-03 -1.7212313430e-03 -3.8801962700e-04  1.1894220570e-03  3.3891459100e-04 -2.9995814000e-05  1.8098805900e-04 -1.1786851000e-04  2.5711720000e-06  6.0190140000e-06 -3.9815488000e-05  4.6076517000e-05 -2.9287442000e-05 -1.0245973000e-05  1.5632302000e-05 -2.4138390000e-05  2.5390539000e-05  9.6083310000e-06 -6.5430069000e-05 -7.4427650000e-06  1.3127124400e-04 -1.7034033000e-04  3.8608591900e-04 -5.7121368000e-05  2.4730678300e-04  1.8642264500e-04  2.3236853000e-04  2.4304111300e-04  2.3185257500e-04 -7.9983216000e-05  7.9676759000e-05 -1.4407335100e-04

JOB 3
COORDS  1.5924121068e-01  4.0443215823e-02 -2.9739341540e-02 -5.4605332790e-01 -8.6688468568e-01 -8.8407471745e-01 -1.9650933938e+00 -8.8533484990e-01 -8.4646126088e-01 -2.6762958775e+00 -6.1521207335e-03  2.1896183229e-02 -1.9739105606e+00  8.9104843720e-01  8.7812520348e-01 -5.5446916960e-01  9.0081195873e-01  8.6601293005e-01  1.6771579349e+00  4.3036238601e-02 -2.1947493363e-02  2.3469844098e+00 -2.3014991770e-01  1.1517616648e+00  2.3771369054e+00  2.0970461754e-01 -1.1980549196e+00  7.1763423676e-03 -1.5597487541e+00 -1.5474907225e+00 -2.5185294245e+00 -1.5911560536e+00 -1.4959600672e+00 -3.7842116615e+00 -2.4298328786e-02  3.6129184897e-02 -2.5264387823e+00  1.5753177069e+00  1.5513352277e+00 -1.0379333076e-03  1.5922290053e+00  1.5305343791e+00  3.3974447648e+00 -2.0774984720e-01  1.2357602039e+00  1.7918711186e+00 -4.2203006866e-01  2.0247353479e+00  3.4266716621e+00  1.3224348563e-01 -1.2550424460e+00  1.8498282976e+00  4.0054539128e-01 -2.0881529387e+00
ENERGY -3.765385893247e+02
GRADIENT  8.0337051900e-04 -3.0306419300e-04 -2.9612778430e-03  5.8463477200e-04 -2.3101827020e-03  2.8599118270e-03  6.4419882000e-05  4.9778597100e-04  3.7441341800e-04  1.2545176730e-03 -9.0510220000e-05 -6.0165839000e-05 -1.9391968370e-03  2.1163349220e-03  1.8075684620e-03 -9.5286240300e-04 -1.8189747390e-03 -3.0708353810e-03  2.8920686320e-03  7.9787552510e-03  1.9441315780e-03 -1.8516181490e-03 -4.4492053630e-03 -1.3190070960e-03 -7.3556344700e-04  4.3247721700e-04 -6.5538934500e-04  1.6851457300e-04 -1.6455927000e-04  2.7712225800e-04  1.3542715400e-04  5.7993536000e-05 -5.1735399000e-05  1.1845463100e-04  1.7202734800e-04  2.8518855600e-04 -1.7368198800e-04  2.9749438400e-04  3.6104415000e-05 -3.1057043200e-04 -5.3736608900e-04  2.4757051700e-04 -1.1380663500e-04 -1.2674554400e-04  1.0102821000e-04  5.0222101000e-05 -7.7580961100e-04  2.8732155000e-05  9.2476250000e-06 -3.7106414000e-05  3.6359491400e-04 -8.4369940000e-06 -9.3316112600e-04 -2.2597223900e-04

JOB 4
COORDS  1.5799565778e-01  3.6090628891e-02 -3.0328169437e-02 -5.4957288990e-01 -8.7177230665e-01 -8.8259573689e-01 -1.9686790435e+00 -8.8673242944e-01 -8.4487131192e-01 -2.6797160948e+00 -5.0606780620e-03  2.0750851650e-02 -1.9764987637e+00  8.9390863983e-01  8.7414490461e-01 -5.5700216344e-01  9.0146080759e-01  8.6003347367e-01  1.6770153778e+00  2.9944273951e-02 -1.8050513299e-02  2.3559153442e+00 -2.3960819445e-01  1.1515919970e+00  2.3770362872e+00  2.1175083513e-01 -1.1918421656e+00  1.9263866020e-03 -1.5661641387e+00 -1.5458455493e+00 -2.5229406820e+00 -1.5932754557e+00 -1.4928920603e+00 -3.7876417037e+00 -2.2035751944e-02  3.4383184939e-02 -2.5280658451e+00  1.5804676886e+00  1.5458119002e+00 -2.9184773509e-03  1.5966038682e+00  1.5200700881e+00  3.4069487239e+00 -2.1275992316e-01  1.2285188367e+00  1.8070348497e+00 -4.2389456916e-01  2.0301158413e+00  3.4269010230e+00  1.4059879846e-01 -1.2528062912e+00  1.8483228519e+00  4.2019130227e-01 -2.0772148458e+00
ENERGY -3.765386461287e+02
GRADIENT  1.0283079760e-03  4.9407844000e-04 -3.6933945320e-03  3.0612247600e-04 -2.3597800120e-03  2.7269374810e-03  1.8114494000e-04  7.2903533000e-04  7.2783777300e-04  1.2477896890e-03 -8.0130259000e-05 -1.2219372600e-04 -2.1642350840e-03  2.2563051350e-03  2.1953662450e-03 -1.6982027050e-03 -2.1133308310e-03 -3.5806615790e-03  1.6726456180e-03  5.3103414170e-03  2.2174804630e-03 -1.5880159900e-04 -3.9489292200e-03 -1.6401345860e-03 -2.6373740200e-04  6.1442854900e-04  5.2518602000e-04  1.8383475800e-04 -2.2198003000e-05  1.6410732400e-04  1.2913755100e-04  3.4760274000e-05 -9.5596080000e-06  1.1996576600e-04  2.2804093000e-04  2.6501891000e-04 -2.8446599600e-04  2.0054396000e-04  8.3723706000e-05 -3.3801031400e-04 -4.2095943800e-04  3.1136077000e-05  6.7576897000e-05 -1.3032588300e-04  2.0748725400e-04 -3.4375097000e-05 -3.4140412500e-04 -4.5000532000e-05  8.8920084000e-05  5.9078423000e-05  5.0318132000e-05 -9.3581256000e-05 -5.0287714300e-04 -1.2066958700e-04

JOB 5
COORDS  1.5732029669e-01  3.7157050781e-02 -3.3699300635e-02 -5.5053065261e-01 -8.7300847929e-01 -8.8382925739e-01 -1.9694419416e+00 -8.8943840985e-01 -8.4349382631e-01 -2.6770685672e+00 -7.8555089065e-03  2.4787576178e-02 -1.9727406198e+00  8.9271954449e-01  8.7569660472e-01 -5.5342954806e-01  9.0386523710e-01  8.5907692611e-01  1.6760845714e+00  2.6042822798e-02 -2.3782126923e-02  2.3463016634e+00 -2.4328951271e-01  1.1510628351e+00  2.3804341477e+00  2.1151223508e-01 -1.1950287621e+00  4.6461724447e-04 -1.5658629851e+00 -1.5491401299e+00 -2.5250203691e+00 -1.5964021059e+00 -1.4899619932e+00 -3.7849178082e+00 -2.5763994524e-02  4.1903212393e-02 -2.5242109306e+00  1.5782301171e+00  1.5484869046e+00  2.0246023599e-03  1.6018576577e+00  1.5150443364e+00  3.3969905860e+00 -2.1651685968e-01  1.2318758116e+00  1.7927396787e+00 -4.1925508883e-01  2.0284303440e+00  3.4306373200e+00  1.4013596082e-01 -1.2499338442e+00  1.8568850180e+00  4.3105354671e-01 -2.0808215518e+00
ENERGY -3.765386796527e+02
GRADIENT  5.7893010300e-04  9.4579932500e-04 -2.8153117000e-03  4.5696066100e-04 -2.7947915550e-03  2.6280551540e-03 -3.4742613000e-05  5.8093043100e-04  4.6860655500e-04  1.6301127170e-03 -6.7703249000e-05 -1.0007261300e-04 -1.9350743500e-03  1.9950876700e-03  1.8889513660e-03 -1.3838749290e-03 -1.4521704570e-03 -2.7286946420e-03  2.3161274290e-03  4.1512718850e-03  1.4414881220e-03 -1.3868451770e-03 -3.9999622840e-03 -5.7895344400e-04 -2.4236282700e-04  1.0092809840e-03 -6.2851540300e-04  1.0440555500e-04 -2.9561002000e-05  4.4538265000e-05  1.5977243800e-04 -6.9826570000e-06 -5.5278069000e-05  1.4285635900e-04  1.6924447200e-04  2.0667768400e-04 -2.1586608700e-04  1.6313022800e-04  1.1953228600e-04 -2.9874209600e-04 -2.6596654600e-04  1.5684203000e-05 -5.0009535000e-05 -2.9290272000e-05 -1.6933259000e-04  5.7456398000e-05 -1.4042285800e-04  1.6540247700e-04  9.6981205000e-05  1.6651452000e-05  2.4693974800e-04 -4.6726240000e-06 -2.3792424800e-04 -1.6807223100e-04

JOB 6
COORDS  1.5793887045e-01  4.5954021726e-02 -3.9577048212e-02 -5.5179066832e-01 -8.6473161759e-01 -8.8817738354e-01 -1.9705536230e+00 -8.8692034507e-01 -8.4472229129e-01 -2.6794099574e+00 -1.1875720670e-02  2.9054553677e-02 -1.9718236019e+00  8.8674464335e-01  8.7968454553e-01 -5.5274342101e-01  9.0495913064e-01  8.6083009008e-01  1.6756978961e+00  2.8787276313e-02 -2.8088581680e-02  2.3416831589e+00 -2.3980448210e-01  1.1496017265e+00  2.3841865035e+00  1.9991116147e-01 -1.1992762928e+00 -6.9457575061e-04 -1.5533492167e+00 -1.5577791344e+00 -2.5250805894e+00 -1.5938969226e+00 -1.4920740334e+00 -3.7871781694e+00 -3.3269570003e-02  5.0562605334e-02 -2.5234688577e+00  1.5672424695e+00  1.5573432276e+00  1.7332677332e-03  1.6042551892e+00  1.5163296399e+00  3.3918078639e+00 -2.1793010824e-01  1.2382896311e+00  1.7827744333e+00 -4.0534882152e-01  2.0255505626e+00  3.4339868791e+00  1.2100831598e-01 -1.2500290746e+00  1.8655696335e+00  4.2354014689e-01 -2.0868580552e+00
ENERGY -3.765387376520e+02
GRADIENT  1.1391844150e-03  1.5557164800e-03 -3.2247853640e-03  1.7442612600e-04 -2.8253204050e-03  3.1272225040e-03  1.0140425300e-04  6.3512846300e-04  4.4344940600e-04  4.7721992600e-04 -9.3450137000e-05 -3.7941475000e-05 -1.0864950910e-03  1.2274717950e-03  1.0427847770e-03 -1.1939913120e-03 -1.2680334090e-03 -1.8808292200e-03  1.5639936290e-03  4.3053568150e-03  1.6912865060e-03 -1.0238459620e-03 -4.0283578970e-03 -1.0844026230e-03 -1.0934561500e-04  8.3455724100e-04 -8.1808737300e-04  1.1055945700e-04  4.2258338000e-05  3.7455768000e-05  7.3078806000e-05  4.5080238000e-05 -1.2868396000e-05  5.0739422000e-05  9.5782068000e-05  1.4501226100e-04 -2.0253100700e-04  6.7401987000e-05  5.4776942000e-05 -1.5307635900e-04 -1.7463220100e-04 -7.8727444000e-05 -1.1124383300e-04 -1.2339022300e-04  3.1284998200e-04  8.0089822000e-05 -9.3125143000e-05  1.0634614900e-04  8.0611687000e-05 -2.2210693000e-05  2.8092305300e-04  2.4949482000e-05 -1.7356014100e-04 -1.2194690200e-04

JOB 7
COORDS  1.5217597442e-01  6.8373645140e-02 -5.1212244038e-02 -5.5309014340e-01 -8.4483019814e-01 -9.0269137148e-01 -1.9710219872e+00 -8.8184539080e-01 -8.5541572502e-01 -2.6752428493e+00 -1.8937625175e-02  3.4158103429e-02 -1.9714258236e+00  8.7739101366e-01  8.9143644518e-01 -5.5341588197e-01  9.1038606186e-01  8.6968040504e-01  1.6670820776e+00  3.5090289938e-02 -2.9431365150e-02  2.3345052519e+00 -2.3194368113e-01  1.1484933416e+00  2.3809613939e+00  1.6362038656e-01 -1.2027120726e+00  2.2698901601e-03 -1.5221037112e+00 -1.5803537704e+00 -2.5244180960e+00 -1.5873585291e+00 -1.5054589486e+00 -3.7826631677e+00 -4.8241217059e-02  6.3183142518e-02 -2.5272429180e+00  1.5441774831e+00  1.5791976334e+00 -1.3286834177e-04  1.6098017831e+00  1.5263787597e+00  3.3852826462e+00 -2.1596028483e-01  1.2304229263e+00  1.7781745756e+00 -3.7238200087e-01  2.0303814203e+00  3.4290693554e+00  6.5781850975e-02 -1.2505290548e+00  1.8700981126e+00  3.9473863696e-01 -2.0926618753e+00
ENERGY -3.765387864181e+02
GRADIENT -1.9664946700e-04  2.9574284670e-03 -5.5793203770e-03  3.3525040000e-05 -3.2664019350e-03  3.6565519310e-03 -8.3782434300e-04 -7.4682433100e-04 -8.5442438000e-04  2.0074257890e-03 -6.6207711000e-05 -1.2218143000e-05 -4.5417657300e-04  8.2496619500e-04  5.8420194900e-04 -6.5710648000e-05 -4.6763545100e-04  4.4512892100e-04 -5.4757441900e-04  5.4948996910e-03  2.9458337170e-03  5.7541326000e-05 -4.6153308540e-03 -1.4726685800e-03 -3.5992088000e-05 -1.2450444300e-04  3.1154857300e-04 -9.4656451000e-05  3.7248845000e-05 -1.2864028300e-04  6.3938021000e-05 -9.2951058000e-05 -1.3143683100e-04  1.6176844300e-04 -1.8495263000e-05 -2.5185940000e-06  5.4752149000e-05  1.0406735000e-04  1.2682111300e-04 -8.4873675000e-05  2.2857569600e-04 -1.2081329900e-04  4.5763322000e-05  5.4225560000e-06  1.0356718100e-04 -6.8902063000e-05 -1.1153709800e-04  1.4157410000e-06 -5.3380450000e-06 -3.4236191000e-05  1.0709356500e-04 -3.0451069000e-05 -1.0095875000e-04  5.5618310000e-06

JOB 8
COORDS  1.5392545210e-01  6.4026146178e-02 -4.9416328020e-02 -5.5308907910e-01 -8.4765277073e-01 -9.0069270087e-01 -1.9713169153e+00 -8.7881038358e-01 -8.5148005123e-01 -2.6837900638e+00 -1.6557507699e-02  3.2139064642e-02 -1.9721760503e+00  8.7614005021e-01  8.8649020843e-01 -5.5369816766e-01  9.0818933441e-01  8.6772561907e-01  1.6696173389e+00  3.2386054116e-02 -2.7318218078e-02  2.3375508946e+00 -2.3502700353e-01  1.1503539978e+00  2.3821200705e+00  1.6636188712e-01 -1.2010827022e+00  1.0645979525e-04 -1.5283391811e+00 -1.5767236200e+00 -2.5237394589e+00 -1.5849751788e+00 -1.5014837441e+00 -3.7914420300e+00 -4.3886432060e-02  5.9199414707e-02 -2.5257264758e+00  1.5454564976e+00  1.5734470643e+00 -1.3050896194e-03  1.6058847044e+00  1.5269688689e+00  3.3888547599e+00 -2.1515584167e-01  1.2238364537e+00  1.7853657508e+00 -3.7610398266e-01  2.0347454079e+00  3.4304281752e+00  7.2438251651e-02 -1.2523888745e+00  1.8689878442e+00  3.9995619749e-01 -2.0891188696e+00
ENERGY -3.765387914497e+02
GRADIENT -2.4532088100e-04  2.6698408690e-03 -5.4300802640e-03  4.3370241600e-04 -3.8530611340e-03  2.7481740080e-03  8.9015166300e-04  1.1272807180e-03  1.0204866870e-03 -1.9030879010e-03 -1.2936691600e-04  1.0010181000e-05  7.6334292800e-04 -6.3162408900e-04 -7.5903014200e-04  1.6576619100e-04  1.1757857200e-04  5.0059918600e-04  3.6402686500e-04  5.3650259880e-03  2.7264215330e-03 -6.0496879600e-04 -4.8120113750e-03 -2.4160147700e-04  9.8067771000e-05 -6.6706679000e-05  1.6240664600e-04  1.3341268500e-04  2.6625616000e-05 -7.4070356000e-05  2.8968844000e-05  1.1035874900e-04  1.0266307300e-04 -1.5084198500e-04  2.2872117000e-05  3.6871907000e-05 -2.7714300000e-05 -1.0864838600e-04 -8.7666117000e-05  8.2171724000e-05  8.8175062000e-05 -5.7897452000e-05  3.2690664000e-05  1.7947042300e-04 -6.6923543200e-04 -2.6580717000e-05 -7.3699234000e-05  8.7278249000e-05 -4.7724505000e-05  5.2821130000e-06 -8.4853768000e-05  1.5422276000e-05 -2.9520913000e-05 -5.3918120000e-06

JOB 9
COORDS  1.5523174936e-01  5.9080267873e-02 -4.5724671146e-02 -5.5478499423e-01 -8.5133101516e-01 -8.9565104551e-01 -1.9731600198e+00 -8.8302493603e-01 -8.5176665599e-01 -2.6810785345e+00 -1.4910959124e-02  2.9732082274e-02 -1.9718068339e+00  8.7934508221e-01  8.8429934186e-01 -5.5307082065e-01  9.0783870029e-01  8.6645594470e-01  1.6717811005e+00  3.0736085486e-02 -2.6579620155e-02  2.3412347462e+00 -2.3706570801e-01  1.1501086644e+00  2.3815116227e+00  1.7460266453e-01 -1.2009678669e+00 -1.5459769447e-03 -1.5349977085e+00 -1.5684877481e+00 -2.5260688593e+00 -1.5897495400e+00 -1.5008825350e+00 -3.7887599221e+00 -3.9397246458e-02  5.5252004226e-02 -2.5254993977e+00  1.5515195798e+00  1.5684121095e+00 -2.8507615172e-04  1.6044715952e+00  1.5263667963e+00  3.3920187393e+00 -2.1876255816e-01  1.2309901538e+00  1.7864249660e+00 -3.8244082533e-01  2.0320724303e+00  3.4301668941e+00  8.5134573594e-02 -1.2545346703e+00  1.8653982685e+00  4.0810127154e-01 -2.0873474675e+00
ENERGY -3.765388081407e+02
GRADIENT  6.5334603200e-04  2.2474395730e-03 -5.1301622300e-03 -4.8169662800e-04 -2.5104706240e-03  3.7587296970e-03 -2.4496852700e-04 -2.9242767900e-04 -2.6019653700e-04  6.1827615000e-05  4.0983280000e-06 -1.7559409000e-05 -1.0506570900e-04  4.7790879000e-05  5.3502836000e-05 -1.4266510900e-04 -1.6825748200e-04 -3.3178425100e-04  2.6281208800e-04  5.1251863420e-03  2.8914418800e-03 -2.0555664000e-05 -4.5075265350e-03 -8.9074791100e-04  8.3660215000e-05  1.4835176100e-04 -9.2119601000e-05 -3.1549762000e-05  5.8372331000e-05  6.0866536000e-05 -6.2971044000e-05 -1.4288214000e-05 -1.3473580000e-06  5.5353320000e-06 -1.4517167000e-05 -1.4986846000e-05 -2.3178878000e-05 -1.2987069000e-05 -1.5545950000e-06  1.7972756000e-05 -6.9044321000e-05 -2.7505600000e-05 -3.5263632000e-05 -5.5172657000e-05  1.0246753500e-04  4.4838195000e-05  2.3339596000e-05 -2.4550716000e-05 -1.2751140000e-05  7.7531300000e-07 -7.3366774000e-05  3.0564351000e-05 -2.6246950000e-06 -1.6819032000e-05

JOB 10
COORDS  1.5341580841e-01  6.0247255562e-02 -4.6985654336e-02 -5.5290571628e-01 -8.5168476333e-01 -8.9844079038e-01 -1.9710784959e+00 -8.8215549930e-01 -8.5187284110e-01 -2.6790224068e+00 -1.5180976380e-02  3.0844804104e-02 -1.9711524157e+00  8.7945286181e-01  8.8616355312e-01 -5.5264587565e-01  9.0865188426e-01  8.6751473604e-01  1.6693748238e+00  3.1343653277e-02 -2.6841774649e-02  2.3391617474e+00 -2.3623989492e-01  1.1495835772e+00  2.3795033908e+00  1.7193884406e-01 -1.2012086997e+00  8.1241517861e-04 -1.5344677396e+00 -1.5719223515e+00 -2.5246954096e+00 -1.5883726979e+00 -1.5008828372e+00 -3.7866714376e+00 -4.0749772665e-02  5.6622779593e-02 -2.5252820810e+00  1.5506880971e+00  1.5708584997e+00  8.3785107649e-04  1.6053977166e+00  1.5268054576e+00  3.3898385366e+00 -2.1848936277e-01  1.2323316902e+00  1.7835360221e+00 -3.8044038499e-01  2.0312455354e+00  3.4281526302e+00  8.1084247338e-02 -1.2526662761e+00  1.8645935603e+00  4.0545428987e-01 -2.0882742116e+00
ENERGY -3.765388085649e+02
GRADIENT -4.2877099200e-04  2.3046205900e-03 -5.3486031180e-03  2.2451929600e-04 -3.4063654980e-03  2.9277325610e-03  1.2612287700e-04  1.8970923400e-04  1.7086716900e-04  1.4834537800e-04 -1.4532128000e-05 -1.1157424000e-05 -5.6887591000e-05  7.9332782000e-05  7.8351955000e-05  1.3273784600e-04  1.5071405000e-04  1.4313448400e-04 -2.8480144100e-04  5.1696863450e-03  3.0958852820e-03  2.0652015800e-04 -4.4692982950e-03 -1.3657912730e-03 -1.3345528300e-04  9.4214951000e-05 -3.2658315000e-05  1.2127988000e-05 -4.2756772000e-05 -5.4510139000e-05  6.0039581000e-05 -3.7046210000e-06 -8.2177550000e-06  9.6088340000e-06  2.0584687000e-05  2.0145395000e-05  1.7489399000e-05  1.4691615000e-05  1.7582762000e-05 -3.5069384000e-05  4.1799230000e-05  2.8530636000e-05 -5.5483560000e-06 -8.4478387000e-05  3.0297227500e-04  7.2176500000e-07  1.1126025000e-05 -4.5775942000e-05  1.9501383000e-05 -3.2985348000e-05  8.7044237000e-05 -1.2955677000e-05 -1.4369189000e-05 -2.1163881000e-05

