JOB 0
COORDS  1.5207540000e-01  3.5437500000e-02  3.0936400000e-02 -5.6606110000e-01 -7.5482440000e-01  9.9026760000e-01 -1.9838780000e+00 -7.7204190000e-01  9.5464130000e-01 -2.6876167000e+00 -6.2556000000e-03 -2.1241700000e-02 -1.9727072000e+00  7.7396970000e-01 -9.7765300000e-01 -5.5470860000e-01  7.8781450000e-01 -9.6650470000e-01  1.6618212000e+00  1.1784900000e-02  2.4467800000e-02  2.3525513000e+00 -1.0368230000e-01 -1.1659371000e+00  2.3637427000e+00  4.2021600000e-02  1.2134673000e+00 -2.0298700000e-02 -1.3693402000e+00  1.7325455000e+00 -2.5426820000e+00 -1.3893333000e+00  1.6848073000e+00 -3.7958442000e+00 -2.0247900000e-02 -3.8875700000e-02 -2.5224314000e+00  1.3710029000e+00 -1.7311980000e+00 -2.7490000000e-04  1.4084559000e+00 -1.6972718000e+00  3.4034572000e+00 -6.2835100000e-02 -1.2216703000e+00  1.8175285000e+00 -1.8896500000e-01 -2.0668359000e+00  3.4119626000e+00 -4.6615900000e-02  1.2606778000e+00  1.8448883000e+00  1.8912340000e-01  2.1157564000e+00
ENERGY -3.765411544104e+02
GRADIENT -5.7000501000e-05  1.7919441880e-03  2.8928497390e-03  1.7715314200e-04 -2.3621013710e-03 -1.5041879850e-03  2.4717729400e-04  2.6794339900e-04 -3.4945472500e-04 -2.2219019600e-04 -1.9610728000e-05  1.5559655000e-05 -4.0817730000e-05  8.4319999000e-05 -1.2170312800e-04 -1.0698442400e-04 -1.0417173600e-04  1.6556351300e-04 -9.8391052000e-05  3.2224006220e-03 -1.2377621740e-03  7.9557317000e-05 -3.1024811210e-03  2.7527675900e-04  5.1232478000e-05  1.9739732300e-04 -2.3999974400e-04  5.5152113000e-05 -9.3519580000e-06  1.7643073000e-05  3.6656036000e-05  1.9572187000e-05 -1.9585778000e-05 -1.5271370000e-05  2.9207262000e-05 -3.2309032000e-05 -2.5906345000e-05 -4.1739510000e-06  5.6663200000e-07 -3.3934494000e-05  1.2607993000e-05  6.9686990000e-06  2.8068593000e-05  6.8161276000e-05  8.4443609000e-05 -1.7997372000e-05  4.5702074000e-05 -9.8255780000e-06 -3.9397090000e-06 -5.9229730000e-05  3.6646223000e-05 -2.5608524000e-05 -8.2143283000e-05 -3.9809990000e-06

JOB 1
COORDS  1.5177221475e-01  1.0624153228e-02  1.7450357398e-02 -5.7097291201e-01 -7.4119270987e-01  1.0040656950e+00 -1.9890614573e+00 -7.4930179731e-01  9.7917161031e-01 -2.6859732325e+00 -1.3873704033e-03 -1.5149924705e-02 -1.9679393566e+00  7.4989842659e-01 -9.9239593706e-01 -5.4983772508e-01  7.5314857673e-01 -9.9074087047e-01  1.6615832122e+00 -9.0151699965e-03  2.1528323113e-02  2.3582612128e+00 -4.8830573489e-02 -1.1703592279e+00  2.3566538091e+00 -6.5098331564e-03  1.2151353079e+00 -2.6668295757e-02 -1.3374301744e+00  1.7620497595e+00 -2.5501747420e+00 -1.3408832690e+00  1.7286938751e+00 -3.7943146213e+00 -4.2710721912e-03 -2.8774080980e-02 -2.5166089567e+00  1.3353947881e+00 -1.7556737031e+00  6.8859105495e-03  1.3548865413e+00 -1.7354818557e+00  3.4083509832e+00  1.2629915935e-02 -1.2217443271e+00  1.8269727043e+00 -9.7199780407e-02 -2.0761740870e+00  3.4062101824e+00 -7.6369630565e-02  1.2641224272e+00  1.8312503913e+00  1.0204123331e-01  2.1190929283e+00
ENERGY -3.765416770680e+02
GRADIENT -1.4029113970e-03  1.1819826770e-03  6.8820126900e-04  9.7763881000e-05 -1.0251178630e-03 -1.6210985030e-03 -9.4459499400e-04 -5.6191153800e-04  6.0906760100e-04  6.9772205700e-04  9.1783560000e-06 -8.9852670000e-06 -2.2924650000e-05 -3.3588012900e-04  5.2965376400e-04  7.9291099200e-04  8.9697788300e-04 -2.1773679500e-04  1.0462589360e-03  1.3254839800e-04 -3.2269508600e-04 -4.0601757900e-04 -2.0121527970e-03  2.8909423100e-04 -3.2221615700e-04  7.9712749300e-04 -4.5083112000e-05  6.2606180000e-05  3.1722431400e-04  1.1794797400e-04 -2.8157524000e-05 -1.0334912600e-04  4.2571303000e-05  8.0222132000e-05 -6.4449797000e-05  1.1555525600e-04  1.0916257400e-04 -1.6631217000e-05 -2.9160179000e-05  2.9574939700e-04 -3.5947988000e-05  1.5280526000e-05  1.6726849600e-04  1.7742931700e-04 -1.8229121500e-04 -2.1593912800e-04  4.8247828700e-04 -1.6677686400e-04  1.6694787400e-04  1.4122610000e-05  2.5108883000e-05 -1.6014820700e-04  1.4769529400e-04  1.5221728400e-04

JOB 2
COORDS  1.5395983523e-01 -1.2457935086e-03  1.3609420583e-02 -5.7000011093e-01 -7.2878069898e-01  1.0176249674e+00 -1.9879399097e+00 -7.2368360245e-01  9.8927127004e-01 -2.6949212736e+00  4.2693802135e-03 -1.3217276219e-02 -1.9764880473e+00  7.3300830038e-01 -1.0065958685e+00 -5.5848386171e-01  7.2446335435e-01 -1.0005078816e+00  1.6633709841e+00 -1.1925301732e-02  1.7454786595e-02  2.3695449800e+00 -4.5660938947e-03 -1.1696737179e+00  2.3564683291e+00 -4.3763039165e-02  1.2119447299e+00 -3.0786817797e-02 -1.3170705062e+00  1.7854902578e+00 -2.5491862130e+00 -1.2972320371e+00  1.7523870488e+00 -3.8034509233e+00  4.1209396165e-03 -2.0478596895e-02 -2.5219382275e+00  1.3083475149e+00 -1.7799313037e+00 -3.8235531132e-03  1.3125732124e+00 -1.7572955312e+00  3.4194726529e+00  6.4790079768e-02 -1.2064568447e+00  1.8488720565e+00 -3.8739630731e-02 -2.0818939088e+00  3.4063516561e+00 -1.0639828890e-01  1.2585610982e+00  1.8300377077e+00  2.8178144255e-02  2.1185816767e+00
ENERGY -3.765418837492e+02
GRADIENT  1.1080630000e-04  5.0914430900e-04  6.4849658700e-04  8.1546967900e-04 -1.6618969360e-03  3.2536963900e-04  1.1024163460e-03  1.5713547400e-03 -2.1031059410e-03 -1.4243248200e-03 -1.7902231600e-04  1.5263455500e-04 -5.4161943000e-04  6.5165769400e-04 -8.1125895100e-04 -1.2851046230e-03 -8.9909965300e-04  2.1388820550e-03  1.3527171520e-03  1.4936545800e-04 -3.1587245600e-04  1.6487606100e-04 -1.6927786840e-03  3.2956378800e-04 -3.4168482400e-04  6.6054979000e-04 -3.3066622600e-04  4.8014357700e-04  2.8512191500e-04  4.9387779000e-05  1.1003932900e-04  7.7989272000e-05 -1.7080568800e-04 -9.2077581000e-05  1.5451002900e-04 -2.2456044700e-04 -2.8478533000e-04 -1.6906766000e-05  5.6761068000e-05  2.4837900000e-07 -1.6633401700e-04  2.2068204200e-04  1.2719188900e-04  2.5983772500e-04  8.1345839000e-05 -2.1435828300e-04  3.0829817800e-04 -1.0829414000e-05  1.1798686700e-04  3.4351935000e-05 -7.8032224000e-05 -1.8822735500e-04 -4.3094422000e-05  4.0115128000e-05

JOB 3
COORDS  1.5149543735e-01 -1.4639095144e-02  1.2740585165e-03 -5.7314889271e-01 -7.0686577917e-01  1.0309393779e+00 -1.9906448196e+00 -6.9806134933e-01  1.0179500928e+00 -2.6900607157e+00  7.8727136580e-03 -5.6148061767e-03 -1.9723452437e+00  7.0432934757e-01 -1.0230773533e+00 -5.5485546278e-01  6.9321245132e-01 -1.0303256302e+00  1.6593083564e+00 -1.7698949593e-02  1.2801040383e-02  2.3737367375e+00  6.0157919687e-02 -1.1672559497e+00  2.3477120919e+00 -9.8760754616e-02  1.2082499825e+00 -3.3537837349e-02 -1.2797574628e+00  1.8100089113e+00 -2.5516741661e+00 -1.2450106129e+00  1.8006525379e+00 -3.7985823514e+00  1.6543470584e-02 -9.6054714585e-03 -2.5206682247e+00  1.2618861850e+00 -1.8072684278e+00 -2.9727804049e-03  1.2617202021e+00 -1.8040782382e+00  3.4231688452e+00  1.3753475553e-01 -1.1885305101e+00  1.8640278166e+00  5.3172855363e-02 -2.0858291744e+00  3.3976991068e+00 -1.5329264258e-01  1.2558111856e+00  1.8181002586e+00 -7.6531122912e-02  2.1151625613e+00
ENERGY -3.765421052309e+02
GRADIENT -1.2908296320e-03 -4.7436427000e-04 -1.4344261000e-04  2.5377760200e-04 -8.7315539000e-05 -1.1882921000e-05 -3.6126196200e-04 -1.7621060300e-04  4.0314926700e-04  3.5397860700e-04 -5.3283887000e-05 -2.5707087000e-05  1.2434688500e-04 -1.2815564800e-04  2.5180268700e-04  5.5533577600e-04  7.5312437600e-04 -2.9070095300e-04  1.1008241820e-03  3.4038873000e-05 -3.6590641500e-04 -2.1831515600e-04 -1.0059494120e-03 -1.7319253400e-04 -6.2860150600e-04  5.2728887600e-04  1.4714791000e-05  1.8386325200e-04  1.9272809700e-04  4.2829042000e-05  5.1056310000e-06 -5.4888152000e-05  2.3498508000e-05  3.4134552000e-05 -3.2091638000e-05  2.8378788000e-05  7.9723331000e-05  6.3804284000e-05  1.1306893000e-05  1.8126900800e-04 -1.0312869000e-05 -2.7618734000e-05  4.1610384000e-05  3.3958629500e-04  3.2388987200e-04 -2.4410687700e-04  2.8173785200e-04 -4.8801740000e-06  3.4548241000e-05 -1.7023060000e-06 -4.5780110000e-05 -1.9813921200e-04 -1.6831850000e-04 -9.5424330000e-06

JOB 4
COORDS  1.5433444586e-01 -7.6537037637e-03  7.7429414239e-03 -5.7717309271e-01 -7.0058933449e-01  1.0327506807e+00 -1.9945774363e+00 -6.9517242827e-01  1.0168129555e+00 -2.6945739174e+00  6.4708453259e-03 -9.1373718938e-03 -1.9738724541e+00  6.9988435896e-01 -1.0263028891e+00 -5.5630446283e-01  6.9193503382e-01 -1.0271559406e+00  1.6619563555e+00 -1.1214948803e-02  1.9034913816e-02  2.3714006560e+00  6.9920424140e-02 -1.1642980446e+00  2.3579184756e+00 -1.0441039264e-01  1.2098646838e+00 -4.2028125502e-02 -1.2759037251e+00  1.8130209122e+00 -2.5556998616e+00 -1.2424712012e+00  1.7992101970e+00 -3.8031236138e+00  1.2427472004e-02 -1.6232566703e-02 -2.5200312541e+00  1.2525425875e+00 -1.8154511047e+00 -6.0828515791e-03  1.2593779771e+00 -1.8027498263e+00  3.4211752595e+00  1.3684520912e-01 -1.1953776706e+00  1.8570225342e+00  6.0880939981e-02 -2.0800261233e+00  3.4079172756e+00 -1.6350297654e-01  1.2491514906e+00  1.8360148101e+00 -8.3529373873e-02  2.1210834242e+00
ENERGY -3.765421294621e+02
GRADIENT  1.0345234190e-03 -1.6488430800e-04 -2.5206653300e-04 -8.2303287600e-04  4.7844012300e-04 -9.6708433400e-04 -2.2140483000e-04 -2.8380849300e-04  5.4369919200e-04 -1.0570586000e-05  1.8739402000e-05 -3.9743908000e-05  1.2277257000e-05 -1.2859250000e-05  3.7757565000e-05 -3.6691420700e-04 -1.2208672600e-04  4.9641646200e-04  5.6704763200e-04  6.9611607500e-04  6.5190400000e-06 -5.9348486000e-05 -9.4395859900e-04  1.9175265500e-04  1.5201957800e-04  3.2177414400e-04  3.3411773900e-04 -8.3106429000e-05 -1.5854617000e-05 -1.6610461300e-04 -1.1672739300e-04  6.7597750000e-06  1.4100990000e-06  3.0561400000e-07 -3.9124726000e-05  2.5375906000e-05 -4.6825147000e-05  1.5582586000e-05  4.0088997000e-05  6.4249365000e-05 -1.4985344700e-04  3.4386091000e-05 -7.0985022000e-05  2.4475403000e-04 -2.3838790300e-04 -3.0400299000e-05  1.7751901100e-04  8.1087837000e-05 -8.7143940000e-06 -7.3521624000e-05 -5.4300540000e-06  1.6029874000e-05 -1.5267381600e-04 -1.2358813200e-04

JOB 5
COORDS  1.5137318037e-01 -1.4819889279e-03  1.2524249526e-02 -5.7500011140e-01 -6.9820000850e-01  1.0388811479e+00 -1.9921121712e+00 -6.9314503917e-01  1.0158564819e+00 -2.6936475109e+00  5.3281927110e-03 -1.1308924015e-02 -1.9748602403e+00  6.9886201677e-01 -1.0295791622e+00 -5.5746699012e-01  6.9447526494e-01 -1.0267109973e+00  1.6581670659e+00 -7.3226645162e-03  2.0278264410e-02  2.3682577002e+00  7.6680594550e-02 -1.1629107858e+00  2.3580086227e+00 -1.1016832561e-01  1.2082027205e+00 -4.0606004796e-02 -1.2736659246e+00  1.8197559511e+00 -2.5541103418e+00 -1.2408516569e+00  1.7972506203e+00 -3.8022168701e+00  7.8256109141e-03 -1.9127876260e-02 -2.5212263594e+00  1.2475324217e+00 -1.8213513514e+00 -7.3641514418e-03  1.2619768112e+00 -1.8024043583e+00  3.4187797186e+00  1.3155129606e-01 -1.1914897451e+00  1.8564085535e+00  6.6227751404e-02 -2.0799822910e+00  3.4079644614e+00 -1.7247979243e-01  1.2423012908e+00  1.8410419484e+00 -8.7415109750e-02  2.1222261396e+00
ENERGY -3.765421418539e+02
GRADIENT -3.4841985900e-04  9.2884193000e-05  2.3827572100e-04  3.2334876500e-04 -7.1728560600e-04  7.5269963700e-04  5.9275178700e-04  4.4831517700e-04 -6.8865316800e-04 -1.8996363600e-04  3.5432584000e-05  2.9207820000e-05 -6.4019054000e-05  4.6895027000e-05 -1.6101605400e-04 -4.4080189000e-05  6.2870686000e-05 -8.6042393000e-05 -4.9610010500e-04  8.7006659400e-04  8.7831007000e-05  1.0199057400e-04 -8.4701279300e-04  7.6092455000e-05  2.5863300400e-04  1.9852960700e-04  1.0260304000e-04 -6.0625098000e-05 -2.4343392000e-04  3.8100787000e-05  8.5349650000e-05  3.8740998000e-05 -1.8268668000e-05 -1.9531442000e-05  4.1238551000e-05 -6.1798555000e-05 -1.2572020000e-05 -7.5282870000e-06 -5.5022730000e-06 -1.3222239600e-04 -2.2975004000e-05 -1.2230037400e-04 -4.5476771000e-05  1.4264377300e-04 -1.1421540200e-04  5.3311032000e-05  1.2170464700e-04  4.4537264000e-05 -1.3202413000e-05 -1.0535608400e-04 -6.8101472000e-05  2.2272905000e-05 -1.5387787200e-04 -4.3776226000e-05

JOB 6
COORDS  1.5145446634e-01 -3.3292288568e-04  1.0238752498e-02 -5.7540818411e-01 -6.9696080851e-01  1.0359233459e+00 -1.9927875817e+00 -6.9479589426e-01  1.0168908129e+00 -2.6945957044e+00  4.3307232233e-03 -9.6278420821e-03 -1.9764471033e+00  6.9979477506e-01 -1.0272491144e+00 -5.5893091405e-01  6.9667966324e-01 -1.0267965941e+00  1.6582608164e+00 -8.6991727263e-03  1.6980203238e-02  2.3722812670e+00  7.5399737705e-02 -1.1638596601e+00  2.3552487256e+00 -1.1109475036e-01  1.2063963083e+00 -3.8809479081e-02 -1.2704026710e+00  1.8166838416e+00 -2.5531177436e+00 -1.2435023844e+00  1.7988254795e+00 -3.8031618453e+00  6.5519716461e-03 -1.6944905050e-02 -2.5240366204e+00  1.2493324108e+00 -1.8175798893e+00 -9.9080954525e-03  1.2663023146e+00 -1.8016738116e+00  3.4232448097e+00  1.2595631976e-01 -1.1852486226e+00  1.8651161326e+00  6.3342836014e-02 -2.0835978917e+00  3.4051506848e+00 -1.7262369007e-01  1.2438467246e+00  1.8360502772e+00 -8.3835029678e-02  2.1191297488e+00
ENERGY -3.765421495656e+02
GRADIENT  7.7025767000e-05  1.1881837700e-04  6.2620238500e-04 -1.3906320000e-06 -1.1236779300e-04 -2.2064656500e-04  2.1825823000e-05 -6.0476815000e-05 -1.8869613000e-05 -2.9838820000e-05  4.1183297000e-05 -2.2506520000e-06 -3.1243453000e-05 -2.9224453000e-05 -5.3898014000e-05  1.6986600000e-06 -1.9009493000e-05  7.9138483000e-05 -2.8241376000e-04  5.6713102200e-04 -1.9194923700e-04  3.0963212100e-04 -7.6398652800e-04 -1.3772617100e-04  5.8308185000e-05  2.2526307000e-04 -2.9293284500e-04 -1.3226723000e-05 -4.2132658000e-05  1.3613810000e-06 -3.1930010000e-06  8.6113040000e-06  1.0188530000e-06 -4.8721500000e-07  1.4252652000e-05  8.1019330000e-06 -3.3053700000e-07 -1.7347685000e-05 -1.3293271000e-05 -8.7952348000e-05  3.5518818000e-05 -1.1116370000e-05  2.2830441000e-05  1.0853548000e-04  2.1709640300e-04  2.0593748000e-05  1.1299459100e-04  9.4992630000e-06 -1.5986531000e-05 -7.9087777000e-05 -1.9251144000e-05 -3.3733521000e-05 -1.0772292200e-04  1.9792810000e-05

JOB 7
COORDS  1.5214041740e-01 -7.6677511241e-04  1.0883061453e-02 -5.7562257232e-01 -6.9824711844e-01  1.0351220564e+00 -1.9931137179e+00 -6.9684787284e-01  1.0155695589e+00 -2.6934744906e+00  3.3402174644e-03 -1.1231169063e-02 -1.9743556890e+00  7.0085185978e-01 -1.0269234423e+00 -5.5680055776e-01  6.9766399200e-01 -1.0258110307e+00  1.6588680067e+00 -1.0040467655e-02  1.9209356157e-02  2.3676758348e+00  7.5331142437e-02 -1.1645919128e+00  2.3562854696e+00 -1.1054833881e-01  1.2086294361e+00 -3.8701027506e-02 -1.2704055614e+00  1.8165304820e+00 -2.5540062075e+00 -1.2464166433e+00  1.7965111608e+00 -3.8020290438e+00  5.4116334579e-03 -1.9901766254e-02 -2.5214361346e+00  1.2517975643e+00 -1.8166326548e+00 -6.2964535687e-03  1.2684349400e+00 -1.7988019208e+00  3.4185935237e+00  1.2366704867e-01 -1.1928208975e+00  1.8555348593e+00  5.9826391221e-02 -2.0815996171e+00  3.4063637829e+00 -1.6912752473e-01  1.2465727293e+00  1.8372866869e+00 -7.8824563536e-02  2.1213542225e+00
ENERGY -3.765421537184e+02
GRADIENT  1.6635223000e-04  3.1652748800e-04  8.2922906000e-05  3.6329407000e-05 -1.0019087700e-04 -4.7711883500e-04 -1.9460205200e-04 -1.6545558600e-04  2.1094366600e-04  4.2175785000e-05  6.2797720000e-06 -2.7629111000e-05 -2.7655613000e-05  8.7395950000e-06  1.8719634000e-05  1.2079406000e-04 -4.9954930000e-05  5.9086113000e-05  7.7396956000e-05  1.7656062700e-04  1.7941151000e-04 -2.7024491700e-04 -5.7374460200e-04 -2.8049380900e-04  1.3749502000e-05  2.1945666700e-04  1.0320662500e-04  1.9192499000e-05  6.8995402000e-05 -7.6537770000e-06 -1.5694085000e-05 -6.1816180000e-06  1.3775590000e-05  5.7315740000e-06 -8.9363780000e-06  2.4240083000e-05  8.7608670000e-06 -8.1239440000e-06 -1.1596187000e-05  4.7636396000e-05 -5.2409390000e-06  2.4164617000e-05 -1.4968694000e-05  9.0813159000e-05  5.5777755000e-05  2.1775880000e-06  1.4349493100e-04 -5.9918817000e-05 -2.0756925000e-05 -6.1834728000e-05  6.3213957000e-05  1.5029384000e-05 -4.9504421000e-05  2.8743177000e-05

JOB 8
COORDS  1.5153441646e-01  5.0756128814e-05  1.1251541265e-02 -5.7585313928e-01 -6.9854424417e-01  1.0352659626e+00 -1.9932510954e+00 -6.9699266275e-01  1.0151833830e+00 -2.6939664419e+00  3.2630159185e-03 -1.1249860222e-02 -1.9750596818e+00  7.0126255171e-01 -1.0266902905e+00 -5.5758526824e-01  6.9842666397e-01 -1.0255680304e+00  1.6584032137e+00 -9.1067257116e-03  1.9091106512e-02  2.3687339129e+00  7.7300955247e-02 -1.1636929361e+00  2.3557683225e+00 -1.1175560229e-01  1.2083211726e+00 -3.9123829434e-02 -1.2712966955e+00  1.8163813240e+00 -2.5541498470e+00 -1.2470461236e+00  1.7957685032e+00 -3.8025235019e+00  4.9125016997e-03 -1.9948925609e-02 -2.5222848777e+00  1.2523249525e+00 -1.8162115448e+00 -7.2932768173e-03  1.2696690323e+00 -1.7983683650e+00  3.4198036618e+00  1.2146865992e-01 -1.1930543972e+00  1.8569205955e+00  5.7779419039e-02 -2.0807548336e+00  3.4059794760e+00 -1.6886679254e-01  1.2451593551e+00  1.8374959150e+00 -7.8136413034e-02  2.1213616010e+00
ENERGY -3.765421567040e+02
GRADIENT  3.6024234000e-05  3.4838588600e-04  2.7819447700e-04 -1.6762174000e-05 -2.8511118500e-04 -2.5891944800e-04 -6.5413775000e-05 -3.4856101000e-05  6.0902239000e-05  1.2102413000e-05 -1.6405226000e-05 -3.4267550000e-06  3.7156582000e-05 -1.3746763000e-05  5.1614198000e-05  2.6162839000e-05 -2.9142182000e-05 -7.3118047000e-05 -1.4289715900e-04  3.0460143200e-04 -1.0557586600e-04  1.4140352900e-04 -5.1492302800e-04  1.5957217900e-04 -3.8392768000e-05  1.5449054000e-04  3.3403565000e-05 -2.0207550000e-06  3.7389160000e-05  1.0537556000e-05 -3.7384450000e-06  1.1875600000e-06  6.1635680000e-06 -5.7505700000e-07 -7.2687120000e-06  9.5173050000e-06  9.0797700000e-06 -4.2605700000e-06 -2.8435810000e-06  1.3245868000e-05  1.7786113000e-05  1.2689720000e-05 -6.6332550000e-06  6.1673800000e-05 -1.7810689100e-04  5.6932990000e-06  7.6662718000e-05  3.0580384000e-05 -1.4336850000e-06 -5.1188757000e-05 -2.9896476000e-05  9.6973070000e-06 -4.3805761000e-05 -1.6762800000e-06

JOB 9
COORDS  1.5080192478e-01  8.3801470356e-04  1.1787508899e-02 -5.7622076774e-01 -6.9942047210e-01  1.0351357228e+00 -1.9935161116e+00 -6.9754300819e-01  1.0143510402e+00 -2.6945768095e+00  3.3936653696e-03 -1.1339409985e-02 -1.9761774769e+00  7.0225730013e-01 -1.0264570132e+00 -5.5877007043e-01  6.9949062679e-01 -1.0247659895e+00  1.6577728924e+00 -7.8996442662e-03  1.9062502897e-02  2.3680685578e+00  8.0335424505e-02 -1.1635721929e+00  2.3559645307e+00 -1.1330719786e-01  1.2076288725e+00 -3.9809838013e-02 -1.2735310995e+00  1.8154919452e+00 -2.5545042795e+00 -1.2485077699e+00  1.7942203119e+00 -3.8031312060e+00  4.6220317966e-03 -1.9960584458e-02 -2.5234739537e+00  1.2536906840e+00 -1.8156722112e+00 -8.6007613088e-03  1.2712983246e+00 -1.7972317372e+00  3.4194870783e+00  1.1778717531e-01 -1.1892826047e+00  1.8583571353e+00  5.4161993812e-02 -2.0816535142e+00  3.4063692101e+00 -1.6739007672e-01  1.2437224747e+00  1.8387509600e+00 -7.6303001473e-02  2.1211256682e+00
ENERGY -3.765421580840e+02
GRADIENT  3.2297120000e-06  3.8049806700e-04  3.0351031900e-04 -3.9179093000e-05 -4.5718602100e-04 -5.3860928000e-05  7.7168915000e-05  9.9691995000e-05 -9.0363477000e-05  7.1678260000e-05 -2.4982302000e-05  2.3392506000e-05 -8.3600450000e-06  5.7117296000e-05 -6.7180437000e-05 -1.4884031100e-04 -9.8104078000e-05 -4.8387786000e-05  1.5351245000e-04  4.7593729500e-04 -6.7224818000e-05 -9.3776692000e-05 -4.1496697900e-04 -1.0658364200e-04  4.8050104000e-05  3.5443531000e-05 -5.3693940000e-06 -2.9853008000e-05 -1.9690908000e-05  1.8799839000e-05  1.4941543000e-05  4.9900800000e-06  3.1749270000e-06  2.8983640000e-06  1.7742880000e-06 -1.7728366000e-05 -6.3337170000e-06  3.0019650000e-06 -3.3053670000e-06 -3.9396101000e-05  2.5642650000e-05 -5.5278290000e-06 -1.4399092000e-05 -9.3016730000e-06  1.6081320000e-04  4.3142130000e-06 -3.3877880000e-06  1.4110721000e-05 -3.4265780000e-06 -2.8437545000e-05 -2.7515372000e-05  2.2345802000e-05 -2.6969154000e-05 -3.1118485000e-05

JOB 10
COORDS  1.5078532963e-01  3.8228898360e-05  1.1242748726e-02 -5.7629092800e-01 -7.0030651615e-01  1.0342755428e+00 -1.9936587196e+00 -6.9835414553e-01  1.0139738196e+00 -2.6948238309e+00  3.5499105195e-03 -1.1037857044e-02 -1.9759162599e+00  7.0286974038e-01 -1.0255401604e+00 -5.5844316664e-01  6.9993869620e-01 -1.0245083627e+00  1.6576763003e+00 -8.6299528665e-03  1.8812653027e-02  2.3681167909e+00  7.9783307619e-02 -1.1638086801e+00  2.3550761903e+00 -1.1286893053e-01  1.2079380290e+00 -3.9533576662e-02 -1.2746572527e+00  1.8142167145e+00 -2.5545361771e+00 -1.2497352817e+00  1.7936294051e+00 -3.8033816571e+00  5.2500598250e-03 -1.9529144643e-02 -2.5231854872e+00  1.2551164999e+00 -1.8141990494e+00 -8.0545936285e-03  1.2719896321e+00 -1.7966370082e+00  3.4195272180e+00  1.1711743910e-01 -1.1910574522e+00  1.8578175552e+00  5.2061458617e-02 -2.0815550932e+00  3.4055255181e+00 -1.6528168206e-01  1.2454946864e+00  1.8368945872e+00 -7.4221586305e-02  2.1208701768e+00
ENERGY -3.765421589053e+02
GRADIENT -3.2223576000e-05  3.1633931300e-04  3.1111348400e-04  1.0160709000e-05 -3.4928789700e-04 -1.6507835300e-04  5.5777313000e-05  5.8789247000e-05 -6.3237916000e-05 -1.1086225400e-04 -7.5026200000e-06  7.4547760000e-06  6.5510751000e-05 -4.3178151000e-05  6.5508223000e-05  3.0078320000e-06 -8.8772130000e-06 -6.4619498000e-05 -5.2014940000e-05  3.8547696800e-04 -6.7868274000e-05  3.6048718000e-05 -3.6491954800e-04 -1.3940868000e-05  4.0666290000e-05  3.0749161000e-05 -5.6620907000e-05  1.5150050000e-06  8.6041060000e-06  1.3461216000e-05  1.9183080000e-06  5.1798730000e-06 -5.7355810000e-06 -7.4508860000e-06 -1.2696490000e-06 -3.0158900000e-06  3.3430900000e-07 -7.9210410000e-06  6.2131490000e-06  4.3291010000e-06  1.3373868000e-05  8.7569100000e-07  3.9878600000e-07 -5.8451050000e-06  5.2805990000e-06 -2.8162210000e-06 -4.8608910000e-06  9.3290840000e-06 -3.6359950000e-06 -1.5262049000e-05  3.0367218000e-05  3.8150700000e-06 -8.6329540000e-06 -9.8277420000e-06

