JOB 0
COORDS  1.5291923391e-01 -2.6791592585e-02  5.7192364651e-03 -5.7939881657e-01 -6.6704620377e-01 -1.0546347328e+00 -1.9961399726e+00 -6.5019913629e-01 -1.0473146164e+00 -2.6996789972e+00  9.8720311718e-03  3.4695509939e-03 -1.9808708625e+00  6.5543427076e-01  1.0528142524e+00 -5.6399923327e-01  6.4112986082e-01  1.0595319077e+00  1.6601720988e+00 -1.9002040695e-02 -9.2548587186e-03  2.3844195649e+00  3.0746594698e-01  1.1239445290e+00  2.3621942660e+00 -3.0313863109e-01 -1.1669809991e+00 -5.2916801742e-02 -1.2129054838e+00 -1.8613794911e+00 -2.5547892598e+00 -1.1559005533e+00 -1.8588496665e+00 -3.8082772662e+00  2.2692879811e-02  3.5444072274e-03 -2.5275292723e+00  1.1776911092e+00  1.8620320710e+00 -2.4975742151e-02  1.1781858104e+00  1.8637321965e+00  3.4359569940e+00  3.3894013536e-01  1.1268732820e+00  1.8962241710e+00  4.1825931494e-01  2.0465689075e+00  3.4136254399e+00 -3.2056231805e-01 -1.1941124958e+00  1.8513276459e+00 -4.4719629545e-01 -2.0724475500e+00
ENERGY -3.765416760373e+02
GRADIENT -1.6631564000e-04 -1.3501516110e-03  9.2422157100e-04  2.6789541000e-05  1.3852087920e-03 -9.2110247600e-04 -8.1211400000e-06 -5.0052590000e-06 -7.3755730000e-06  3.6496556000e-05 -6.0740860000e-06 -5.0849900000e-07  2.7493705000e-05 -2.2695379000e-05 -3.5196322000e-05  7.1826440000e-05  6.2588994000e-05  1.1279258900e-04 -4.4621137000e-05 -1.7154905060e-03  4.5389759700e-04  1.9115951900e-04  1.5257027560e-03 -6.1013726500e-04 -1.3472906000e-04  9.1277260000e-05 -7.9624716000e-05  3.7215250000e-06 -3.5167610000e-06 -1.5269122000e-05  6.4144330000e-06 -3.1784320000e-06 -2.3703460000e-06  2.0564870000e-06 -1.8499600000e-06 -3.3496920000e-06  1.3511744000e-05  5.5783690000e-06  5.6297900000e-07 -2.2038798000e-05  1.5436605000e-05  1.3439213000e-05  2.0654630000e-06  6.1750809000e-05  9.5477867000e-05  5.0403150000e-06  3.1695387000e-05 -4.4363622000e-05 -4.7274300000e-07 -1.3054227000e-05  1.1990686800e-04 -1.7757902000e-05 -5.6775507000e-05 -1.4211200000e-07

JOB 1
COORDS  1.5298908995e-01  3.4257694470e-03 -1.0934111928e-02 -5.7184559694e-01 -7.3353359796e-01 -1.0097174659e+00 -1.9891597626e+00 -7.3402346626e-01 -9.8964083226e-01 -2.6922260398e+00  6.6589426875e-04  1.0770495075e-02 -1.9765297394e+00  7.3614644360e-01  1.0016282922e+00 -5.5911279581e-01  7.3608472978e-01  1.0001189050e+00  1.6599718418e+00 -2.5733803772e-03 -1.6780785349e-02  2.3707012917e+00  1.2818352057e-01  1.1616706441e+00  2.3586906244e+00 -1.4805406596e-01 -1.2007645306e+00 -3.3743602761e-02 -1.3332437643e+00 -1.7693837888e+00 -2.5485445342e+00 -1.3129715430e+00 -1.7501521317e+00 -3.8007797865e+00 -3.2240766422e-04  1.8617888462e-02 -2.5254732664e+00  1.3134338385e+00  1.7709750593e+00 -1.0655357740e-02  1.3357033890e+00  1.7524364130e+00  3.4220832260e+00  1.6874484721e-01  1.1842717663e+00  1.8620078976e+00  1.3392305150e-01  2.0806735083e+00  3.4091601600e+00 -2.0183902586e-01 -1.2353557364e+00  1.8413632656e+00 -1.4432192989e-01 -2.1149465834e+00
ENERGY -3.765421565097e+02
GRADIENT  7.5552063000e-05  3.4934667300e-04 -4.3567373200e-04 -2.2647057000e-05 -4.1751615100e-04  9.5801537000e-05  2.5585448000e-05  6.0527357000e-05  5.6439907000e-05  2.6617683000e-04 -2.6061040000e-05 -3.5051573000e-05 -1.6026161000e-04  2.0558334900e-04  2.8544866100e-04 -2.6424229200e-04 -2.2858489800e-04 -1.4149096800e-04  8.1034274000e-05  4.6503191500e-04  8.8269062000e-05 -8.4736080000e-06 -4.3279117100e-04  1.6169359600e-04  8.9580918000e-05  5.5445113000e-05  1.8589741000e-04 -2.0847878000e-05 -1.1216839000e-05 -1.9172033000e-05  2.2226054000e-05 -2.3217970000e-06 -1.0943370000e-05  1.9283463000e-05  1.5667040000e-05  2.7754326000e-05 -2.0578949000e-05  1.0320835000e-05  2.1311002000e-05 -8.1501361000e-05  3.6207200000e-05 -1.2720601000e-05  3.3518300000e-06 -1.8143088000e-05 -2.5709363400e-04  2.9451130000e-06 -1.0374210000e-06 -1.2147713000e-05 -1.5387450000e-06 -3.3024985000e-05 -2.7127169000e-05  9.0416550000e-06 -2.6418295000e-05  2.8980178000e-05

JOB 2
COORDS  1.5419172278e-01  3.8396414935e-02 -3.1490530750e-02 -5.6241168224e-01 -7.8666974702e-01 -9.6241528998e-01 -1.9801702451e+00 -8.0749473133e-01 -9.2801995786e-01 -2.6841635783e+00 -9.2551738438e-03  2.1247182149e-02 -1.9720679480e+00  8.0590433720e-01  9.5030883452e-01 -5.5415101866e-01  8.2331633003e-01  9.3943542465e-01  1.6639234131e+00  1.7419798260e-02 -2.3829617392e-02  2.3540968942e+00 -5.4598167993e-02  1.1703192237e+00  2.3664711878e+00  5.7694756812e-03 -1.2128442103e+00 -1.4567287215e-02 -1.4251068774e+00 -1.6826045083e+00 -2.5372822912e+00 -1.4513126834e+00 -1.6362880667e+00 -3.7923355424e+00 -2.5141019593e-02  3.9566076533e-02 -2.5238827269e+00  1.4272583835e+00  1.6823645022e+00 -1.4249991186e-03  1.4705405738e+00  1.6481139813e+00  3.4049695058e+00 -1.1813603949e-02  1.2249206836e+00  1.8187871562e+00 -1.1031279706e-01  2.0733444546e+00  3.4149213884e+00 -8.1921000245e-02 -1.2564995005e+00  1.8481423082e+00  1.2219123501e-01 -2.1198937900e+00
ENERGY -3.765411559263e+02
GRADIENT  8.6643454000e-05  1.7494050390e-03 -2.9643310650e-03 -1.1837864400e-04 -2.0153861420e-03  1.9912088190e-03 -1.8849734500e-04 -2.0107385900e-04 -2.1300046200e-04  4.2633231700e-04  1.2041570000e-06 -7.9864080000e-06 -1.3887277400e-04  1.5354239000e-04  1.8363661800e-04 -6.0442387000e-05 -7.1061949000e-05 -4.1805924000e-05 -1.0786817500e-04  3.3249831470e-03  1.1397992620e-03  5.1279223000e-05 -3.0820685010e-03 -1.3518053900e-04  8.5117815000e-05  1.4456262800e-04  2.3270684600e-04 -2.0015487000e-05  5.8266200000e-06 -2.5764120000e-06  3.9913080000e-06 -2.1585670000e-05 -2.6782616000e-05  3.3590106000e-05 -1.7025140000e-06 -5.8900830000e-06  9.5759210000e-06  1.8811133000e-05  2.6686914000e-05 -2.6851781000e-05  2.4860456000e-05 -7.2926880000e-06  2.2132187000e-05  4.7508406000e-05 -9.8927527000e-05 -1.4083127000e-05  3.3126827000e-05  6.8006150000e-06 -5.7505320000e-06 -5.3660963000e-05 -6.7372434000e-05 -1.1146642000e-05 -6.0616448000e-05  1.3796427000e-05

JOB 3
COORDS  1.5341580841e-01  6.0247255562e-02 -4.6985654336e-02 -5.5290571628e-01 -8.5168476333e-01 -8.9844079038e-01 -1.9710784959e+00 -8.8215549930e-01 -8.5187284110e-01 -2.6790224068e+00 -1.5180976380e-02  3.0844804104e-02 -1.9711524157e+00  8.7945286181e-01  8.8616355312e-01 -5.5264587565e-01  9.0865188426e-01  8.6751473604e-01  1.6693748238e+00  3.1343653277e-02 -2.6841774649e-02  2.3391617474e+00 -2.3623989492e-01  1.1495835772e+00  2.3795033908e+00  1.7193884406e-01 -1.2012086997e+00  8.1241517861e-04 -1.5344677396e+00 -1.5719223515e+00 -2.5246954096e+00 -1.5883726979e+00 -1.5008828372e+00 -3.7866714376e+00 -4.0749772665e-02  5.6622779593e-02 -2.5252820810e+00  1.5506880971e+00  1.5708584997e+00  8.3785107649e-04  1.6053977166e+00  1.5268054576e+00  3.3898385366e+00 -2.1848936277e-01  1.2323316902e+00  1.7835360221e+00 -3.8044038499e-01  2.0312455354e+00  3.4281526302e+00  8.1084247338e-02 -1.2526662761e+00  1.8645935603e+00  4.0545428987e-01 -2.0882742116e+00
ENERGY -3.765388085649e+02
GRADIENT -4.2877099200e-04  2.3046205900e-03 -5.3486031180e-03  2.2451929600e-04 -3.4063654980e-03  2.9277325610e-03  1.2612287700e-04  1.8970923400e-04  1.7086716900e-04  1.4834537800e-04 -1.4532128000e-05 -1.1157424000e-05 -5.6887591000e-05  7.9332782000e-05  7.8351955000e-05  1.3273784600e-04  1.5071405000e-04  1.4313448400e-04 -2.8480144100e-04  5.1696863450e-03  3.0958852820e-03  2.0652015800e-04 -4.4692982950e-03 -1.3657912730e-03 -1.3345528300e-04  9.4214951000e-05 -3.2658315000e-05  1.2127988000e-05 -4.2756772000e-05 -5.4510139000e-05  6.0039581000e-05 -3.7046210000e-06 -8.2177550000e-06  9.6088340000e-06  2.0584687000e-05  2.0145395000e-05  1.7489399000e-05  1.4691615000e-05  1.7582762000e-05 -3.5069384000e-05  4.1799230000e-05  2.8530636000e-05 -5.5483560000e-06 -8.4478387000e-05  3.0297227500e-04  7.2176500000e-07  1.1126025000e-05 -4.5775942000e-05  1.9501383000e-05 -3.2985348000e-05  8.7044237000e-05 -1.2955677000e-05 -1.4369189000e-05 -2.1163881000e-05

JOB 4
COORDS  1.5268745382e-01  4.9048285932e-02 -3.9448073082e-02 -5.4743618347e-01 -9.4221451857e-01 -7.9828860384e-01 -1.9670736688e+00 -9.6338766384e-01 -7.5888122163e-01 -2.6784704604e+00 -1.1461946271e-02  2.6991925111e-02 -1.9737091798e+00  9.6333401778e-01  7.9068626952e-01 -5.5379977665e-01  9.8905863512e-01  7.7572921785e-01  1.6782908056e+00  2.7066420374e-02 -1.8147784974e-02  2.3450521772e+00 -4.2596595066e-01  1.0995448495e+00  2.3877390007e+00  3.8267218212e-01 -1.1443907478e+00  8.6190447185e-03 -1.6844754598e+00 -1.4031112454e+00 -2.5177271165e+00 -1.7282392826e+00 -1.3404062287e+00 -3.7860569470e+00 -3.2315736473e-02  4.8158477401e-02 -2.5288639876e+00  1.7005868661e+00  1.4027566227e+00 -1.7236118774e-03  1.7431638878e+00  1.3694227636e+00  3.3968920619e+00 -4.3178090712e-01  1.1793287641e+00  1.7885775413e+00 -7.0955238981e-01  1.9469831928e+00  3.4394474103e+00  3.3318289624e-01 -1.2069658648e+00  1.8649689490e+00  7.3579954727e-01 -1.9869992838e+00
ENERGY -3.765360604101e+02
GRADIENT -9.0943599000e-05  1.8482815800e-03 -5.1028821380e-03  1.6719442400e-04 -2.5747367800e-03  2.8428556000e-03  1.0926253000e-04  1.7397736600e-04  1.3631104500e-04  1.5322350900e-04 -2.5234187000e-05 -2.3112684000e-05 -2.2742159400e-04  3.4024462200e-04  3.0888743400e-04 -1.4962713500e-04 -2.3639826700e-04 -2.4894501600e-04  6.7176693000e-05  3.8681815960e-03  3.4073977370e-03 -6.8217107000e-05 -3.7007865540e-03 -1.2388524770e-03  5.8047991000e-05  1.9035938000e-05  2.0336364900e-04  2.9299739000e-05  1.7146061000e-05 -4.1234808000e-05  3.9731662000e-05 -5.9357780000e-06  4.1505630000e-06  1.2670926000e-05  4.3818383000e-05  2.4430416000e-05 -3.6322147000e-05  5.3571320000e-06  2.6856792000e-05 -4.7711305000e-05  1.4909854000e-05 -3.9574816000e-05  2.9615819000e-05  7.3855049000e-05 -2.0341502100e-04 -1.7406530000e-05  3.9921975000e-05  2.1964359000e-05 -8.6707990000e-06  5.4410129000e-05 -9.4965125000e-05  3.7543470000e-06  3.9925267000e-05  3.7414893000e-05

JOB 5
COORDS  1.5210153964e-01 -4.1802348001e-04 -3.0196308535e-03 -5.5446453222e-01 -1.0579708271e+00 -6.5577256212e-01 -1.9752924601e+00 -1.0472471641e+00 -6.4394353878e-01 -2.6789127452e+00  3.8661761189e-03  1.0541159627e-02 -1.9657193831e+00  1.0528384670e+00  6.5805113376e-01 -5.4479528279e-01  1.0591949849e+00  6.5663158537e-01  1.6834144958e+00 -3.5639839448e-03 -9.9756194062e-03  2.3725793097e+00 -6.3357783049e-01  1.0017463051e+00  2.3689032962e+00  6.2563250070e-01 -1.0247543537e+00 -4.4296725510e-03 -1.8734059763e+00 -1.1639271237e+00 -2.5314945509e+00 -1.8620095856e+00 -1.1470710322e+00 -3.7867289626e+00  5.6175386991e-03  1.5855355789e-02 -2.5145762839e+00  1.8693451954e+00  1.1663836796e+00  1.2608895268e-02  1.8733029096e+00  1.1588576936e+00  3.4259176836e+00 -6.7197270347e-01  1.0512201020e+00  1.8305457507e+00 -1.1099146517e+00  1.7685918829e+00  3.4221760022e+00  6.5556916598e-01 -1.0814243700e+00  1.8247959908e+00  1.1030385434e+00 -1.7894835120e+00
ENERGY -3.765347376348e+02
GRADIENT  8.2415195000e-05  5.4884568000e-05  1.3044228300e-04 -1.8135634000e-05 -5.1646219000e-05  3.0113039000e-05 -3.4766547000e-05 -4.4607951000e-05 -5.7950297000e-05  1.1782537200e-04 -3.6723480000e-06  1.2636321000e-05 -2.1133820000e-05  3.5129431000e-05 -5.4683680000e-06 -1.6628097000e-05  2.4807620000e-06  6.4329328000e-05 -4.3357268000e-05 -1.9919113500e-04 -1.8186709600e-04 -6.8313778000e-05  1.2192881600e-04  1.0448032700e-04 -3.2575270000e-06  1.7823377300e-04 -1.2942752500e-04 -1.2631114000e-05  3.4299520000e-06 -2.1533181000e-05  1.8425030000e-06 -9.4285790000e-06 -5.7561280000e-06  5.0861370000e-06 -4.0754970000e-06 -4.6017000000e-08  5.2660050000e-06  4.6953210000e-06  5.1461540000e-06 -4.5523670000e-06  1.4737443000e-05 -8.2005840000e-06 -4.8712425000e-05 -8.1147613000e-05  5.3686428000e-05  2.7061416000e-05 -9.4418800000e-07 -1.2001253000e-05 -7.6509590000e-06 -3.2811479000e-05  2.0898546000e-05  1.7660835000e-05  1.2899272000e-05 -2.0400200000e-07

JOB 6
COORDS  1.5481642544e-01 -3.3909211871e-02  3.4063618762e-02 -5.6179964618e-01 -1.1481401943e+00 -5.0669571157e-01 -1.9817378910e+00 -1.1157360286e+00 -5.2148472109e-01 -2.6779223533e+00  1.5317860185e-02 -6.2001009725e-03 -1.9570210900e+00  1.1278961469e+00  5.1608274182e-01 -5.3691132792e-01  1.1195766425e+00  5.2352344771e-01  1.6800234629e+00 -2.6661767534e-02 -6.1890852036e-03  2.3988982995e+00 -8.1664410985e-01  8.6452455546e-01  2.3386760811e+00  8.3430190701e-01 -8.5673935138e-01 -1.7487523708e-02 -2.0226356317e+00 -9.1287156583e-01 -2.5439411937e+00 -1.9730910759e+00 -9.4005789280e-01 -3.7857321941e+00  3.2338290746e-02 -1.6469120546e-02 -2.5005979271e+00  2.0071168676e+00  9.1345090243e-01  2.6628038042e-02  1.9837386455e+00  9.2547705150e-01  3.4519983644e+00 -8.7713740251e-01  8.5265751438e-01  1.8807106448e+00 -1.4557658614e+00  1.5212822808e+00  3.3892001930e+00  9.2164801420e-01 -8.9178720617e-01  1.7763720041e+00  1.4267777516e+00 -1.5206471056e+00
ENERGY -3.765360491250e+02
GRADIENT  2.6498465200e-04 -1.1480390500e-03  6.2049042780e-03 -1.3579014200e-04  1.7868068310e-03 -3.3815911930e-03 -2.9923122000e-05 -3.5608012000e-05 -2.2037730000e-05  4.2471742000e-05 -3.9745070000e-06  1.2687820000e-06 -3.1561739000e-05  3.8915205000e-05  1.3185077000e-05 -4.9886673000e-05 -7.5603828000e-05 -6.7660010000e-06  8.2529380000e-06 -3.5958947360e-03 -5.5677529610e-03 -5.9958194000e-05  2.9778332990e-03  2.8750922690e-03  1.4262361000e-05  7.1843336000e-05  9.9240248000e-05 -2.1788560000e-06  9.4624440000e-06 -5.4618930000e-06 -1.8021180000e-06 -2.5789210000e-06 -1.2404930000e-06  4.5589920000e-06 -3.2108900000e-07 -1.3835000000e-08 -3.5825210000e-06  1.1891190000e-06  4.0624220000e-06  8.7516900000e-07 -4.8604340000e-06 -9.7279050000e-06  6.8115950000e-06  7.3895226000e-05 -1.4656142100e-04 -5.4022830000e-06 -3.9845805000e-05 -1.2013080000e-06 -1.7211230000e-06 -2.1200531000e-05 -3.3721098000e-05  1.7184030000e-06 -1.9060132000e-05 -1.9853297000e-05

JOB 7
COORDS  1.5959118799e-01 -2.9596702206e-02  4.2509981346e-02 -5.5914711172e-01 -1.1924312457e+00 -3.8859263172e-01 -1.9780024689e+00 -1.1635172330e+00 -4.1063251772e-01 -2.6756301408e+00  1.2880551725e-02 -9.0315990752e-03 -1.9563798854e+00  1.1731863249e+00  4.0270633347e-01 -5.3740609165e-01  1.1677901193e+00  4.1074627076e-01  1.6754763281e+00 -2.4872162361e-02 -5.6279202844e-03  2.3957716115e+00 -9.5406996447e-01  7.1668313409e-01  2.3389766153e+00  9.6902475290e-01 -6.9503474638e-01 -1.3636767480e-02 -2.0994624779e+00 -7.1435161797e-01 -2.5396832810e+00 -2.0564515718e+00 -7.4767632202e-01 -3.7836906672e+00  2.7862332679e-02 -2.2573408973e-02 -2.5026472107e+00  2.0851639700e+00  7.1311728461e-01  2.4074819443e-02  2.0658458912e+00  7.3403400002e-01  3.4462815977e+00 -1.0277937503e+00  6.7130008976e-01  1.8791891604e+00 -1.6817118379e+00  1.2740061578e+00  3.3888959324e+00  1.0595600954e+00 -7.0484971252e-01  1.7833995793e+00  1.6544749564e+00 -1.2677534393e+00
ENERGY -3.765387814823e+02
GRADIENT  1.1607148900e-04 -1.0219839990e-03  7.8136612280e-03 -1.5074194500e-04  1.7225197160e-03 -4.1661316390e-03 -8.3521964000e-05 -1.3497373700e-04 -5.1359294000e-05  7.9753648000e-05  7.5108310000e-06  5.6978020000e-06  2.0365789000e-05 -6.5617921000e-05 -2.6083709000e-05  1.0726146700e-04  1.0229412100e-04  6.3180234000e-05 -1.5038178700e-04 -3.5602331590e-03 -7.3508725770e-03  5.9303433000e-05  2.9114589300e-03  3.7048275040e-03 -8.5242400000e-07 -7.8621960000e-06  1.1381416800e-04 -2.2213234000e-05  3.0110830000e-06 -6.4528310000e-06 -8.5962300000e-06 -1.0151583000e-05 -1.7833030000e-06  5.9596080000e-06 -1.4243720000e-05 -6.3733220000e-06  1.6512802000e-05  2.6591190000e-06  1.6432640000e-06  8.7419910000e-06  8.9598990000e-06 -8.1136340000e-06  8.1937550000e-06  5.1895805000e-05 -3.3116488000e-05 -9.8742260000e-06  4.7151080000e-06  1.4098462000e-05  9.8410000000e-08  1.5587679000e-05 -5.1066881000e-05 -4.0149000000e-07 -2.3648111000e-05 -1.3423285000e-05

JOB 8
COORDS  1.6234087792e-01 -1.3382973588e-02  2.7940115297e-02 -5.5427137069e-01 -1.2138039280e+00 -2.9709003757e-01 -1.9723737084e+00 -1.1954082908e+00 -3.1319905675e-01 -2.6756410802e+00  6.5600488405e-03 -5.5403757222e-03 -1.9624911073e+00  1.2013366487e+00  3.0858855269e-01 -5.4434409490e-01  1.2034912466e+00  3.1129445681e-01  1.6719676280e+00 -1.3618232943e-02 -4.0696207833e-03  2.3849297243e+00 -1.0526576422e+00  5.6112726393e-01  2.3544483492e+00  1.0571305060e+00 -5.4680245369e-01 -6.9352348823e-03 -2.1400676073e+00 -5.5994708969e-01 -2.5306668901e+00 -2.1159183420e+00 -5.7286839896e-01 -3.7840176687e+00  1.3447436380e-02 -1.4402465589e-02 -2.5137068625e+00  2.1308043752e+00  5.5098865585e-01  9.9279873676e-03  2.1259652053e+00  5.7257622224e-01  3.4352331192e+00 -1.1162355308e+00  5.1671557039e-01  1.8683408819e+00 -1.8283475003e+00  1.0475379470e+00  3.4052882028e+00  1.1255521660e+00 -5.3982709005e-01  1.8185485720e+00  1.8123378249e+00 -1.0444050087e+00
ENERGY -3.765411374524e+02
GRADIENT -3.2227026000e-04 -8.4113638000e-05  5.2216814110e-03  1.5735055500e-04  7.1036386600e-04 -2.8665704250e-03 -4.9396484000e-05 -8.6031888000e-05  1.7163216000e-05  3.0727855600e-04  2.2572797000e-05  4.6929410000e-06 -1.3710121400e-04  1.5897839100e-04  6.7655843000e-05  9.7423386000e-05  9.0438006000e-05 -4.6891142000e-05 -3.8197081200e-04 -2.1338914380e-03 -5.0488192110e-03  5.5946063300e-04  1.6219186630e-03  2.2655502850e-03 -2.4720086100e-04 -2.6087832700e-04  3.5727064600e-04 -7.7839810000e-06 -3.8054356000e-05 -5.5470928000e-05  3.3802722000e-05 -2.7561135000e-05  5.7081600000e-07  2.6984259000e-05  5.5075190000e-06 -1.3615089000e-05  1.2934722000e-05  1.9708100000e-05  1.9352482000e-05 -2.0483982000e-05  3.3618388000e-05 -2.6140095000e-05  8.8236074000e-05  3.1232504000e-05  9.5260388000e-05 -4.4602276000e-05  7.7610800000e-05  7.7454419000e-05  1.7828154000e-05 -1.1760445600e-04 -2.0036880000e-06 -6.1278946000e-05 -1.3373321000e-05 -6.7504272000e-05

JOB 9
COORDS  1.6650017101e-01 -9.1216906346e-04  3.0590888848e-03 -5.5198728466e-01 -1.2270552609e+00 -2.1146071742e-01 -1.9694712535e+00 -1.2181987958e+00 -2.1691429251e-01 -2.6790822590e+00  2.6838089650e-04 -5.9994696627e-04 -1.9689621035e+00  1.2183599599e+00  2.1633797317e-01 -5.5148000807e-01  1.2263215587e+00  2.1285407921e-01  1.6734668748e+00 -9.2971217840e-04 -8.4342385047e-04  2.3780849344e+00 -1.1192193426e+00  4.0417797203e-01  2.3765175321e+00  1.1191429191e+00 -4.0362110236e-01 -8.5386546204e-03 -2.1706824743e+00 -4.1288414766e-01 -2.5237450641e+00 -2.1600417039e+00 -3.9634722381e-01 -3.7876767398e+00  6.7205658710e-04 -1.5399181028e-03 -2.5228936808e+00  2.1607825571e+00  3.9378428317e-01 -7.7956006451e-03  2.1698635818e+00  4.1401297716e-01  3.4289056703e+00 -1.1675176400e+00  3.7203808421e-01  1.8643823032e+00 -1.9410223122e+00  8.0938439725e-01  3.4273635672e+00  1.1686455856e+00 -3.7417463887e-01  1.8613708717e+00  1.9402209831e+00 -8.0844700891e-01
ENERGY -3.765421579936e+02
GRADIENT  1.0150053000e-05 -4.3067424000e-05  6.5200534000e-04 -1.0630140000e-06  6.0441801000e-05 -3.3506222600e-04  3.8624660000e-06  3.7256350000e-06  3.0666190000e-06 -8.0927410000e-06 -1.6977300000e-07 -9.7560000000e-08 -1.4881880000e-06  3.0235460000e-06 -1.5827030000e-06  3.3628670000e-06 -1.0492499000e-05 -2.3290680000e-06  1.1815471800e-04 -9.5991031000e-05 -6.2652213300e-04 -8.7887338000e-05  2.8579939000e-05  4.4947537400e-04 -6.9505450000e-06 -4.2131194000e-05 -1.5809129500e-04 -4.3240900000e-07 -6.2431170000e-06 -6.7403100000e-07 -1.4005180000e-06 -3.5082480000e-06  2.4688160000e-06 -4.2437740000e-06  4.8495300000e-07  1.3790500000e-07 -1.9705430000e-06  4.2882180000e-06 -2.7611930000e-06 -5.1364700000e-07  5.7646570000e-06 -1.7307480000e-06  3.3116530000e-06  9.6691349000e-05 -5.5925495000e-05 -5.6687210000e-06 -2.7166699000e-05 -1.8152251000e-05 -1.0046630000e-06  1.6844790000e-06  4.9938248000e-05 -4.5349010000e-06  2.4637312000e-05  4.6074816000e-05

JOB 10
COORDS  1.6694188284e-01  2.5491408402e-03 -1.5683084779e-02 -5.5765525611e-01 -1.2362126581e+00 -1.2035945673e-01 -1.9745783571e+00 -1.2313134018e+00 -1.1865238138e-01 -2.6865962997e+00 -1.1035252248e-03  1.0727750134e-03 -1.9753906765e+00  1.2297221078e+00  1.1882333427e-01 -5.5847008022e-01  1.2385156834e+00  1.1283218582e-01  1.6740630471e+00  2.7073794011e-03  4.9002409944e-03  2.3835492843e+00 -1.1632772067e+00  2.3335576963e-01  2.3895934744e+00  1.1607705065e+00 -2.4256959816e-01 -2.4067196497e-02 -2.1980626570e+00 -2.4628538420e-01 -2.5265737948e+00 -2.1865503823e+00 -2.1489102759e-01 -3.7952697714e+00 -1.9364618445e-03  5.1568272257e-03 -2.5286081465e+00  2.1832393292e+00  2.2438503729e-01 -2.5871899318e-02  2.2006175801e+00  2.4175645413e-01  3.4351171183e+00 -1.1931173304e+00  2.2900707888e-01  1.8789762011e+00 -2.0344714201e+00  5.3031937122e-01  3.4407410220e+00  1.1895269359e+00 -2.1421828834e-01  1.8894305730e+00  2.0377393093e+00 -5.2957479286e-01
ENERGY -3.765416722448e+02
GRADIENT  1.0513366400e-04  2.1472269000e-05 -3.4481964470e-03 -9.0380285000e-05 -4.6654302000e-05  1.7105291950e-03 -8.2386276000e-05 -7.9811299000e-05 -6.3214200000e-06 -1.4215508300e-04 -6.0674630000e-06  3.1143590000e-06  1.6787693500e-04 -3.0431610100e-04 -2.0347378000e-05  9.6173784000e-05  1.9682949500e-04  5.2284298000e-05 -5.2425370800e-04  5.1997717500e-04  3.5572835700e-03  2.4010696200e-04  3.8988956000e-05 -1.7236104050e-03  1.5717483100e-04 -8.8467698000e-05 -1.4454161600e-04  4.6858366000e-05  6.0974997000e-05  3.8444000000e-05 -2.6759262000e-05  7.2473100000e-06 -1.6711247000e-05 -1.4526277000e-05 -2.9472447000e-05  1.2035990000e-06  1.8111222000e-05 -2.0715029000e-05 -2.1489440000e-06  6.0070087000e-05 -4.3391090000e-06  7.6845760000e-06 -2.4712376000e-05 -4.7145672700e-04  3.3086564000e-05 -9.0657620000e-06  4.1709654000e-05 -8.1012456000e-05  6.9544600000e-07  1.9075865700e-04 -2.0281190000e-06  1.2723026000e-05 -2.7659013000e-05  4.0953051000e-05

JOB 11
COORDS  1.6761585575e-01 -5.5553280104e-05  3.0222555365e-04 -5.6332088955e-01 -1.2404105573e+00  2.1745370390e-02 -1.9799435287e+00 -1.2346867303e+00  2.1452946940e-02 -2.6917183619e+00  9.1043472303e-04 -7.5072280849e-05 -1.9790928619e+00  1.2360181497e+00 -2.1315398817e-02 -5.6246158148e-01  1.2408245058e+00 -2.1227741190e-02  1.6772223599e+00 -5.7672954352e-04  7.1655428673e-04  2.3977967717e+00 -1.1818185197e+00  2.1518046197e-02  2.3975757959e+00  1.1807749600e+00 -1.8399902761e-02 -4.1006495311e-02 -2.2163459730e+00  3.8657688968e-02 -2.5313231606e+00 -2.1949294203e+00  3.8071365122e-02 -3.8003997046e+00  1.2921405558e-03 -2.6041346188e-04 -2.5298403820e+00  2.1966222526e+00 -3.7920710126e-02 -3.9479215932e-02  2.2163993015e+00 -3.7770222850e-02  3.4492828052e+00 -1.1941138315e+00  2.2071168629e-02  1.9043794483e+00 -2.1071222808e+00  3.8426744455e-02  3.4490571792e+00  1.1919795419e+00 -2.3019747140e-02  1.9045185199e+00  2.1061818563e+00 -3.9957192314e-02
ENERGY -3.765408621147e+02
GRADIENT -2.1296017000e-05  5.9458772000e-05 -2.2299917000e-05 -4.5603460000e-06  9.8247324000e-05  1.0908503000e-05 -1.1076770500e-04 -1.8220795100e-04  3.5102980000e-06  2.6003445800e-04  7.6922020000e-06 -2.0848780000e-06 -1.2067014900e-04  1.7185321300e-04 -8.3475200000e-07  2.1466310000e-06 -7.1911283000e-05 -5.5605240000e-06 -1.1881051000e-05 -7.7527632000e-05 -1.8625590000e-05  9.4012605000e-05  1.0142040800e-04  6.8160350000e-06 -1.0078213400e-04  1.3245790000e-06  1.1673612100e-04 -1.6486528000e-05 -6.3519630000e-06 -1.6573320000e-06  3.6647070000e-06 -2.2417752000e-05  3.2195180000e-06  2.1145014000e-05 -5.2377300000e-07 -1.6068810000e-06  2.1655600000e-06  1.9867821000e-05  1.3800860000e-06 -2.5546000000e-06 -2.2470520000e-06  1.7380320000e-06  1.4644417000e-05 -3.8170369000e-05 -8.2893870000e-06 -8.2394720000e-06  3.0205300000e-07 -4.4091490000e-06  6.0797730000e-06 -7.8803449000e-05 -3.9843309000e-05 -2.1933605000e-05  1.9638322000e-05 -3.9144816000e-05

JOB 12
COORDS  1.6854271836e-01  2.3419897479e-03  1.6186946308e-02 -5.5679761342e-01 -1.2314426836e+00  1.6495213049e-01 -1.9736848773e+00 -1.2253558798e+00  1.6253260405e-01 -2.6845743606e+00  4.8020943961e-04 -1.1705538105e-03 -1.9729836768e+00  1.2261398629e+00 -1.6239033394e-01 -5.5605931599e-01  1.2334813796e+00 -1.5633690626e-01  1.6756098982e+00  1.0953199616e-03 -3.7768247286e-03  2.3857803776e+00 -1.1721237989e+00 -1.8988508491e-01  2.3912819270e+00  1.1670651802e+00  2.0255876844e-01 -2.4093336334e-02 -2.1885504662e+00  3.2600659726e-01 -2.5265592056e+00 -2.1760859158e+00  2.9247921048e-01 -3.7932396107e+00  1.7368013282e-04 -5.5399957009e-03 -2.5254705918e+00  2.1757142374e+00 -3.0195447133e-01 -2.2691088684e-02  2.1899462222e+00 -3.1938437666e-01  3.4376074625e+00 -1.1943976534e+00 -1.9196357344e-01  1.8845568647e+00 -2.0518648959e+00 -4.6702773727e-01  3.4425921094e+00  1.1916618987e+00  1.7583402863e-01  1.8926452110e+00  2.0529019465e+00  4.6404144371e-01
ENERGY -3.765416773994e+02
GRADIENT  7.7524561000e-05  1.4618557500e-04  3.3843483120e-03 -8.9178548000e-05 -5.6557418000e-05 -1.7215992800e-03 -7.9639759000e-05 -1.4145510700e-04  2.1513018000e-05  4.4686202000e-05  4.1998490000e-06 -2.8873780000e-06  3.0895131000e-05 -7.7160879000e-05  1.4440538000e-05  4.8222782000e-05  4.1666045000e-05 -3.2181092000e-05  2.4960432000e-05  3.4106300300e-04 -3.4939737880e-03 -1.6378497000e-05 -2.7775317000e-04  1.8029836960e-03 -2.8682423000e-05  6.9826403000e-05  1.0613547100e-04 -1.4524190000e-05  1.6360739000e-05  6.0476480000e-06 -1.6527850000e-05 -6.2717040000e-06  5.6463320000e-06  2.3314680000e-06 -1.6661444000e-05 -5.1679300000e-07  8.7264490000e-06 -2.5896700000e-07 -1.6844630000e-06  9.7747820000e-06  2.7607120000e-06 -8.1477960000e-06 -1.7525020000e-05 -3.6373283000e-05 -1.4592045000e-05  8.7694800000e-06  1.5522812000e-05 -1.0272358000e-05 -8.2605860000e-06 -3.2211528000e-05 -3.9264928000e-05  5.1956720000e-06  5.5932400000e-06 -1.5639749000e-05

JOB 13
COORDS  1.6736589975e-01 -6.3977211315e-04 -2.2600312171e-03 -5.5126969137e-01 -1.2182127689e+00  2.5617992581e-01 -1.9687424806e+00 -1.2087236502e+00  2.6128752216e-01 -2.6772440183e+00  1.6482344776e-03  5.8937039084e-04 -1.9672380777e+00  1.2110885575e+00 -2.6058748391e-01 -5.4977911309e-01  1.2184990384e+00 -2.5709230571e-01  1.6743070021e+00 -1.0948832262e-03  1.1690213785e-03  2.3778361679e+00 -1.1337445573e+00 -3.6397759425e-01  2.3776657499e+00  1.1327159759e+00  3.6336045727e-01 -7.6447333033e-03 -2.1538918101e+00  4.9128803801e-01 -2.5236016409e+00 -2.1431066369e+00  4.7469185493e-01 -3.7858200727e+00  2.4910246601e-03  1.2904537914e-03 -2.5209732797e+00  2.1464945043e+00 -4.7243654550e-01 -5.0753165148e-03  2.1535639499e+00 -4.9218898400e-01  3.4288124184e+00 -1.1823637632e+00 -3.3664358757e-01  1.8625993646e+00 -1.9648137220e+00 -7.4787193298e-01  3.4289348830e+00  1.1774619552e+00  3.4011463747e-01  1.8635480256e+00  1.9633278085e+00  7.4982607580e-01
ENERGY -3.765421577026e+02
GRADIENT -3.3674536000e-05 -2.2994635000e-05 -5.3568365100e-04 -2.4224492000e-05  4.4963477000e-05  3.2098476500e-04 -1.2093178100e-04 -1.0390411400e-04  3.3775515000e-05  2.7176482900e-04 -1.7228512000e-05 -1.0963160000e-06 -9.9614859000e-05  1.3279322500e-04 -2.1690832000e-05 -3.5036741000e-05 -4.7573899000e-05 -5.4713523000e-05 -2.9880404000e-05 -1.6059571000e-04  5.2719892900e-04  6.5655279000e-05  2.0265844900e-04 -1.8977180600e-04 -3.6433315000e-05  9.9626045000e-05 -2.1992869000e-05  1.0689104000e-05  9.5627740000e-06 -2.1828436000e-05  4.1547580000e-06 -1.6233894000e-05  4.0018840000e-06  2.1988777000e-05  1.3631300000e-07 -3.4732070000e-06  4.7109450000e-06  1.9333592000e-05  7.1280900000e-07  1.1853663000e-05 -1.1688730000e-06  4.1064050000e-06  2.2648300000e-06 -1.3178972200e-04 -7.4668586000e-05 -4.8954960000e-06  2.7998964000e-05 -3.2507477000e-05  1.9049006000e-05 -3.4553710000e-05  1.8223216000e-05 -1.1808005000e-05 -9.9757800000e-07  4.8341595000e-05

JOB 14
COORDS  1.6272582882e-01 -1.3871445918e-02 -2.5166885416e-02 -5.5453558083e-01 -1.2030430511e+00  3.3825375672e-01 -1.9726691989e+00 -1.1829401253e+00  3.5254953010e-01 -2.6762878459e+00  7.6816944462e-03  4.4125019015e-03 -1.9623999566e+00  1.1909733313e+00 -3.4892206490e-01 -5.4427393215e-01  1.1922471287e+00 -3.5058868968e-01  1.6725837061e+00 -1.2827401811e-02  6.0039285198e-03  2.3801010276e+00 -1.0720615711e+00 -5.2770547018e-01  2.3578483846e+00  1.0739271349e+00  5.1292444958e-01 -8.1206276394e-03 -2.1203569245e+00  6.3237808301e-01 -2.5313547465e+00 -2.0941932350e+00  6.4224456967e-01 -3.7846828537e+00  1.4813952741e-02  1.2058040279e-02 -2.5129425471e+00  2.1120187402e+00 -6.2294999063e-01  1.0204401347e-02  2.1053732363e+00 -6.4249073250e-01  3.4295630369e+00 -1.1423580728e+00 -4.7526570962e-01  1.8586780013e+00 -1.8669711104e+00 -9.7639199802e-01  3.4085067301e+00  1.1434551463e+00  4.9762026971e-01  1.8232528376e+00  1.8497450909e+00  9.7909088498e-01
ENERGY -3.765411435643e+02
GRADIENT -1.7524146800e-04 -5.4908376000e-04 -5.1615780970e-03  1.5724979700e-04  4.5180253200e-04  2.7930209900e-03  7.2292738000e-05  2.4240155300e-04 -5.3951776000e-05  7.2893886000e-05 -5.0776844000e-05 -1.6558600000e-06 -7.7114785000e-05  1.8111991200e-04 -3.2248764000e-05 -2.0706935000e-05 -7.8760881000e-05 -4.7723407000e-05  4.1881137000e-05 -1.7011646360e-03  5.1447716910e-03 -1.5341689000e-05  1.3048338800e-03 -2.7442850070e-03 -3.6586994000e-05  1.1336415200e-04  2.7709691000e-05  1.3916700000e-06 -1.1894797000e-05  2.1005399000e-05  3.6581690000e-05  3.1453000000e-06 -1.5463520000e-06  4.6578330000e-06  2.7485317000e-05 -7.4758210000e-06 -1.5954470000e-06  1.5665815000e-05 -7.5970990000e-06 -2.5962647000e-05  2.0799475000e-05  1.0576224000e-05 -1.6196198000e-05  5.4146843000e-05  2.2963285000e-05  8.8682070000e-06  1.1350515000e-05  2.7973045000e-05  4.6863000000e-07 -2.2981155000e-05  4.0069000000e-08  3.4477440000e-06 -3.8299190000e-06  7.7943570000e-06

JOB 15
COORDS  1.5919577663e-01 -3.1948988383e-02 -4.1816079793e-02 -5.6053556384e-01 -1.1783385016e+00  4.2974334077e-01 -1.9793824764e+00 -1.1471774673e+00  4.5102975103e-01 -2.6760156279e+00  1.5275799463e-02  9.0417804401e-03 -1.9565607582e+00  1.1603481498e+00 -4.4303103332e-01 -5.3760833564e-01  1.1522950809e+00 -4.5083274312e-01  1.6749999142e+00 -2.6218944438e-02  7.1129682489e-03  2.3929893697e+00 -9.8190024226e-01 -6.8221539755e-01  2.3395211127e+00  9.9160401539e-01  6.5998689689e-01 -1.5826156314e-02 -2.0740846212e+00  7.8657805135e-01 -2.5418544155e+00 -2.0272846158e+00  8.1906989622e-01 -3.7840539252e+00  3.1504718751e-02  2.2445497903e-02 -2.5020402841e+00  2.0615809555e+00 -7.8469525732e-01  2.4708509285e-02  2.0379889935e+00 -8.0521569131e-01  3.4434685404e+00 -1.0553986636e+00 -6.3661060137e-01  1.8746483022e+00 -1.7263810849e+00 -1.2150988989e+00  3.3897740703e+00  1.0782533672e+00  6.6900793717e-01  1.7854851465e+00  1.6951572355e+00  1.2118967523e+00
ENERGY -3.765387796439e+02
GRADIENT  3.9114664300e-04 -1.4655910790e-03 -7.9694752090e-03 -1.4181724700e-04  1.9099857180e-03  4.1198559430e-03 -1.3835334800e-04 -1.6663350200e-04  7.7502084000e-05  3.0610060200e-04 -1.1758728000e-05 -3.3468500000e-07 -1.8057177100e-04  3.0038623100e-04 -9.6017068000e-05 -9.9777914000e-05 -2.2224310700e-04  8.1833925000e-05  6.5426912000e-05 -3.2818355270e-03  7.6331550760e-03 -1.3325471800e-04  2.6414879360e-03 -3.8548581390e-03 -6.2025357000e-05  3.4281073900e-04 -3.2394385000e-05 -1.2746333000e-05  8.3629890000e-06 -1.3618553000e-05 -8.6275200000e-07 -1.7349232000e-05  9.6629370000e-06  2.4594950000e-05  9.1649410000e-06 -5.9780810000e-06 -1.3067477000e-05  2.6326448000e-05 -8.2471720000e-06 -2.4399864000e-05 -2.1727906000e-05  1.3502000000e-06 -3.1281647000e-05  4.2064746000e-05 -6.1239830000e-06  2.5491317000e-05  1.5700020000e-06 -3.7716417000e-05 -5.9995100000e-07 -7.4936165000e-05  3.2245245000e-05  2.1355260000e-05 -2.7673160000e-05  6.7278967000e-05

JOB 16
COORDS  1.5393875040e-01 -3.5850300198e-02 -3.2587691201e-02 -5.6375914390e-01 -1.1299351380e+00  5.4654538881e-01 -1.9836585605e+00 -1.0954339779e+00  5.6034289098e-01 -2.6789283447e+00  1.7725953271e-02  6.3250430363e-03 -1.9568313884e+00  1.1107117219e+00 -5.5423785629e-01 -5.3672866103e-01  1.1006933906e+00 -5.6159800518e-01  1.6791594342e+00 -2.8740218677e-02  7.2718457220e-03  2.3968925773e+00 -8.4927118701e-01 -8.3568852624e-01  2.3389460801e+00  8.6013597442e-01  8.2773254797e-01 -2.0315210913e-02 -1.9904195866e+00  9.8270839816e-01 -2.5466673076e+00 -1.9371878899e+00  1.0084488631e+00 -3.7867204721e+00  3.6236849902e-02  1.6156209582e-02 -2.4995278822e+00  1.9762279795e+00 -9.8174700820e-01  2.7600197227e-02  1.9498518463e+00 -9.9332164060e-01  3.4499464447e+00 -9.1010404110e-01 -8.2219302294e-01  1.8778868944e+00 -1.5097812726e+00 -1.4702574530e+00  3.3895187740e+00  9.4815479542e-01  8.5955396106e-01  1.7772188637e+00  1.4759305641e+00  1.4705707032e+00
ENERGY -3.765360491734e+02
GRADIENT  2.7408981500e-04 -1.3845420590e-03 -6.1831198740e-03 -1.3086197500e-04  1.8675462100e-03  3.3327013820e-03  7.8652840000e-06  2.1932750000e-05 -2.5022070000e-06 -3.0067713000e-05 -2.4002590000e-06 -1.9013250000e-06 -7.8332290000e-06 -1.4633000000e-06  7.5624860000e-06 -5.1229948000e-05 -6.1362737000e-05  2.8954000000e-06 -1.9504980000e-05 -3.3604646420e-03  5.6953840520e-03 -8.7263601000e-05  2.8344452610e-03 -2.9829388870e-03  6.6477468000e-05  3.9631419000e-05 -1.0016308300e-04  4.0481180000e-06  8.0975990000e-06  4.7596890000e-06 -2.1123820000e-06  4.3072110000e-06 -1.5861850000e-06 -1.6109070000e-06  1.0466070000e-06 -1.1444050000e-06 -5.3996310000e-06 -3.8924630000e-06 -1.0731570000e-06  3.3372750000e-06 -4.3702290000e-06  8.7355510000e-06  2.5725070000e-06  9.4169949000e-05  1.4883989500e-04 -2.2489750000e-06 -3.8220060000e-05 -2.5069100000e-06 -3.5020540000e-06  1.8381354000e-05  5.8740066000e-05  5.5003770000e-06 -1.9929990000e-05  1.5109265000e-05

JOB 17
COORDS  1.5117142471e-01 -1.0613534354e-03  3.4014297202e-03 -5.5635558971e-01 -1.0346896194e+00  6.9241522909e-01 -1.9771736300e+00 -1.0227905486e+00  6.8031850624e-01 -2.6799501591e+00  5.7351957213e-03 -9.9767331007e-03 -1.9657315359e+00  1.0309233540e+00 -6.9343894252e-01 -5.4480007860e-01  1.0358069486e+00 -6.9238748004e-01  1.6824865423e+00 -5.5788889952e-03  1.0157933526e-02  2.3710497572e+00 -6.7078150186e-01 -9.7919857664e-01  2.3687163388e+00  6.5767565808e-01  1.0024754600e+00 -7.1177719416e-03 -1.8326636956e+00  1.2283926474e+00 -2.5341290821e+00 -1.8190990268e+00  1.2113771882e+00 -3.7877657436e+00  8.4265612839e-03 -1.5187152051e-02 -2.5137964223e+00  1.8299481721e+00 -1.2296398556e+00  1.3357937940e-02  1.8314848945e+00 -1.2225355466e+00  3.4243503314e+00 -7.1191691749e-01 -1.0272899234e+00  1.8285392471e+00 -1.1728915505e+00 -1.7290754924e+00  3.4220465271e+00  6.8825195191e-01  1.0577090108e+00  1.8253314091e+00  1.1618375439e+00  1.7503657048e+00
ENERGY -3.765347376912e+02
GRADIENT  7.7387507000e-05  6.4904030000e-05 -1.0548092100e-04 -1.9797140000e-06 -7.6798440000e-05 -1.0152375000e-05 -4.0932280000e-06  1.2223000000e-08  2.7678547000e-05  7.3352922000e-05 -5.0936650000e-06 -1.1100383000e-05 -1.5551728000e-05  2.8359017000e-05  5.6128590000e-06 -2.7035539000e-05 -8.8313260000e-06 -5.6874580000e-05 -2.7217123000e-05 -2.1807801000e-04  1.6950182300e-04 -3.8420474000e-05  1.3342301900e-04 -9.5555009000e-05 -4.0887634000e-05  1.9263408600e-04  1.3125518000e-04 -7.8102590000e-06  3.7852680000e-06  2.2673008000e-05  4.0023420000e-06 -5.4594220000e-06  2.9773250000e-06  2.0618080000e-06 -8.1993300000e-07 -1.1996930000e-06  2.2042310000e-06  1.6739960000e-06 -3.9381300000e-06 -4.8478430000e-06  1.4663720000e-05  9.1420350000e-06 -4.5700483000e-05 -8.6256644000e-05 -5.3224092000e-05  2.4443313000e-05  9.6735500000e-07  1.4478430000e-05 -6.1950260000e-06 -5.4653160000e-05 -4.8309135000e-05  1.4261832000e-05  1.6470060000e-05  3.1475110000e-06

JOB 18
COORDS  1.5168749523e-01  5.1327371937e-02  3.7770890032e-02 -5.4995293434e-01 -9.1174049331e-01  8.3086282850e-01 -1.9696070489e+00 -9.3506158457e-01  7.9358699750e-01 -2.6797260586e+00 -1.0814553617e-02 -2.5667603134e-02 -1.9731029570e+00  9.3520712164e-01 -8.2316464354e-01 -5.5318692589e-01  9.6222493021e-01 -8.1105351784e-01  1.6771753149e+00  2.7271731267e-02  1.8001849548e-02  2.3426379397e+00 -4.6595897063e-01 -1.0833289063e+00  2.3867786513e+00  4.1668192530e-01  1.1329155371e+00  6.0052209489e-03 -1.6325512120e+00  1.4611537398e+00 -2.5203562652e+00 -1.6786827024e+00  1.4019649396e+00 -3.7873351357e+00 -3.1124730631e-02 -4.6475026318e-02 -2.5280903861e+00  1.6505336200e+00 -1.4608292768e+00 -1.0579373072e-03  1.6942945362e+00 -1.4317138228e+00  3.3943123870e+00 -4.7555497464e-01 -1.1650612043e+00  1.7847572783e+00 -7.7555630910e-01 -1.9206972161e+00  3.4384113536e+00  3.6709904192e-01  1.1967248759e+00  1.8647552042e+00  7.9850131103e-01  1.9633894368e+00
ENERGY -3.765360630098e+02
GRADIENT -1.2239276300e-04  1.9127757260e-03  5.0644278110e-03 -9.9941685000e-05 -2.3372179340e-03 -3.0758232930e-03 -1.0586837500e-04 -1.6249734700e-04  1.4166751400e-04  1.1459275000e-05  1.3083982000e-05 -1.5253512000e-05  1.1240307200e-04 -1.5845972200e-04  1.4473056100e-04  2.1367176200e-04  2.0264194100e-04 -1.5856883400e-04  1.5579935600e-04  4.2169431450e-03 -3.7408202300e-03 -1.2949779300e-04 -3.7644309510e-03  1.5541528740e-03 -3.0394664000e-05 -5.1558936000e-05 -4.5903617000e-05 -2.2486982000e-05  1.3895617000e-05  3.9652230000e-06 -1.7983076000e-05 -9.4697700000e-06  4.2594500000e-06  1.6250190000e-06 -2.2509608000e-05  2.2815431000e-05  2.6713213000e-05 -7.4438210000e-06  2.4592280000e-06  2.0159642000e-05  2.2677763000e-05 -7.1611500000e-07  1.5314255000e-05  5.5577401000e-05  8.4342712000e-05 -1.1821571000e-05  2.0619036000e-05 -1.9404123000e-05  1.5609340000e-06  3.7016783000e-05  3.0627984000e-05  4.1297320000e-06  1.4165640000e-05 -1.7375110000e-05

JOB 19
COORDS  1.5171582250e-01  5.9375606570e-02  4.5684072478e-02 -5.5851083775e-01 -8.2019170509e-01  9.2740111604e-01 -1.9768045108e+00 -8.5007945058e-01  8.8233269150e-01 -2.6829253504e+00 -1.2994862386e-02 -3.0151218616e-02 -1.9720157830e+00  8.4931881453e-01 -9.1562914462e-01 -5.5338294116e-01  8.7625283748e-01 -8.9770829966e-01  1.6677524370e+00  2.6247065618e-02  2.7272506866e-02  2.3371165469e+00 -2.8360874380e-01 -1.1389888086e+00  2.3778346184e+00  2.0523492539e-01  1.1965123150e+00 -6.6240742895e-03 -1.4803731441e+00  1.6244487308e+00 -2.5317097554e+00 -1.5322278554e+00  1.5555522272e+00 -3.7906267965e+00 -3.6911803266e-02 -5.5530743436e-02 -2.5243131621e+00  1.4974784188e+00 -1.6236302821e+00  1.3621539665e-03  1.5483252679e+00 -1.5810830439e+00  3.3880802730e+00 -2.7034507978e-01 -1.2186991724e+00  1.7828269014e+00 -4.5733869473e-01 -2.0161684911e+00  3.4262728168e+00  1.1479763552e-01  1.2524707487e+00  1.8628472224e+00  4.7174080786e-01  2.0741740032e+00
ENERGY -3.765388119143e+02
GRADIENT  1.0199843800e-04  2.5132288330e-03  5.2258362620e-03 -9.3491993000e-05 -3.1502599690e-03 -3.2039803840e-03  1.4649517000e-05  2.1200571000e-05 -2.1037947000e-05 -2.9893188000e-05 -2.6533000000e-06  2.6738630000e-06 -2.8947450000e-06  1.8300270000e-06 -2.6464080000e-06  2.7735720000e-06 -5.9454750000e-06  1.8043843000e-05  9.4314902000e-05  5.1483965820e-03 -3.1674439590e-03 -8.7182024000e-05 -4.5209576780e-03  1.1420199250e-03  3.7419730000e-06  2.5102026000e-05 -4.4597790000e-06  3.7430610000e-06  4.0036070000e-06 -3.9928700000e-07  2.4224500000e-07  1.8205780000e-06 -1.7729630000e-06 -2.4751600000e-06  7.7917300000e-07 -2.3050960000e-06 -4.0256550000e-06 -2.6610490000e-06  1.6631510000e-06 -2.0019460000e-06 -2.2083190000e-06  1.9437970000e-06 -2.0731930000e-06 -1.3502094000e-05  6.7779400000e-07  3.8111980000e-06 -8.2153500000e-06  8.0613160000e-06 -2.3658640000e-06 -6.9491000000e-08  1.7516243000e-05  1.4430310000e-06 -1.2176780000e-06  1.0150230000e-06

JOB 20
COORDS  1.5207535720e-01  3.5437485369e-02  3.0936383164e-02 -5.6606111768e-01 -7.5482438392e-01  9.9026762834e-01 -1.9838779574e+00 -7.7204188633e-01  9.5464134219e-01 -2.6876166570e+00 -6.2555923818e-03 -2.1241716387e-02 -1.9727071878e+00  7.7396966904e-01 -9.7765297376e-01 -5.5470858272e-01  7.8781445831e-01 -9.6650474021e-01  1.6618212181e+00  1.1784933744e-02  2.4467799620e-02  2.3525512681e+00 -1.0368227224e-01 -1.1659371323e+00  2.3637426921e+00  4.2021629522e-02  1.2134673170e+00 -2.0298662653e-02 -1.3693401688e+00  1.7325455120e+00 -2.5426819641e+00 -1.3893333180e+00  1.6848072514e+00 -3.7958442202e+00 -2.0247922529e-02 -3.8875740207e-02 -2.5224313959e+00  1.3710028787e+00 -1.7311980041e+00 -2.7490564505e-04  1.4084558720e+00 -1.6972717800e+00  3.4034572379e+00 -6.2835094326e-02 -1.2216703220e+00  1.8175285177e+00 -1.8896497288e-01 -2.0668358640e+00  3.4119625537e+00 -4.6615938791e-02  1.2606778187e+00  1.8448882818e+00  1.8912337146e-01  2.1157563808e+00
ENERGY -3.765411544104e+02
GRADIENT -5.7000501000e-05  1.7919441880e-03  2.8928497390e-03  1.7715314200e-04 -2.3621013710e-03 -1.5041879850e-03  2.4717729400e-04  2.6794339900e-04 -3.4945472500e-04 -2.2219019600e-04 -1.9610728000e-05  1.5559655000e-05 -4.0817730000e-05  8.4319999000e-05 -1.2170312800e-04 -1.0698442400e-04 -1.0417173600e-04  1.6556351300e-04 -9.8391052000e-05  3.2224006220e-03 -1.2377621740e-03  7.9557317000e-05 -3.1024811210e-03  2.7527675900e-04  5.1232478000e-05  1.9739732300e-04 -2.3999974400e-04  5.5152113000e-05 -9.3519580000e-06  1.7643073000e-05  3.6656036000e-05  1.9572187000e-05 -1.9585778000e-05 -1.5271370000e-05  2.9207262000e-05 -3.2309032000e-05 -2.5906345000e-05 -4.1739510000e-06  5.6663200000e-07 -3.3934494000e-05  1.2607993000e-05  6.9686990000e-06  2.8068593000e-05  6.8161276000e-05  8.4443609000e-05 -1.7997372000e-05  4.5702074000e-05 -9.8255780000e-06 -3.9397090000e-06 -5.9229730000e-05  3.6646223000e-05 -2.5608524000e-05 -8.2143283000e-05 -3.9809990000e-06

JOB 21
COORDS  1.5078532963e-01  3.8228898360e-05  1.1242748726e-02 -5.7629092800e-01 -7.0030651615e-01  1.0342755428e+00 -1.9936587196e+00 -6.9835414553e-01  1.0139738196e+00 -2.6948238309e+00  3.5499105195e-03 -1.1037857044e-02 -1.9759162599e+00  7.0286974038e-01 -1.0255401604e+00 -5.5844316664e-01  6.9993869620e-01 -1.0245083627e+00  1.6576763003e+00 -8.6299528665e-03  1.8812653027e-02  2.3681167909e+00  7.9783307619e-02 -1.1638086801e+00  2.3550761903e+00 -1.1286893053e-01  1.2079380290e+00 -3.9533576662e-02 -1.2746572527e+00  1.8142167145e+00 -2.5545361771e+00 -1.2497352817e+00  1.7936294051e+00 -3.8033816571e+00  5.2500598250e-03 -1.9529144643e-02 -2.5231854872e+00  1.2551164999e+00 -1.8141990494e+00 -8.0545936285e-03  1.2719896321e+00 -1.7966370082e+00  3.4195272180e+00  1.1711743910e-01 -1.1910574522e+00  1.8578175552e+00  5.2061458617e-02 -2.0815550932e+00  3.4055255181e+00 -1.6528168206e-01  1.2454946864e+00  1.8368945872e+00 -7.4221586305e-02  2.1208701768e+00
ENERGY -3.765421589053e+02
GRADIENT -3.2223576000e-05  3.1633931300e-04  3.1111348400e-04  1.0160709000e-05 -3.4928789700e-04 -1.6507835300e-04  5.5777313000e-05  5.8789247000e-05 -6.3237916000e-05 -1.1086225400e-04 -7.5026200000e-06  7.4547760000e-06  6.5510751000e-05 -4.3178151000e-05  6.5508223000e-05  3.0078320000e-06 -8.8772130000e-06 -6.4619498000e-05 -5.2014940000e-05  3.8547696800e-04 -6.7868274000e-05  3.6048718000e-05 -3.6491954800e-04 -1.3940868000e-05  4.0666290000e-05  3.0749161000e-05 -5.6620907000e-05  1.5150050000e-06  8.6041060000e-06  1.3461216000e-05  1.9183080000e-06  5.1798730000e-06 -5.7355810000e-06 -7.4508860000e-06 -1.2696490000e-06 -3.0158900000e-06  3.3430900000e-07 -7.9210410000e-06  6.2131490000e-06  4.3291010000e-06  1.3373868000e-05  8.7569100000e-07  3.9878600000e-07 -5.8451050000e-06  5.2805990000e-06 -2.8162210000e-06 -4.8608910000e-06  9.3290840000e-06 -3.6359950000e-06 -1.5262049000e-05  3.0367218000e-05  3.8150700000e-06 -8.6329540000e-06 -9.8277420000e-06

JOB 22
COORDS  1.5490365492e-01  1.9750175734e-02 -1.7335432814e-02 -5.7820721061e-01 -3.9643143680e-01 -1.1834547468e+00 -1.9949636208e+00 -4.0042834376e-01 -1.1643819066e+00 -2.6985558807e+00 -3.5545402238e-03  1.1363381733e-02 -1.9788808106e+00  4.0135110580e-01  1.1744032656e+00 -5.6197040596e-01  4.1462400190e-01  1.1661916776e+00  1.6621917060e+00  4.6826837672e-03 -2.1490765712e-02  2.3872020318e+00  6.7581247489e-01  9.4792204642e-01  2.3641605134e+00 -7.1128073774e-01 -9.7463941507e-01 -5.2596606266e-02 -6.7725852881e-01 -2.1166536941e+00 -2.5541760136e+00 -7.0914814005e-01 -2.0690174807e+00 -3.8071603601e+00 -1.1279919071e-02  2.1677132088e-02 -2.5247032880e+00  6.9899030580e-01  2.0908727100e+00 -2.2314708575e-02  6.9912392606e-01  2.0900470210e+00  3.4389357439e+00  6.6478724408e-01  9.7170628835e-01  1.8983838080e+00  1.3220241414e+00  1.6152887090e+00  3.4156282527e+00 -7.2147973272e-01 -1.0043997768e+00  1.8536670382e+00 -1.3232407986e+00 -1.6576946954e+00
ENERGY -3.765416742792e+02
GRADIENT -6.1556385000e-05  1.3994443970e-03 -5.3267603800e-04  5.9586176000e-05 -1.5410826870e-03  3.7635688300e-04  1.3772393500e-04  9.9857900000e-05  1.9683344000e-04 -1.7588231400e-04 -2.5415628000e-05 -1.1735125000e-05 -9.7410710000e-06  4.5755026000e-05  5.4598234000e-05 -2.9667909000e-05 -7.7566095000e-05 -9.0261002000e-05 -3.2961038600e-04  1.5258306690e-03 -9.9455438200e-04  5.4866222900e-04 -1.7118596400e-03  6.3247657800e-04 -1.5512583500e-04 -7.7348644000e-05  4.1730086000e-05  2.6245751000e-05 -3.6304323000e-05 -5.2858770000e-06  9.3914250000e-06  1.3599579000e-05  1.6439871000e-05 -1.2511374000e-05 -4.0976400000e-07  2.3784411000e-05 -1.4552358000e-05  3.7105040000e-06 -5.9324090000e-06 -2.9655402000e-05  2.7011250000e-05 -1.6965842000e-05  2.5975616000e-05  2.6025159700e-04  2.9572790400e-04  2.2950808000e-05 -4.6913950000e-05 -4.2413351000e-05  8.9941510000e-06  1.1757262500e-04  1.0964571900e-04 -2.9128011000e-05  2.3767473000e-05 -4.5971886000e-05

JOB 23
COORDS  1.5468588222e-01 -3.9089682091e-03 -7.2894960794e-03 -5.8416307223e-01 -5.3394811926e-01 -1.1236981100e+00 -2.0007353336e+00 -5.2736392275e-01 -1.1101947679e+00 -2.7053678671e+00  4.6616248399e-03  9.7198689959e-03 -1.9843915795e+00  5.3242626430e-01  1.1212082336e+00 -5.6774459423e-01  5.3058083048e-01  1.1177248149e+00  1.6642591472e+00 -8.0685509341e-03 -1.6367478577e-02  2.3924048319e+00  4.9666299451e-01  1.0467312029e+00  2.3766485421e+00 -5.1812022921e-01 -1.0875110582e+00 -6.8144571355e-02 -9.5448524562e-01 -2.0082420856e+00 -2.5580508365e+00 -9.3785563586e-01 -1.9746248223e+00 -3.8140357984e+00  7.9557556772e-03  1.6281390840e-02 -2.5289279042e+00  9.4617577777e-01  1.9922063132e+00 -3.8743929233e-02  9.4779529027e-01  1.9961460039e+00  3.4439441332e+00  4.9921746043e-01  1.0526321144e+00  1.9045748539e+00  8.9352976878e-01  1.8860461125e+00  3.4280178100e+00 -5.2171081318e-01 -1.1066453375e+00  1.8771782468e+00 -9.0854837033e-01 -1.9230004968e+00
ENERGY -3.765408624150e+02
GRADIENT  1.3275439000e-05 -3.6938575000e-05 -1.4398717000e-05  2.2790783000e-05  2.6482597000e-05 -3.2450160000e-06  1.3400030000e-05  6.6735840000e-06  2.4341494000e-05 -4.0401069000e-05  2.2802120000e-06 -4.7978000000e-08 -4.7783820000e-06  1.0840470000e-06  3.8966460000e-06  1.3238231000e-05 -9.9408260000e-06 -2.5307373000e-05 -1.0478413400e-04  5.2553187000e-05 -1.0673024000e-05  9.8678328000e-05 -4.9933826000e-05 -9.3249511000e-05 -3.8321555000e-05 -1.2403742600e-04  3.5081322000e-05  1.0859853000e-05 -4.9012880000e-06  2.0924520000e-06 -5.1989900000e-07  2.3481340000e-06  1.8305460000e-06 -3.3124290000e-06  1.1975020000e-06  2.1074780000e-06 -3.8755280000e-06 -1.6053090000e-06 -7.1113300000e-07  6.2396540000e-06 -3.4973780000e-06 -5.5327930000e-06  1.1940052000e-05  5.8802600000e-05  1.0551298700e-04 -2.3391360000e-06  1.3136400000e-07  7.7769500000e-07  2.4102090000e-06  4.9967219000e-05  7.8838940000e-06 -1.0326537000e-05  2.9316540000e-05 -3.0366421000e-05

