JOB 0
COORDS  1.5078530000e-01  3.8200000000e-05  1.1242700000e-02 -5.7629090000e-01 -7.0030650000e-01  1.0342755000e+00 -1.9936587000e+00 -6.9835410000e-01  1.0139738000e+00 -2.6948238000e+00  3.5499000000e-03 -1.1037900000e-02 -1.9759163000e+00  7.0286970000e-01 -1.0255402000e+00 -5.5844320000e-01  6.9993870000e-01 -1.0245084000e+00  1.6576763000e+00 -8.6300000000e-03  1.8812700000e-02  2.3681168000e+00  7.9783300000e-02 -1.1638087000e+00  2.3550762000e+00 -1.1286890000e-01  1.2079380000e+00 -3.9533600000e-02 -1.2746573000e+00  1.8142167000e+00 -2.5545362000e+00 -1.2497353000e+00  1.7936294000e+00 -3.8033817000e+00  5.2501000000e-03 -1.9529100000e-02 -2.5231855000e+00  1.2551165000e+00 -1.8141990000e+00 -8.0546000000e-03  1.2719896000e+00 -1.7966370000e+00  3.4195272000e+00  1.1711740000e-01 -1.1910575000e+00  1.8578176000e+00  5.2061500000e-02 -2.0815551000e+00  3.4055255000e+00 -1.6528170000e-01  1.2454947000e+00  1.8368946000e+00 -7.4221600000e-02  2.1208702000e+00
ENERGY -3.765421589053e+02
GRADIENT -3.2223576000e-05  3.1633931300e-04  3.1111348400e-04  1.0160709000e-05 -3.4928789700e-04 -1.6507835300e-04  5.5777313000e-05  5.8789247000e-05 -6.3237916000e-05 -1.1086225400e-04 -7.5026200000e-06  7.4547760000e-06  6.5510751000e-05 -4.3178151000e-05  6.5508223000e-05  3.0078320000e-06 -8.8772130000e-06 -6.4619498000e-05 -5.2014940000e-05  3.8547696800e-04 -6.7868274000e-05  3.6048718000e-05 -3.6491954800e-04 -1.3940868000e-05  4.0666290000e-05  3.0749161000e-05 -5.6620907000e-05  1.5150050000e-06  8.6041060000e-06  1.3461216000e-05  1.9183080000e-06  5.1798730000e-06 -5.7355810000e-06 -7.4508860000e-06 -1.2696490000e-06 -3.0158900000e-06  3.3430900000e-07 -7.9210410000e-06  6.2131490000e-06  4.3291010000e-06  1.3373868000e-05  8.7569100000e-07  3.9878600000e-07 -5.8451050000e-06  5.2805990000e-06 -2.8162210000e-06 -4.8608910000e-06  9.3290840000e-06 -3.6359950000e-06 -1.5262049000e-05  3.0367218000e-05  3.8150700000e-06 -8.6329540000e-06 -9.8277420000e-06

JOB 1
COORDS  1.5091391237e-01  2.6850447920e-02  2.4301678327e-02 -5.7439021170e-01 -7.1334764596e-01  1.0201619971e+00 -1.9916026907e+00 -7.2473183395e-01  9.9339520403e-01 -2.6938741379e+00 -2.4002641723e-03 -1.6562736156e-02 -1.9776832301e+00  7.2733135301e-01 -1.0113636799e+00 -5.6026507894e-01  7.3743103019e-01 -1.0028189165e+00  1.6577582394e+00  1.3104371861e-02  2.5272613441e-02  2.3609589280e+00  2.5589714436e-02 -1.1649020638e+00  2.3604949340e+00 -6.4879008125e-02  1.2132816597e+00 -3.5618382819e-02 -1.3064310157e+00  1.7845269372e+00 -2.5508500619e+00 -1.3031381709e+00  1.7544349996e+00 -3.8023268599e+00 -1.1279193868e-02 -3.0693347794e-02 -2.5265132470e+00  1.2911594780e+00 -1.7907065699e+00 -1.1574579267e-02  1.3288271057e+00 -1.7614442230e+00  3.4126585361e+00  4.0941347671e-02 -1.2008774072e+00  1.8434275897e+00 -4.0081820976e-02 -2.0766581037e+00  3.4100112205e+00 -1.3607650498e-01  1.2457659403e+00  1.8493119452e+00  1.4608099105e-02  2.1275318923e+00
ENERGY -3.765419020407e+02
GRADIENT  1.1888226720e-03  1.1534952110e-03  1.9105550700e-03 -5.9383069100e-04 -9.9089454500e-04 -1.2953124050e-03  8.8769279000e-05 -2.7795362500e-04  5.2111117700e-04  3.2495656100e-04  3.6460449000e-05 -4.2373956000e-05 -1.6799884000e-05  2.2420504900e-04 -3.5811870800e-04 -3.9478272200e-04 -5.9183227100e-04 -9.3585131000e-05 -5.2911527600e-04  3.5929290060e-03 -4.0835477600e-04  1.7390368000e-04 -1.4896429280e-03 -2.1715360200e-04  2.9876508900e-04 -5.3508823700e-04  2.6082252300e-04 -3.1577043600e-04 -3.0449959800e-04 -1.2163992900e-04 -3.9477341000e-05  5.5140841000e-05  5.7278415000e-05  2.5848480000e-06 -1.5988910000e-05 -1.5240548000e-05 -1.3023532000e-05  3.3644546000e-05 -1.2676836000e-05 -3.4332327600e-04  5.8312900000e-07 -8.4893756000e-05 -1.7134429900e-04 -2.0546059300e-04  5.8421073000e-05  2.8869064700e-04 -3.9779618100e-04  1.2391843600e-04 -1.5899114800e-04 -4.2641823000e-05 -1.2888247600e-04  2.2893398500e-04 -2.4439133300e-04 -1.5498895800e-04

JOB 2
COORDS  1.4859201995e-01  3.4492493841e-02  3.2049997484e-02 -5.7004023178e-01 -7.3089682758e-01  1.0124606886e+00 -1.9873059689e+00 -7.4565300947e-01  9.7470822827e-01 -2.6904763562e+00 -5.6990568478e-03 -2.1741113284e-02 -1.9719330974e+00  7.4689262766e-01 -9.9772344661e-01 -5.5438308348e-01  7.6340642461e-01 -9.8670525159e-01  1.6550833605e+00  1.2831367171e-02  2.8810182191e-02  2.3472628115e+00 -2.0612494671e-02 -1.1671568942e+00  2.3604114032e+00 -2.7735319867e-02  1.2168178413e+00 -2.8180253498e-02 -1.3329825979e+00  1.7677687182e+00 -2.5478508663e+00 -1.3425976518e+00  1.7202335470e+00 -3.7988198379e+00 -1.8854094208e-02 -4.0268673027e-02 -2.5205272905e+00  1.3234420439e+00 -1.7677799488e+00 -8.3551153673e-04  1.3689540160e+00 -1.7308262595e+00  3.3986577720e+00 -9.4406987961e-03 -1.2188598803e+00  1.8167844907e+00 -1.0224555743e-01 -2.0705891306e+00  3.4096816539e+00 -1.0374070126e-01  1.2547953506e+00  1.8492119586e+00  9.3790635949e-02  2.1269426765e+00
ENERGY -3.765416543192e+02
GRADIENT -1.0445479230e-03  1.6869902840e-03  2.1134160440e-03  9.5878970200e-04 -2.6511632760e-03  1.2041071100e-04  9.6664481000e-04  6.9758278700e-04 -9.7669727200e-04 -1.2038961160e-03  5.2310962000e-05 -2.0483292000e-05  6.9574024900e-04 -6.4000805500e-04  7.6065566000e-04  9.7575770900e-04  5.7392697200e-04 -1.4201638630e-03 -1.7492357860e-03  2.9797223810e-03 -2.7105132900e-04 -1.4230350500e-04 -1.6557935780e-03 -1.8016865200e-04  3.8792104200e-04 -4.0224200700e-04  7.1866130000e-06 -5.9169342000e-05 -3.0432585900e-04  1.0681408300e-04  1.2178850900e-04  7.0959601000e-05 -4.8684337000e-05 -1.0908840900e-04  1.9018273000e-05 -6.2430010000e-06  1.0569677500e-04 -7.0800630000e-05  3.3537600000e-05 -3.2778298000e-05  1.4690524500e-04 -2.0457341400e-04 -9.4569812000e-05 -2.4753446900e-04 -2.6592706900e-04  1.8437758300e-04 -2.3856288600e-04 -3.3672874000e-05 -8.1690192000e-05 -4.4917237000e-05  2.7590887200e-04  1.3750514500e-04  2.7007926000e-05 -1.0859790000e-06

JOB 3
COORDS  1.5066116950e-01  4.9319034563e-02  4.0027151233e-02 -5.7206422262e-01 -7.4775625601e-01  9.9059430678e-01 -1.9896818250e+00 -7.7598293469e-01  9.5346830799e-01 -2.6894216327e+00 -1.0127786948e-02 -2.5322530512e-02 -1.9763869870e+00  7.7554224697e-01 -9.7902328871e-01 -5.5855431236e-01  7.9620013553e-01 -9.6003065764e-01  1.6586884960e+00  1.8895075068e-02  2.9318023796e-02  2.3458633827e+00 -8.5705426790e-02 -1.1647908820e+00  2.3650367646e+00  2.4767246339e-02  1.2166467778e+00 -2.5868421075e-02 -1.3636570888e+00  1.7312504619e+00 -2.5481227546e+00 -1.3989305860e+00  1.6792342286e+00 -3.7974396769e+00 -2.9637571480e-02 -4.8312671935e-02 -2.5263268272e+00  1.3692973695e+00 -1.7350672235e+00 -4.0019958632e-03  1.4216597656e+00 -1.6865642976e+00  3.3974097841e+00 -8.3417598179e-02 -1.2206785149e+00  1.8092083160e+00 -1.9528634669e-01 -2.0619807187e+00  3.4138757979e+00 -5.9796524231e-02  1.2560501469e+00  1.8560135634e+00  1.9803855417e-01  2.1200387960e+00
ENERGY -3.765411007318e+02
GRADIENT  2.4419201570e-03  2.3261400510e-03  3.8218064150e-03 -1.0527740450e-03 -1.0411897970e-03 -3.3889210380e-03 -9.4380477000e-04 -1.2342037820e-03  1.2973048840e-03  1.5092022970e-03  1.1093349000e-04  3.4586626000e-05 -7.9010911800e-04  7.2746921900e-04 -1.0684962070e-03 -6.8037856400e-04 -1.2517603190e-03  7.8430456700e-04 -8.4006812200e-04  3.6416997760e-03 -1.3738747040e-03  4.1257243800e-04 -2.3421327900e-03  2.2492293000e-05  1.2471119400e-04 -4.9298844600e-04 -1.6104996100e-04 -1.1736635700e-04  7.1109830000e-06 -2.0151226200e-04 -1.3117263300e-04 -8.4702011000e-05  7.5567272000e-05  1.1713375500e-04 -5.9535370000e-06  4.9313030000e-05 -6.4293582000e-05  1.9439944000e-05 -1.1501133400e-04 -2.2368466000e-05  3.2210573000e-05  1.9834444700e-04 -2.0624504000e-05 -2.9083253700e-04 -7.1097485000e-05  8.8769764000e-05 -3.0359543600e-04  2.3083578000e-05 -5.8054002000e-05 -3.9062517000e-05  9.9638600000e-06  4.8709376000e-05  2.1795504500e-04  3.9488006000e-05

JOB 4
COORDS  1.4911651385e-01  4.2641145735e-02  3.6201360539e-02 -5.7031346677e-01 -7.5431506776e-01  9.8923761425e-01 -1.9880284637e+00 -7.7518166006e-01  9.5010396209e-01 -2.6928686733e+00 -8.3334950592e-03 -2.4075755654e-02 -1.9759176956e+00  7.7704162184e-01 -9.7484983625e-01 -5.5804472441e-01  7.9536548713e-01 -9.6100435774e-01  1.6584820243e+00  1.4579635835e-02  2.7937798220e-02  2.3473818955e+00 -9.2123262323e-02 -1.1643309264e+00  2.3618775991e+00  2.9707746263e-02  1.2167409535e+00 -2.4473844026e-02 -1.3700126714e+00  1.7304520751e+00 -2.5465204169e+00 -1.3971908266e+00  1.6764796312e+00 -3.8010335629e+00 -2.5515657233e-02 -4.4833530086e-02 -2.5253288949e+00  1.3750187701e+00 -1.7278508198e+00 -3.4036434970e-03  1.4209482732e+00 -1.6873619702e+00  3.3991263652e+00 -8.0686754932e-02 -1.2160946481e+00  1.8129902536e+00 -2.0062861500e-01 -2.0630490167e+00  3.4112846811e+00 -4.8384258489e-02  1.2564583083e+00  1.8500726450e+00  2.0103535520e-01  2.1188883966e+00
ENERGY -3.765411360361e+02
GRADIENT  4.3488319800e-04  2.1670737020e-03  3.3688552480e-03 -2.5265545000e-05 -2.5135904370e-03 -1.6894512060e-03  4.8937607500e-04  4.5818630900e-04 -5.6678776400e-04 -9.9961410900e-04 -4.2898958000e-05 -1.2454457000e-05  3.4534255200e-04 -2.1930074300e-04  2.9640346200e-04 -2.4140369800e-04 -1.8229597100e-04 -2.3043756600e-04  3.1894550900e-04  3.2013560140e-03 -1.4613914660e-03 -8.0095441000e-05 -2.4507565770e-03 -1.3139233300e-04 -2.5345632700e-04 -3.0788662600e-04  2.5592412100e-04  1.0588019900e-04  3.9130592000e-05 -8.5157400000e-07 -9.6044480000e-06  5.6761387000e-05 -6.4999996000e-05 -8.2532116000e-05  1.3460366000e-05 -1.7904020000e-05 -5.3219516000e-05 -5.7680783000e-05  4.6593879000e-05  4.0658791000e-05  5.7787617000e-05  1.0908682900e-04  6.8198210000e-06 -1.6368545500e-04  3.2080377100e-04  1.8158640000e-06 -2.3733967000e-04  7.7755980000e-06  1.2352040000e-06  8.5103940000e-06 -2.8282879500e-04  2.4057044000e-05  1.6916020700e-04  3.0412352000e-05

JOB 5
COORDS  1.4643794000e-01  3.7242225463e-02  3.2931613348e-02 -5.6958636752e-01 -7.5982264962e-01  9.8849102617e-01 -1.9872118347e+00 -7.7825365399e-01  9.5196673883e-01 -2.6861561338e+00 -6.8260042671e-03 -2.2775515252e-02 -1.9722212339e+00  7.8004142066e-01 -9.7465601569e-01 -5.5448732978e-01  7.9584908179e-01 -9.6400786181e-01  1.6564855339e+00  1.1612506215e-02  2.8902151872e-02  2.3434777954e+00 -9.7739037829e-02 -1.1638585929e+00  2.3581359729e+00  3.4601567473e-02  1.2186434850e+00 -2.2572738919e-02 -1.3751235712e+00  1.7291961181e+00 -2.5475107981e+00 -1.3990133281e+00  1.6780748515e+00 -3.7942935949e+00 -2.1099110537e-02 -4.2777099631e-02 -2.5227522058e+00  1.3804408956e+00 -1.7249220129e+00  2.0438847217e-03  1.4199958101e+00 -1.6902200505e+00  3.3947095536e+00 -7.8213686561e-02 -1.2238344685e+00  1.8047925439e+00 -2.0209526807e-01 -2.0605171901e+00  3.4076168949e+00 -3.8669480952e-02  1.2663921535e+00  1.8407317557e+00  2.0202648333e-01  2.1182496121e+00
ENERGY -3.765411334869e+02
GRADIENT -1.5679699940e-03  1.9758560970e-03  2.4948349350e-03  4.1084724100e-04 -2.8583593340e-03 -1.3092576410e-03 -2.2725538900e-04 -1.0035196000e-04  2.2509150600e-04  8.8784359100e-04 -4.5985203000e-05 -8.9697050000e-06  6.0936926000e-05  2.6542664000e-05  1.0627209600e-04  5.0291602200e-04  6.7381043800e-04 -9.5335899700e-04 -1.6425977200e-04  3.1008538360e-03 -1.1627457370e-03 -3.3185221400e-04 -2.5079416100e-03  3.6319201000e-04  1.5692356100e-04 -2.7040232400e-04  1.9236299000e-05 -3.2342061000e-05 -9.1777500000e-07  1.5036211200e-04  9.6288323000e-05 -4.3013529000e-05  7.6475611000e-05  6.6678038000e-05 -3.0927827000e-05  1.4171157000e-05  1.1504576300e-04  5.1199753000e-05 -4.1014982000e-05 -5.2912760000e-06  8.1143728000e-05 -9.3355609000e-05 -1.4448583000e-05 -1.4557748800e-04 -1.4724972000e-04 -1.8526899000e-05 -1.2671900800e-04  2.8010230000e-05  4.4586310000e-05  1.0453363200e-04  2.7910963700e-04  4.4903637000e-05  1.1216588200e-04 -6.3521738000e-05

JOB 6
COORDS  1.4854264981e-01  3.7364018062e-02  3.3945293072e-02 -5.7092202907e-01 -7.5798666604e-01  9.8803044500e-01 -1.9887410615e+00 -7.7633308192e-01  9.5103724143e-01 -2.6906902875e+00 -6.2486319045e-03 -2.2656035741e-02 -1.9742457954e+00  7.7871665958e-01 -9.7413620181e-01 -5.5626518432e-01  7.9365963794e-01 -9.6169836020e-01  1.6584589415e+00  1.2021921954e-02  2.8980043306e-02  2.3463762502e+00 -9.7269026751e-02 -1.1634685203e+00  2.3602350310e+00  3.4361628884e-02  1.2185608337e+00 -2.5405109018e-02 -1.3744944478e+00  1.7287743279e+00 -2.5482852882e+00 -1.3973475871e+00  1.6774880653e+00 -3.7988661966e+00 -2.0560019045e-02 -4.2504946796e-02 -2.5233594475e+00  1.3787457338e+00 -1.7257306991e+00 -4.9828997833e-04  1.4171741736e+00 -1.6889928645e+00  3.3975903159e+00 -7.6594953857e-02 -1.2234320136e+00  1.8081985142e+00 -1.9957556724e-01 -2.0606687856e+00  3.4096305414e+00 -4.0095505716e-02  1.2655525169e+00  1.8431453049e+00  1.9990877659e-01  2.1187332650e+00
ENERGY -3.765411508678e+02
GRADIENT -1.3269515100e-04  1.9556889250e-03  2.6930683550e-03  8.4879190000e-05 -2.3404419350e-03 -1.8073445200e-03  7.1216023000e-05  1.2733098100e-04 -1.2639364400e-04 -1.9557556600e-04 -3.2452828000e-05  1.4644365000e-05  8.8029712000e-05 -2.4329508000e-05  7.4196761000e-05  2.6143444000e-05 -1.1264423000e-05 -2.3113321000e-05 -1.6235464700e-04  3.1865430020e-03 -1.1584804220e-03 -1.2771218000e-05 -2.5570449390e-03  4.2482110400e-04  1.6348379000e-04 -2.5823982900e-04 -1.0485822500e-04  2.7502428000e-05  3.7666643000e-05  1.5837470000e-05  6.9389270000e-06  8.4546600000e-06 -1.1852547000e-05 -9.8047800000e-06 -2.0169480000e-06 -8.2792590000e-06 -9.0620370000e-06 -1.0195225000e-05  1.2534773000e-05  3.4314966000e-05 -1.3486702000e-05  4.5792360000e-06 -9.2925850000e-06 -1.5126737000e-04 -2.3824849500e-04  5.6724820000e-06 -1.1948585900e-04  3.3642424000e-05  1.6901449000e-05  9.1178188000e-05  2.2032183500e-04  3.1243240000e-05  1.0933416100e-04 -3.7917866000e-05

JOB 7
COORDS  1.4777910417e-01  3.7183899891e-02  3.3579472084e-02 -5.7173176772e-01 -7.5712066185e-01  9.8850514495e-01 -1.9895572329e+00 -7.7562894285e-01  9.5253782007e-01 -2.6913081797e+00 -5.7015624607e-03 -2.1459635396e-02 -1.9754090991e+00  7.7827491278e-01 -9.7413730292e-01 -5.5738477921e-01  7.9304486080e-01 -9.6215895092e-01  1.6575401868e+00  1.2002661312e-02  2.7893650290e-02  2.3481828476e+00 -9.8229360345e-02 -1.1629304242e+00  2.3580754903e+00  3.4539230901e-02  1.2179695793e+00 -2.6125147924e-02 -1.3740274649e+00  1.7288588994e+00 -2.5489162577e+00 -1.3961973572e+00  1.6795262199e+00 -3.7994973779e+00 -1.9603658504e-02 -4.0742236956e-02 -2.5247439118e+00  1.3777957890e+00 -1.7259803029e+00 -2.0124968685e-03  1.4159663453e+00 -1.6902704544e+00  3.3997565423e+00 -7.3869201746e-02 -1.2147046780e+00  1.8147005583e+00 -1.9757376214e-01 -2.0633031454e+00  3.4074941413e+00 -4.1684176931e-02  1.2606938560e+00  1.8421490579e+00  1.9725279577e-01  2.1193834715e+00
ENERGY -3.765411527630e+02
GRADIENT -1.7566885000e-05  1.8578696490e-03  3.0073327950e-03 -9.3479040000e-06 -2.1215012030e-03 -1.9131642630e-03 -5.1799367000e-05 -5.6540390000e-05  3.7180701000e-05  2.1290409000e-05  7.2551500000e-06  1.6833890000e-05 -2.0931777000e-05 -2.0293666000e-05 -2.4131523000e-05  8.4596401000e-05 -6.3868330000e-06  5.5254633000e-05  6.2227019800e-04  3.2749258520e-03 -1.3369866350e-03 -2.0447057900e-04 -2.7524326680e-03 -1.1050349600e-04 -4.0074426400e-04 -1.3808982900e-04  2.3234971100e-04 -1.6380430000e-06  7.7081200000e-06 -8.4707600000e-07 -5.5830610000e-06 -9.8931890000e-06 -3.4756580000e-06  3.8380780000e-06  2.9731940000e-06  4.9124490000e-06  1.9519200000e-06 -2.4928730000e-06 -4.1286830000e-06  9.3865000000e-06  5.9162970000e-06 -4.2397400000e-07  2.4069096000e-05 -6.6613256000e-05  3.1694365500e-04 -1.3612882000e-05 -1.0696327900e-04 -4.6470334000e-05  6.0326100000e-07  4.3127723000e-05 -3.2333753800e-04 -1.6349562000e-05  7.6823908000e-05  7.0662610000e-05

JOB 8
COORDS  1.4768999556e-01  3.6161400030e-02  3.3421963412e-02 -5.7198480841e-01 -7.5755213279e-01  9.8871939415e-01 -1.9898030224e+00 -7.7515704983e-01  9.5264963082e-01 -2.6914976028e+00 -5.1835336823e-03 -2.1352701315e-02 -1.9753854130e+00  7.7833058694e-01 -9.7419597570e-01 -5.5735374609e-01  7.9227628597e-01 -9.6227549055e-01  1.6575999363e+00  1.1645434581e-02  2.8516510647e-02  2.3479458960e+00 -9.9425314559e-02 -1.1623483646e+00  2.3580889864e+00  3.5450399059e-02  1.2186531623e+00 -2.6697193676e-02 -1.3745694438e+00  1.7292214587e+00 -2.5494023515e+00 -1.3952227685e+00  1.6798739612e+00 -3.7996967825e+00 -1.8619071289e-02 -4.0434387781e-02 -2.5244668687e+00  1.3781247398e+00 -1.7260065739e+00 -1.8527088658e-03  1.4147471441e+00 -1.6906509761e+00  3.3992805742e+00 -7.1908773998e-02 -1.2173530459e+00  1.8129661662e+00 -1.9607488218e-01 -2.0620924834e+00  3.4073355821e+00 -4.1290462401e-02  1.2647853507e+00  1.8402865652e+00  1.9568040003e-01  2.1193734292e+00
ENERGY -3.765411563830e+02
GRADIENT -5.5961379000e-05  1.7999699830e-03  2.8632987370e-03  1.3880178000e-05 -2.1800978510e-03 -1.8236007790e-03  1.3289652000e-05  2.2292282000e-05 -3.3156182000e-05 -1.0066662000e-05  1.4115020000e-06  4.9269790000e-06 -3.4760063000e-05  6.1810740000e-06 -2.9465638000e-05  2.8462180000e-05  6.0507700000e-06  6.5825369000e-05  2.3804983900e-04  3.3151777010e-03 -1.2822341870e-03 -9.2478643000e-05 -2.7960705620e-03  1.8574281600e-04 -9.0145050000e-05 -1.4680936700e-04 -1.4797311000e-05  5.3134520000e-06  1.3627950000e-06 -1.2131490000e-06  4.0959790000e-06 -1.7140170000e-06 -4.8961120000e-06  7.2963800000e-07  5.3601690000e-06 -4.8197030000e-06 -4.5065040000e-06  1.9272930000e-06  1.9801960000e-06 -5.8137170000e-06 -1.5474033000e-05 -5.8421410000e-06  1.0102359000e-05 -6.0111679000e-05  7.5197010000e-05 -4.2775810000e-06 -7.2527489000e-05  2.8923190000e-06  1.1964723000e-05  5.9806617000e-05 -2.3101748000e-05 -1.7648290000e-06  4.8800433000e-05  9.7092700000e-07

JOB 9
COORDS  1.4737279291e-01  3.5838274291e-02  3.3791796440e-02 -5.7310368183e-01 -7.5695703705e-01  9.8928301759e-01 -1.9909183590e+00 -7.7450332679e-01  9.5332644640e-01 -2.6920561220e+00 -4.8843728241e-03 -2.1342612892e-02 -1.9750646376e+00  7.7772379180e-01 -9.7428123894e-01 -5.5702873968e-01  7.9168105928e-01 -9.6255687887e-01  1.6572847623e+00  1.1480297986e-02  2.9990374518e-02  2.3470144108e+00 -1.0073305877e-01 -1.1611574570e+00  2.3576835938e+00  3.6161671183e-02  1.2202139539e+00 -2.8171981800e-02 -1.3738148758e+00  1.7301729765e+00 -2.5507529016e+00 -1.3939673793e+00  1.6808878196e+00 -3.8002566574e+00 -1.7898088648e-02 -4.0807910323e-02 -2.5238263204e+00  1.3772557095e+00 -1.7265251820e+00 -1.3746386270e-03  1.4136965749e+00 -1.6912150170e+00  3.3980971062e+00 -6.9167312892e-02 -1.2187558962e+00  1.8107260393e+00 -1.9280178627e-01 -2.0605963324e+00  3.4067202244e+00 -4.2975067312e-02  1.2667929481e+00  1.8393715216e+00  1.9317542856e-01  2.1211777422e+00
ENERGY -3.765411573213e+02
GRADIENT -2.0920166000e-05  1.7671528530e-03  2.7198754680e-03 -6.3475066000e-05 -2.0974117210e-03 -1.9040886990e-03 -2.1384238000e-05 -3.6614761000e-05  4.9078884000e-05 -8.6641264000e-05  1.1983845000e-05 -1.6104644000e-05  6.5805521000e-05 -1.0408451900e-04  1.2941085300e-04  1.0751579800e-04  1.0774506600e-04 -5.9352799000e-05  1.8470876100e-04  3.3478505620e-03 -1.2400618840e-03 -1.1680151900e-04 -2.8917165290e-03  2.7702566300e-04 -3.7672242000e-05 -7.0429896000e-05  1.0865281300e-04 -9.4289600000e-06 -3.9113730000e-06 -1.4752157000e-05 -1.1375891000e-05  1.6436120000e-06 -2.6341070000e-06 -5.4093650000e-06 -1.1593703000e-05  1.2549416000e-05  1.0308537000e-05 -2.9788140000e-06  1.1138168000e-05  1.7804570000e-05 -2.3384136000e-05 -1.6197938000e-05 -1.4240582000e-05 -3.4223250000e-05 -6.8742002000e-05  1.1044764000e-05 -2.1105218000e-05  8.5163050000e-06  6.3036050000e-06  3.6322100000e-05 -1.0706794000e-05  9.6866360000e-06  2.0333266000e-05 -6.7157650000e-06

