JOB 0
COORDS  1.6736590000e-01 -6.3980000000e-04 -2.2600000000e-03 -5.5126970000e-01 -1.2182128000e+00  2.5617990000e-01 -1.9687425000e+00 -1.2087237000e+00  2.6128750000e-01 -2.6772440000e+00  1.6482000000e-03  5.8940000000e-04 -1.9672381000e+00  1.2110886000e+00 -2.6058750000e-01 -5.4977910000e-01  1.2184990000e+00 -2.5709230000e-01  1.6743070000e+00 -1.0949000000e-03  1.1690000000e-03  2.3778362000e+00 -1.1337446000e+00 -3.6397760000e-01  2.3776657000e+00  1.1327160000e+00  3.6336050000e-01 -7.6447000000e-03 -2.1538918000e+00  4.9128800000e-01 -2.5236016000e+00 -2.1431066000e+00  4.7469190000e-01 -3.7858201000e+00  2.4910000000e-03  1.2905000000e-03 -2.5209733000e+00  2.1464945000e+00 -4.7243650000e-01 -5.0753000000e-03  2.1535639000e+00 -4.9218900000e-01  3.4288124000e+00 -1.1823638000e+00 -3.3664360000e-01  1.8625994000e+00 -1.9648137000e+00 -7.4787190000e-01  3.4289349000e+00  1.1774620000e+00  3.4011460000e-01  1.8635480000e+00  1.9633278000e+00  7.4982610000e-01
ENERGY -3.765421577026e+02
GRADIENT -3.3724220000e-05 -2.3016770000e-05 -5.3568067200e-04 -2.4192355000e-05  4.4948093000e-05  3.2099596300e-04 -1.2084834300e-04 -1.0391149500e-04  3.3782337000e-05  2.7171501100e-04 -1.7249731000e-05 -1.0935720000e-06 -9.9586053000e-05  1.3276384500e-04 -2.1685953000e-05 -3.4975392000e-05 -4.7594358000e-05 -5.4713624000e-05 -2.9933816000e-05 -1.6061590200e-04  5.2721822600e-04  6.5654590000e-05  2.0266497700e-04 -1.8978367800e-04 -3.6435102000e-05  9.9619296000e-05 -2.1995051000e-05  1.0631292000e-05  9.6506700000e-06 -2.1853593000e-05  4.1673480000e-06 -1.6192595000e-05  3.9901230000e-06  2.2047654000e-05  1.5250100000e-07 -3.4777560000e-06  4.7016460000e-06  1.9346719000e-05  7.1089300000e-07  1.1813594000e-05 -1.1997240000e-06  4.1153240000e-06  2.2298320000e-06 -1.3178803800e-04 -7.4670004000e-05 -4.8597150000e-06  2.8042715000e-05 -3.2488232000e-05  1.9006462000e-05 -3.4555039000e-05  1.8224025000e-05 -1.1780871000e-05 -1.0329690000e-06  4.8323663000e-05

JOB 1
COORDS  1.6762595600e-01  5.6445854866e-03  8.4643650213e-03 -5.4910979770e-01 -1.2208746408e+00  2.2641954330e-01 -1.9666382749e+00 -1.2140059956e+00  2.3041278900e-01 -2.6796868897e+00  1.4784697703e-04  1.6302647264e-03 -1.9701441211e+00  1.2157960912e+00 -2.3025600851e-01 -5.5265523774e-01  1.2270837771e+00 -2.2561991440e-01  1.6744560772e+00  4.1290984534e-03 -1.0321825465e-02  2.3732229574e+00 -1.1491698614e+00 -3.1482361509e-01  2.3832059137e+00  1.1461857243e+00  3.1318994144e-01 -4.1655293655e-03 -2.1624729477e+00  4.3319289236e-01 -2.5190757616e+00 -2.1555340873e+00  4.1688970204e-01 -3.7882963565e+00 -1.5455540696e-03  1.1359085079e-03 -2.5253560080e+00  2.1545917351e+00 -4.2218889157e-01 -1.0444230624e-02  2.1679682469e+00 -4.4253131107e-01  3.4241056081e+00 -1.1969430413e+00 -2.8305428473e-01  1.8563320892e+00 -1.9983794988e+00 -6.5424729076e-01  3.4346248214e+00  1.1858950277e+00  2.8860630161e-01  1.8727020125e+00  1.9921766605e+00  6.6985597507e-01
ENERGY -3.765420698758e+02
GRADIENT -7.4858527400e-04  2.1613590100e-04  2.9148604120e-03  5.1937760800e-04 -4.7692435400e-04 -6.1973386100e-04  2.9527345000e-05  6.9906216000e-04 -2.0682945700e-04 -7.1551613100e-04 -7.6233170000e-05  5.4888058000e-05  1.8368115600e-04 -6.9325614200e-04 -2.8530677000e-05  3.7016116500e-04  2.4942319800e-04 -3.4505545100e-04  7.5412933700e-04  9.0236846500e-04 -3.6160323930e-03 -5.8669230400e-04 -3.0651367500e-04  8.1917721400e-04 -3.2116569700e-04 -3.4727917000e-04  4.0932160200e-04  5.0693902000e-04  6.7938110000e-05 -2.8540330700e-04  6.5797900000e-06  6.4271207000e-05  4.2725204000e-05 -3.3530073000e-05  3.2452840000e-06  6.7200610000e-06  7.2448690000e-06 -5.3932345000e-05  4.8642050000e-06  3.3349673500e-04 -1.1650673400e-04 -2.6605082000e-05  1.3669986500e-04  6.6968730000e-05  2.5492708000e-04 -3.5945531300e-04 -2.7984136700e-04  2.3662756900e-04  1.4950208100e-04  5.0806890000e-05  9.2778491000e-05 -2.2601749500e-04  2.9732094000e-05  2.9405980000e-04

JOB 2
COORDS  1.6723572785e-01  1.5270675059e-04  1.7559086875e-02 -5.5942496447e-01 -1.2266108415e+00  2.0563571879e-01 -1.9765447808e+00 -1.2194260036e+00  2.0648060377e-01 -2.6811260222e+00  3.9393270572e-03  1.3456381979e-03 -1.9721860498e+00  1.2245400551e+00 -2.0406591682e-01 -5.5499339135e-01  1.2250466302e+00 -1.9707767741e-01  1.6748201456e+00 -3.2668792805e-03 -8.9278537552e-03  2.3898329040e+00 -1.1568665093e+00 -2.7345848534e-01  2.3805463314e+00  1.1525455618e+00  2.7058588665e-01 -2.2560392627e-02 -2.1755716922e+00  3.9798359974e-01 -2.5325176921e+00 -2.1630626119e+00  3.7102999348e-01 -3.7896801906e+00  5.4170100227e-03 -1.7831879907e-03 -2.5238199564e+00  2.1689819271e+00 -3.7829981146e-01 -1.2301700373e-02  2.1695548714e+00 -3.9556691944e-01  3.4412757487e+00 -1.1861355034e+00 -2.4549611231e-01  1.8874200407e+00 -2.0227274590e+00 -5.9019106097e-01  3.4315317006e+00  1.1918585183e+00  2.3857904720e-01  1.8705244656e+00  2.0124432259e+00  5.9180064990e-01
ENERGY -3.765419164405e+02
GRADIENT  9.7383556400e-04  1.5298671560e-03  4.3224677330e-03 -1.0010555360e-03  1.1091338680e-03 -1.7534402220e-03 -1.0132178210e-03 -1.4773271290e-03  1.5889201400e-04  2.1698762180e-03  7.1586400000e-06  3.3648544000e-05 -1.2256953400e-03  1.7383574420e-03 -3.7322169300e-04 -1.0765810350e-03 -1.8397904170e-03 -7.6414497000e-05  5.3130688900e-04 -9.1162393400e-04 -4.1804791400e-03  1.2965592190e-03  5.1449615200e-04  1.1820926390e-03 -5.3198858200e-04 -6.0029222900e-04  1.5154048000e-04 -8.8078475000e-05  2.4020917500e-04  1.5436139000e-05 -6.9510009000e-05 -1.3689622900e-04  7.9176023000e-05  1.8183865300e-04  1.8082615000e-05  4.0404710000e-06 -1.0862967100e-04  1.4213748000e-04 -4.4848258000e-05  1.9800861500e-04 -2.7513406100e-04  5.5668948000e-05  1.1516116100e-04 -7.8211897000e-05  2.7372195300e-04 -1.5107041400e-04  2.0025540700e-04  1.0613372500e-04  8.9861445000e-05 -1.9939025800e-04 -3.4286950000e-06 -2.9043300300e-04  1.8770708000e-05  4.6896704000e-05

JOB 3
COORDS  1.6742787195e-01  3.7553728991e-03  2.8513298345e-02 -5.5594156155e-01 -1.2316955095e+00  1.7371263125e-01 -1.9726993489e+00 -1.2240160598e+00  1.6908404293e-01 -2.6850641859e+00  1.7373023907e-04 -1.2320315134e-03 -1.9717487688e+00  1.2239689530e+00 -1.6860318083e-01 -5.5492647957e-01  1.2339600280e+00 -1.6007356987e-01  1.6742704819e+00  2.8598765666e-03 -7.3883341808e-03  2.3796244145e+00 -1.1692603407e+00 -2.1171860062e-01  2.3887119265e+00  1.1669261860e+00  2.1472182128e-01 -2.1490043686e-02 -2.1867669002e+00  3.4124951367e-01 -2.5259802787e+00 -2.1741213288e+00  3.0168489191e-01 -3.7937528712e+00 -4.6612155122e-04 -8.5092684286e-03 -2.5245343990e+00  2.1717916402e+00 -3.1829585649e-01 -1.8728443377e-02  2.1871930714e+00 -3.3318644635e-01  3.4309124237e+00 -1.2005692595e+00 -1.9274770248e-01  1.8731941660e+00 -2.0464068615e+00 -4.8728754712e-01  3.4395143301e+00  1.1964398167e+00  1.7592375572e-01  1.8875924091e+00  2.0471704371e+00  4.9005148031e-01
ENERGY -3.765416184565e+02
GRADIENT -5.4141032800e-04  1.5187528800e-04  6.0691191640e-03  2.5320161000e-05 -1.2012644810e-03 -2.5831809170e-03  5.2988031300e-04  6.9676643600e-04 -9.4457724000e-05 -1.0246404370e-03  4.8232005000e-05  9.7743400000e-06  6.9795471900e-04 -1.1349625760e-03  2.4105471300e-04  3.3731585000e-04  1.1253778130e-03 -7.4628516600e-04  6.3980905300e-04  1.7015551200e-04 -5.3772709670e-03 -5.5702371400e-04 -5.4309530300e-04  1.5912302480e-03 -2.1238564300e-04  7.4992990400e-04  5.2269254000e-04  1.9475404500e-04  6.4407883000e-05  6.8613840000e-05 -6.5357080000e-06  8.0503110000e-05  4.5387383000e-05 -8.9264412000e-05 -2.8777624000e-05 -2.3501293000e-05  4.1803763000e-05 -9.1183282000e-05 -1.4485856000e-05  3.2377512600e-04 -1.9696918000e-05 -1.2447550800e-04 -1.1440165700e-04  4.6320119000e-05  4.1563620900e-04 -1.0617421300e-04  4.9810191000e-05  6.5270828000e-05 -2.9467584000e-05 -1.1900446200e-04 -6.0739901000e-05 -1.1799356100e-04 -4.5982803000e-05 -4.7030680000e-06

JOB 4
COORDS  1.6780975095e-01  2.4747599655e-03  2.3576515143e-02 -5.5720935252e-01 -1.2317893162e+00  1.6888166572e-01 -1.9740248777e+00 -1.2245471887e+00  1.6386281145e-01 -2.6856319673e+00  7.0005348361e-04 -2.3474227406e-03 -1.9745380329e+00  1.2265222481e+00 -1.6415812869e-01 -5.5763655541e-01  1.2324627806e+00 -1.5588389352e-01  1.6749548217e+00  1.9240766995e-03 -3.9455067022e-03  2.3820958084e+00 -1.1708726049e+00 -2.0039743839e-01  2.3915187414e+00  1.1667139059e+00  2.0695856380e-01 -2.4483907723e-02 -2.1882819133e+00  3.3401483880e-01 -2.5272933107e+00 -2.1751667389e+00  2.9286560116e-01 -3.7942881610e+00 -3.6361798918e-04 -8.9938602022e-03 -2.5268299226e+00  2.1756285106e+00 -3.0778017448e-01 -2.3426934799e-02  2.1879323274e+00 -3.2168810828e-01  3.4336797406e+00 -1.1978888523e+00 -1.8911254281e-01  1.8780829533e+00 -2.0509318077e+00 -4.7119293583e-01  3.4423792139e+00  1.1955635916e+00  1.6949015375e-01  1.8920406222e+00  2.0509611728e+00  4.7188534435e-01
ENERGY -3.765416622000e+02
GRADIENT  2.8295266500e-04 -2.0427974700e-04  4.6125699560e-03 -1.1320546700e-04 -3.5138549000e-04 -2.2720858630e-03  1.9382926800e-04  1.4279118100e-04  4.3241278000e-05 -3.9461227000e-05  2.0060469000e-05 -1.8070153000e-05 -8.9347067000e-05  2.8950988000e-04  5.4339008000e-05 -2.9663973800e-04 -2.1099604700e-04 -3.4216315600e-04  2.9662231600e-04  3.7902976100e-04 -4.0327697960e-03 -4.1772589700e-04 -3.8929654100e-04  1.5290453140e-03  2.4446672900e-04  1.8267328700e-04  2.1908443700e-04  9.5650334000e-05  3.3084210000e-05  1.1072605400e-04 -1.9638160000e-06  1.4268544000e-05 -1.4770478000e-05 -2.6294300000e-06  3.4650949000e-05 -1.3323095000e-05 -4.9895506000e-05  5.0703700000e-07 -2.1822340000e-05 -2.5936412000e-05 -6.9041322000e-05 -4.1814632000e-05 -3.5286263000e-05  8.2141262000e-05  2.4334863800e-04 -4.0104891000e-05 -1.5399444000e-05  2.9924592000e-05 -1.1910982000e-05  1.5592197400e-04 -5.1148484000e-05  8.8079400000e-07 -9.5120698000e-05 -3.4497526000e-05

JOB 5
COORDS  1.6579152744e-01  1.5282442093e-03  1.5331567177e-02 -5.6133914308e-01 -1.2314034585e+00  1.6268104439e-01 -1.9782057979e+00 -1.2261791587e+00  1.5925999000e-01 -2.6865965596e+00  1.3754012593e-03 -1.9598511489e-03 -1.9727449176e+00  1.2264537735e+00 -1.5833136448e-01 -5.5582647809e-01  1.2351564293e+00 -1.5225891504e-01  1.6728971476e+00 -1.9261216053e-03 -2.6108126823e-03  2.3896572259e+00 -1.1713836044e+00 -1.8757900830e-01  2.3877503994e+00  1.1653639362e+00  1.9704508956e-01 -3.0147787645e-02 -2.1894555322e+00  3.2339978499e-01 -2.5317651040e+00 -2.1769789593e+00  2.8583327436e-01 -3.7952552779e+00  2.8997650857e-03 -6.8224327633e-03 -2.5246632182e+00  2.1768571671e+00 -2.9422782311e-01 -2.2637503197e-02  2.1926764116e+00 -3.0974356921e-01  3.4415580826e+00 -1.1900830680e+00 -1.8486551959e-01  1.8926637803e+00 -2.0570282799e+00 -4.5294521457e-01  3.4388850117e+00  1.1892815596e+00  1.6444257013e-01  1.8897509356e+00  2.0541694176e+00  4.4950908811e-01
ENERGY -3.765416591707e+02
GRADIENT -4.2846021500e-04  5.8372294600e-04  2.8927165160e-03 -2.3067941300e-04  4.5864475400e-04 -1.6788916870e-03 -2.8234671200e-04 -7.2016429400e-04  1.3592092500e-04  5.0706990000e-05  1.1227462100e-04 -4.9397939000e-05  3.0571739100e-04 -6.8708818700e-04  1.0716933700e-04  6.1412410100e-04  8.4987956400e-04 -7.4047036000e-05 -6.6903575600e-04 -1.3918437000e-04 -2.9387964830e-03  9.7245268500e-04  3.4637609200e-04  1.6088329540e-03 -2.7692587500e-04 -4.3348904100e-04 -2.4150011000e-05 -2.3216362700e-04 -5.7559792000e-05  1.5929538400e-04 -5.0366788000e-05 -4.1483521000e-05 -5.2250805000e-05  8.2198650000e-06 -1.1242931700e-04  3.6874119000e-05  8.8784178000e-05 -2.2339403000e-05 -5.5033840000e-06  6.1456067000e-05  1.0325660200e-04  9.4667060000e-05  8.7257112000e-05 -1.7509581700e-04 -2.1128297000e-05  4.3686793000e-05  7.9670772000e-05  1.4975611000e-05  2.2022980000e-05 -2.3752583800e-04 -1.4898634600e-04 -9.3313519000e-05  9.0977430000e-05 -5.6523213000e-05

JOB 6
COORDS  1.6701076235e-01  1.6221884460e-03  1.5486168163e-02 -5.5786361442e-01 -1.2324840782e+00  1.6314300395e-01 -1.9747767462e+00 -1.2247134808e+00  1.6019542560e-01 -2.6855725772e+00  1.4347041495e-03 -1.7071721456e-03 -1.9744035868e+00  1.2276589264e+00 -1.6031733452e-01 -5.5748278396e-01  1.2332836704e+00 -1.5396587719e-01  1.6740472478e+00  4.4061731705e-04 -3.5466111641e-03  2.3853187297e+00 -1.1720591123e+00 -1.8978274939e-01  2.3895740969e+00  1.1669177565e+00  1.9996407011e-01 -2.5820116033e-02 -2.1901790267e+00  3.2308323929e-01 -2.5281773232e+00 -2.1753769347e+00  2.8826218157e-01 -3.7942340198e+00  1.0656097104e-03 -6.0458196207e-03 -2.5264593593e+00  2.1778234251e+00 -2.9763140642e-01 -2.3908114589e-02  2.1901787238e+00 -3.1371890226e-01  3.4370857025e+00 -1.1947629852e+00 -1.8626594001e-01  1.8844549690e+00 -2.0552470388e+00 -4.5617513900e-01  3.4407651664e+00  1.1911270944e+00  1.6966399531e-01  1.8913737480e+00  2.0547515857e+00  4.5540506629e-01
ENERGY -3.765416758079e+02
GRADIENT -7.4917932000e-05  2.1064900500e-04  3.1189592570e-03  2.1089222800e-04 -3.8278532800e-04 -1.6051236010e-03  2.6903880000e-06  1.3682973900e-04  7.8040840000e-06  1.5361010200e-04 -3.2501693000e-05 -1.7226478000e-05 -1.5426915400e-04  2.7825684100e-04 -3.9201828000e-05 -1.5806475000e-05 -2.0467110700e-04  2.6358989000e-05 -6.7878309000e-05  2.6860594500e-04 -3.2278267160e-03  1.0280074100e-04 -2.6158872500e-04  1.5800389120e-03 -1.5921548700e-04  7.0460900000e-05  1.2865536000e-04  1.8439372000e-05 -1.3564495000e-05  3.8541878000e-05  2.8444136000e-05 -6.9191900000e-06 -1.7210561000e-05  1.1406914000e-05  2.7391645000e-05  6.6116290000e-06 -1.2373799000e-05  1.9486547000e-05 -5.2078160000e-06 -3.7245075000e-05  2.1074594000e-05  4.3139462000e-05 -2.8240400000e-07 -3.7276114000e-05  2.4166763000e-05  4.1767870000e-06 -2.4364018000e-05  5.8514918000e-05 -1.3869040000e-05 -1.2841602800e-04 -9.3621512000e-05 -5.8417290000e-06  5.8297042000e-05 -2.6958234000e-05

JOB 7
COORDS  1.6825662151e-01  2.7562894083e-03  1.5929596111e-02 -5.5847085224e-01 -1.2304000669e+00  1.6335027471e-01 -1.9753981261e+00 -1.2252038799e+00  1.6114741112e-01 -2.6865974459e+00  5.9070039435e-04 -1.1394486734e-03 -1.9741739955e+00  1.2259392682e+00 -1.6103559816e-01 -5.5721811283e-01  1.2335767875e+00 -1.5518278266e-01  1.6755210414e+00  1.2147211016e-03 -3.9210196827e-03  2.3841418078e+00 -1.1725351095e+00 -1.9121586337e-01  2.3923749347e+00  1.1666968659e+00  2.0160722925e-01 -2.6076708657e-02 -2.1878984389e+00  3.2298608506e-01 -2.5278958885e+00 -2.1762930620e+00  2.9009232638e-01 -3.7952694409e+00  4.9126805441e-04 -5.4330936537e-03 -2.5264890658e+00  2.1757696229e+00 -2.9948270468e-01 -2.4390081493e-02  2.1905038526e+00 -3.1711533050e-01  3.4358693017e+00 -1.1964838678e+00 -1.8715325976e-01  1.8817821210e+00 -2.0542047738e+00 -4.5981073938e-01  3.4435710222e+00  1.1938678677e+00  1.7340349540e-01  1.8930485937e+00  2.0532809108e+00  4.5891407336e-01
ENERGY -3.765416739640e+02
GRADIENT  4.8274334500e-04 -3.4944127000e-05  3.3454411490e-03 -3.5888257800e-04  3.1246348000e-04 -1.7645813240e-03 -1.3378475600e-04 -2.7052505300e-04  4.5543565000e-05 -1.4393531100e-04  8.6087250000e-06 -7.8812420000e-06  1.3188932400e-04 -2.2461035800e-04  4.0202789000e-05 -5.5553704000e-05 -4.0314310000e-05 -3.4063876000e-05  4.4452105000e-05  5.4574976600e-04 -3.3636300690e-03 -2.3905737400e-04 -3.9435487000e-04  1.5890385830e-03  3.1635382200e-04 -1.4646357900e-04  6.8017106000e-05 -5.6899360000e-06  6.9617384000e-05 -1.5656001000e-05 -6.0116743000e-05  7.2908360000e-06  6.2529970000e-06 -1.2232892000e-05 -3.6606529000e-05  2.1270100000e-07 -4.2998440000e-06 -2.3286549000e-05  3.0383510000e-06  1.4499314000e-05 -4.2343903000e-05 -8.9810200000e-06 -2.5057245000e-05  7.6059313000e-05  6.6386812000e-05 -7.7484900000e-07 -1.7721357000e-05  5.1483859000e-05 -5.9144520000e-06  2.6939133700e-04  1.7882739000e-05  4.5312143000e-05 -5.9286121000e-05 -3.8407216000e-05

JOB 8
COORDS  1.6737113475e-01  1.7734554784e-03  1.5526526472e-02 -5.5818387347e-01 -1.2320259222e+00  1.6321293136e-01 -1.9750564946e+00 -1.2246775914e+00  1.6097100110e-01 -2.6858400504e+00  1.4610590190e-03 -9.7170782054e-04 -1.9738639731e+00  1.2270716315e+00 -1.6069740615e-01 -5.5694468526e-01  1.2334453982e+00 -1.5493721687e-01  1.6745619993e+00  2.9908545408e-04 -3.9032183200e-03  2.3854537055e+00 -1.1722420422e+00 -1.9045169127e-01  2.3902152161e+00  1.1665663414e+00  2.0074401947e-01 -2.6191151700e-02 -2.1898149527e+00  3.2270232524e-01 -2.5283274085e+00 -2.1753198762e+00  2.8978572676e-01 -3.7945083776e+00  1.4656559212e-03 -5.0245309175e-03 -2.5258932560e+00  2.1771388509e+00 -2.9870386304e-01 -2.3390018829e-02  2.1900595307e+00 -3.1641428440e-01  3.4372354105e+00 -1.1946335269e+00 -1.8714959171e-01  1.8845783794e+00 -2.0547154745e+00 -4.5918299281e-01  3.4414500193e+00  1.1926067523e+00  1.7286170672e-01  1.8908953359e+00  2.0533317408e+00  4.5755357637e-01
ENERGY -3.765416772748e+02
GRADIENT -1.9132959000e-05  1.6191422600e-04  3.2687240100e-03 -5.9393150000e-06 -2.5059167700e-04 -1.6569930810e-03  3.3184178000e-05  4.2604979000e-05 -8.4981300000e-07 -3.1564876000e-05 -1.0380250000e-06 -3.5598970000e-06  1.1911216000e-05 -1.4535470000e-05  5.3837540000e-06  1.7618977000e-05  3.6335425000e-05 -1.4377008000e-05 -8.1307486000e-05  2.7311007200e-04 -3.3121768240e-03  2.4760341000e-05 -2.2946799400e-04  1.6146218140e-03  5.1205661000e-05 -9.6660924000e-05  6.5967666000e-05 -4.2160670000e-06 -6.8109950000e-06  8.1591950000e-06  3.6373090000e-06  2.5802330000e-06  3.3842860000e-06 -3.3474500000e-06  1.9895490000e-06 -1.3857910000e-06  3.2380000000e-09 -2.5402700000e-06 -1.3484980000e-06 -3.0438750000e-06  1.3742100000e-06  4.8793460000e-06 -9.8577000000e-07  1.2436175000e-05  3.9791412000e-05 -4.5808770000e-06  1.6910590000e-06  4.4222040000e-05  8.9762200000e-07  7.4070509000e-05 -2.1693486000e-05  1.4394930000e-06 -7.7290560000e-06 -4.2421022000e-05

JOB 9
COORDS  1.6752052837e-01  2.1577138463e-03  1.5180386294e-02 -5.5791117460e-01 -1.2316562173e+00  1.6303569367e-01 -1.9747995515e+00 -1.2249539919e+00  1.6092019513e-01 -2.6854991998e+00  1.2381110765e-03 -9.6001737401e-04 -1.9739347172e+00  1.2270879395e+00 -1.6077366414e-01 -5.5701061059e-01  1.2336977768e+00 -1.5509564577e-01  1.6746814810e+00  7.6917003919e-04 -3.8664062526e-03  2.3850956483e+00 -1.1721947871e+00 -1.8995454312e-01  2.3904331679e+00  1.1669802350e+00  2.0068387935e-01 -2.5633904764e-02 -2.1893079291e+00  3.2235912263e-01 -2.5278831210e+00 -2.1757088363e+00  2.8975169935e-01 -3.7941630494e+00  1.0928704073e-03 -4.9073877260e-03 -2.5262000032e+00  2.1770325490e+00 -2.9870576969e-01 -2.3658465403e-02  2.1904193607e+00 -3.1661504600e-01  3.4368721328e+00 -1.1951293344e+00 -1.8752915354e-01  1.8838109638e+00 -2.0542322550e+00 -4.5941320256e-01  3.4417421101e+00  1.1905908461e+00  1.7361024111e-01  1.8921610177e+00  2.0541794916e+00  4.5813544424e-01
ENERGY -3.765416773325e+02
GRADIENT  2.9285225000e-05  1.3682053400e-04  3.2211577850e-03 -1.6170101000e-05 -1.2250336500e-04 -1.6467327310e-03 -6.1626701000e-05 -9.2026526000e-05  1.4085140000e-05  1.0120952300e-04  1.3268470000e-06 -6.2536600000e-07 -3.5379409000e-05  4.6603493000e-05 -6.6007780000e-06  1.5509260000e-05 -1.8938982000e-05  8.6704040000e-06  1.1542545300e-04  3.0149801200e-04 -3.3111041460e-03 -2.0127378000e-05 -2.7728084400e-04  1.6323577460e-03 -1.1226156800e-04  1.3758988000e-04  1.1606269500e-04 -3.4393680000e-06  1.5478120000e-06 -3.7775040000e-06 -1.9018700000e-06 -8.7689560000e-06  2.9176690000e-06  7.6463100000e-06 -3.6091590000e-06  1.9095600000e-07  2.5308520000e-06  6.6403290000e-06 -2.7266550000e-06 -1.4870784000e-05  5.5770060000e-06 -1.5439360000e-06 -8.6020000000e-06 -1.0152110000e-05  2.2847647000e-05 -9.0131800000e-07 -1.5300979000e-05  4.0016680000e-05 -7.7981590000e-06 -1.1632107300e-04 -5.3602281000e-05  1.9577980000e-06  2.6108019000e-05 -3.1229608000e-05

