JOB 0
COORDS  1.5207540000e-01  3.5437500000e-02  3.0936400000e-02 -5.6606110000e-01 -7.5482440000e-01  9.9026760000e-01 -1.9838780000e+00 -7.7204190000e-01  9.5464130000e-01 -2.6876167000e+00 -6.2556000000e-03 -2.1241700000e-02 -1.9727072000e+00  7.7396970000e-01 -9.7765300000e-01 -5.5470860000e-01  7.8781450000e-01 -9.6650470000e-01  1.6618212000e+00  1.1784900000e-02  2.4467800000e-02  2.3525513000e+00 -1.0368230000e-01 -1.1659371000e+00  2.3637427000e+00  4.2021600000e-02  1.2134673000e+00 -2.0298700000e-02 -1.3693402000e+00  1.7325455000e+00 -2.5426820000e+00 -1.3893333000e+00  1.6848073000e+00 -3.7958442000e+00 -2.0247900000e-02 -3.8875700000e-02 -2.5224314000e+00  1.3710029000e+00 -1.7311980000e+00 -2.7490000000e-04  1.4084559000e+00 -1.6972718000e+00  3.4034572000e+00 -6.2835100000e-02 -1.2216703000e+00  1.8175285000e+00 -1.8896500000e-01 -2.0668359000e+00  3.4119626000e+00 -4.6615900000e-02  1.2606778000e+00  1.8448883000e+00  1.8912340000e-01  2.1157564000e+00
ENERGY -3.765411544104e+02
GRADIENT -5.7167967000e-05  1.7919454510e-03  2.8928266120e-03  1.7719437400e-04 -2.3620745700e-03 -1.5042472890e-03  2.4737508000e-04  2.6798241500e-04 -3.4949031600e-04 -2.2225119700e-04 -1.9637661000e-05  1.5592743000e-05 -4.0660716000e-05  8.4238507000e-05 -1.2161143700e-04 -1.0685964300e-04 -1.0423065000e-04  1.6567811500e-04 -9.8734425000e-05  3.2223779140e-03 -1.2377588370e-03  7.9561403000e-05 -3.1024661880e-03  2.7529973700e-04  5.1229513000e-05  1.9740886500e-04 -2.4002325700e-04  5.5039052000e-05 -9.2341320000e-06  1.7501236000e-05  3.6768219000e-05  1.9710678000e-05 -1.9750613000e-05 -1.5108396000e-05  2.9228834000e-05 -3.2326497000e-05 -2.5843649000e-05 -4.2505560000e-06  6.6566200000e-07 -3.4057506000e-05  1.2510120000e-05  7.0761950000e-06  2.7927545000e-05  6.8154467000e-05  8.4450228000e-05 -1.7884055000e-05  4.5716354000e-05 -9.6816330000e-06 -4.0785180000e-06 -5.9217089000e-05  3.6640471000e-05 -2.5493862000e-05 -8.2170314000e-05 -4.1323600000e-06

JOB 1
COORDS  1.5317557844e-01  6.2579825815e-02  4.4034379232e-02 -5.6532491512e-01 -7.6482322708e-01  9.7159976313e-01 -1.9827151023e+00 -7.9870037993e-01  9.3276735544e-01 -2.6855355935e+00 -1.3016687352e-02 -2.7586397864e-02 -1.9724418898e+00  7.9579800696e-01 -9.6146824544e-01 -5.5472932760e-01  8.2495677536e-01 -9.4486868102e-01  1.6627881947e+00  3.3867918539e-02  3.1469498707e-02  2.3396292338e+00 -1.5697336758e-01 -1.1572355991e+00  2.3722721503e+00  8.9455681414e-02  1.2152549744e+00 -1.6679705460e-02 -1.3963689782e+00  1.6971661970e+00 -2.5384125508e+00 -1.4420290089e+00  1.6426473898e+00 -3.7934249560e+00 -3.6542595783e-02 -5.2936255915e-02 -2.5245986652e+00  1.4033200219e+00 -1.7047566600e+00 -3.0708963209e-03  1.4644995753e+00 -1.6613366557e+00  3.3903982777e+00 -1.4190587023e-01 -1.2262582880e+00  1.7934449851e+00 -2.7894151695e-01 -2.0471314738e+00  3.4189791429e+00 -1.7262951341e-02  1.2584372623e+00  1.8626353613e+00  2.7831903246e-01  2.1150177064e+00
ENERGY -3.765402991039e+02
GRADIENT  2.2103716570e-03  2.3079471490e-03  4.5842206770e-03 -1.3398179180e-03 -1.8935552310e-03 -3.6718971300e-03 -4.2777961700e-04 -1.0376415100e-03  1.3206801550e-03  5.5712199700e-04  1.1349225900e-04 -8.5069634000e-05  2.8318190000e-04 -1.2098682400e-04  1.2782279500e-04 -1.1490598400e-04 -2.8851476600e-04 -6.9261572600e-04 -6.5703666600e-04  6.5937755690e-03 -2.2929237520e-03 -2.3181403400e-04 -4.0837262340e-03  2.5497742100e-04  2.5067724300e-04 -4.0629697300e-04  6.7970893700e-04 -2.7704121700e-04 -2.5453813200e-04 -2.5330120900e-04 -1.5212962600e-04 -3.9086910000e-06  7.3078118000e-05  1.6080829000e-05 -9.6445872000e-05  8.0460295000e-05  5.5218336000e-05  3.8241574000e-05  1.0053403000e-05 -8.0762740000e-05  1.6743559000e-05 -5.6220538000e-05 -2.5406404200e-04 -1.0163428800e-04 -2.6729339000e-05  2.2272103000e-04 -3.4716549600e-04  1.5029961300e-04 -2.0927915200e-04 -1.6867640600e-04 -1.1759628600e-04  1.7573042300e-04 -2.7233283200e-04 -1.1008988500e-04

JOB 2
COORDS  1.4933768468e-01  6.7478231969e-02  5.4450475790e-02 -5.5864019663e-01 -7.8500243861e-01  9.6608844041e-01 -1.9758219552e+00 -8.1314502408e-01  9.0942275560e-01 -2.6862919459e+00 -1.3512838221e-02 -3.3816159929e-02 -1.9750856023e+00  8.1669762714e-01 -9.4961664176e-01 -5.5740160731e-01  8.4551485399e-01 -9.2283240410e-01  1.6599632540e+00  3.4287665751e-02  3.2422259071e-02  2.3320133084e+00 -2.0009871178e-01 -1.1510063854e+00  2.3739182815e+00  1.2560682307e-01  1.2108196521e+00 -1.0163365012e-02 -1.4270849121e+00  1.6828090630e+00 -2.5331230874e+00 -1.4723984036e+00  1.6029897417e+00 -3.7940173283e+00 -4.2848464841e-02 -6.0591671255e-02 -2.5255804703e+00  1.4364837316e+00 -1.6839755751e+00 -2.2842405857e-03  1.4975617276e+00 -1.6252299410e+00  3.3828456599e+00 -1.9228181428e-01 -1.2249970543e+00  1.7810442108e+00 -3.4183887901e-01 -2.0353140523e+00  3.4209099746e+00  2.0212612762e-02  1.2567198990e+00  1.8668887743e+00  3.5201579170e-01  2.1037109892e+00
ENERGY -3.765396930051e+02
GRADIENT -1.7862467000e-05  2.6851645080e-03  5.7746830040e-03  1.2089744570e-03 -5.0460859390e-03 -5.1689496600e-04  1.9986540800e-03  1.9040237080e-03 -2.0974199240e-03 -1.4183947960e-03 -8.3971124000e-05  8.6597290000e-05  3.7651907000e-05  3.7584280300e-04 -5.8780817100e-04 -4.3544228700e-04 -6.3939226700e-04 -2.8139701500e-04 -1.9040165630e-03  6.1002010210e-03 -2.8767359680e-03  3.0535101600e-04 -4.2351781260e-03  6.3611326300e-04  3.2010717300e-04 -5.0878910600e-04  6.2575853000e-05  1.9620957800e-04 -3.6501862600e-04  4.7706453000e-05  2.4260769900e-04  1.3926354200e-04 -1.1464997400e-04 -1.3554723300e-04  1.8026150700e-04 -2.0550998900e-04 -1.1752685300e-04 -2.7090577000e-05  1.4308088000e-05 -2.2106786900e-04  1.2387543200e-04 -5.8530072000e-05 -1.1818529600e-04 -1.1713332400e-04 -7.5614647000e-05  1.2791661300e-04 -2.9131549400e-04  1.5565091100e-04 -1.3337200500e-04 -1.2680586300e-04  9.8130499000e-05  8.2855669000e-05 -7.0269277000e-05 -7.2890611000e-05

JOB 3
COORDS  1.4880986386e-01  8.1790061420e-02  6.0984526718e-02 -5.6228620901e-01 -8.0140245014e-01  9.3990188111e-01 -1.9796788610e+00 -8.4404286442e-01  8.8658603862e-01 -2.6859775454e+00 -1.8332828654e-02 -3.6122275561e-02 -1.9761349879e+00  8.4180604026e-01 -9.2492271647e-01 -5.5831735936e-01  8.8043913574e-01 -8.9794895466e-01  1.6616247394e+00  3.8542547463e-02  3.2312489808e-02  2.3282567638e+00 -2.6467871326e-01 -1.1380351374e+00  2.3794312856e+00  1.7841847127e-01  1.2029285118e+00 -9.5271679044e-03 -1.4568806958e+00  1.6407861598e+00 -2.5334411140e+00 -1.5278313701e+00  1.5591307359e+00 -3.7933079196e+00 -5.1427359501e-02 -6.8674437648e-02 -2.5292951675e+00  1.4778102841e+00 -1.6432023442e+00 -4.5515649687e-03  1.5520835115e+00 -1.5827220260e+00  3.3794318050e+00 -2.7046016883e-01 -1.2129824881e+00  1.7735670783e+00 -4.3429213861e-01 -2.0155315379e+00  3.4263155567e+00  7.0292246910e-02  1.2525305484e+00  1.8759706245e+00  4.5710859628e-01  2.0833917265e+00
ENERGY -3.765387434718e+02
GRADIENT  1.7884745730e-03  3.3092298070e-03  7.5282210620e-03 -8.3483378800e-04 -3.1558448650e-03 -3.7054515320e-03 -3.0296472000e-05 -4.0932303900e-04  2.1450223600e-04  1.9679409500e-04  8.8934510000e-05  4.1919342000e-05  7.9961239000e-05 -4.7487304000e-05 -1.0561514500e-04 -3.3169617800e-04 -5.2986682700e-04 -7.1527120500e-04 -1.8495790110e-03  6.5172582910e-03 -4.2951052710e-03  7.3042693800e-04 -4.6008263230e-03  1.0663892700e-03  3.8120478100e-04 -8.2366265000e-04 -3.6296334600e-04 -1.1053197000e-05 -9.3270297000e-05 -1.0434887400e-04 -6.8448595000e-05 -2.3789441000e-05 -1.2355350000e-05 -1.0532220000e-06 -1.7952230000e-06  4.1559599000e-05 -9.5894230000e-06 -3.2938620000e-05 -2.5073081000e-05  5.2201932000e-05  1.1188423100e-04  8.9342427000e-05  6.0247540000e-06 -1.1327194300e-04  1.4239254200e-04 -6.2053180000e-06 -2.3217202700e-04  1.4002794200e-04 -9.7673931000e-05 -1.1934390800e-04  1.5468666000e-04  1.1671159000e-05  1.6447741500e-04 -7.9901685000e-05

JOB 4
COORDS  1.4818455961e-01  7.1704981747e-02  5.6654990443e-02 -5.6252977882e-01 -8.1174966521e-01  9.3477772139e-01 -1.9802938643e+00 -8.4909516184e-01  8.8217243059e-01 -2.6836462793e+00 -1.7243835426e-02 -3.7215659147e-02 -1.9715992342e+00  8.4624832601e-01 -9.2107751950e-01 -5.5350192307e-01  8.8101726903e-01 -8.9637447809e-01  1.6628984952e+00  3.1010708428e-02  3.6516647491e-02  2.3221133715e+00 -2.7543189474e-01 -1.1367622528e+00  2.3791569935e+00  1.8959464185e-01  1.2058035247e+00 -1.0632824057e-02 -1.4674553773e+00  1.6360716842e+00 -2.5360668576e+00 -1.5327486115e+00  1.5531826781e+00 -3.7910538154e+00 -4.6521976968e-02 -6.9585311412e-02 -2.5236142509e+00  1.4885616953e+00 -1.6345897088e+00  2.7642646182e-03  1.5544622404e+00 -1.5772575359e+00  3.3726752174e+00 -2.7592764101e-01 -1.2209979093e+00  1.7613035624e+00 -4.4420088280e-01 -2.0107102502e+00  3.4275019093e+00  9.3700362738e-02  1.2529066985e+00  1.8742136913e+00  4.7197188208e-01  2.0843618773e+00
ENERGY -3.765387826037e+02
GRADIENT  8.4733046000e-05  3.0690069400e-03  5.4973800900e-03 -7.8938713000e-05 -3.5732014510e-03 -3.3613569520e-03 -1.2411398000e-04 -2.0164233500e-04  2.0685589800e-04  1.3151702000e-04 -2.4278700000e-07 -1.1341068000e-05  2.7588665500e-04 -1.4841011700e-04  2.5637465800e-04  2.3769673200e-04  1.9654782900e-04 -9.7495914200e-04  7.6846436000e-05  5.3252159440e-03 -3.1240179020e-03 -8.1565727200e-04 -4.5259112420e-03  4.1402534800e-04  2.4857670000e-05 -2.1021433300e-04  1.0139041860e-03 -5.3097640000e-06  1.2616783000e-05  4.9064583000e-05  4.0076680000e-06 -2.6103956000e-05  2.5458451000e-05  4.2780690000e-06 -4.2258251000e-05  4.6099661000e-05  5.2282871000e-05 -2.6769612000e-05 -1.6018318000e-05  8.8023019000e-05  9.3156084000e-05  3.8278086000e-05 -1.0235856900e-04 -5.8472533000e-05  1.3111766900e-04  7.3750245000e-05 -6.2638342000e-05 -7.6381275000e-05 -2.1960861000e-05 -5.7836207000e-05 -1.2947415500e-04  9.9102847000e-05  2.4495680500e-04  2.7703226000e-05

JOB 5
COORDS  1.4863207813e-01  6.0116346831e-02  4.9135605074e-02 -5.6379812594e-01 -8.2048837313e-01  9.2770487946e-01 -1.9822157008e+00 -8.5037842961e-01  8.7994380346e-01 -2.6875790860e+00 -1.3224796423e-02 -3.3056549157e-02 -1.9752951486e+00  8.5144617760e-01 -9.1529724592e-01 -5.5667412837e-01  8.7736593143e-01 -8.9348125198e-01  1.6655399812e+00  2.3231095012e-02  3.1570034885e-02  2.3342343816e+00 -2.8469176738e-01 -1.1354073121e+00  2.3754241442e+00  1.9901281085e-01  1.2014215566e+00 -1.3062613850e-02 -1.4788495177e+00  1.6272891625e+00 -2.5379902071e+00 -1.5332245115e+00  1.5517400014e+00 -3.7952008908e+00 -3.7960397202e-02 -6.0696767948e-02 -2.5261949551e+00  1.5007537986e+00 -1.6233739529e+00 -6.0822444709e-04  1.5513268111e+00 -1.5737836265e+00  3.3850567020e+00 -2.7605225963e-01 -1.2181031573e+00  1.7778002288e+00 -4.5779118267e-01 -2.0113542782e+00  3.4247723546e+00  1.1734326224e-01  1.2550659092e+00  1.8621221667e+00  4.7799889120e-01  2.0762172672e+00
ENERGY -3.765388011884e+02
GRADIENT  2.1637947200e-04  2.9339704110e-03  5.1845243130e-03 -4.4477443000e-05 -3.1724310700e-03 -3.5676226630e-03 -4.2169175000e-05  1.2563090900e-04 -5.4963084000e-05 -1.4094239500e-04 -1.1230666700e-04  5.4337450000e-06 -1.3222460800e-04  3.9870135600e-04 -3.1113049000e-04 -4.6985328400e-04 -6.3476912500e-04  5.2354763500e-04  4.6065053700e-04  4.5316939930e-03 -3.1217937690e-03  1.7543161300e-04 -4.2790374140e-03  1.4769977850e-03 -5.8806992000e-05 -2.2364636600e-04  1.5534400000e-07  6.8359315000e-05  1.9946225600e-04  4.7040484000e-05 -1.2608032000e-05  1.1137693000e-05 -9.1870410000e-06  9.2396700000e-07  1.8889283000e-05 -3.2002826000e-05 -9.8410814000e-05 -1.3050621000e-05 -2.3964390000e-06  4.9785300000e-07 -3.7865425000e-05  1.5294635600e-04  1.7598479000e-05 -9.5244543000e-05 -2.9193474900e-04 -2.3008124000e-05  4.9939150000e-05  5.1194673000e-05  5.6819906000e-05  1.3234727200e-04  1.0015704000e-05  2.5962566000e-05  1.7568220600e-04 -4.5232803000e-05

JOB 6
COORDS  1.4685414928e-01  5.8989131919e-02  4.5859028243e-02 -5.6277364632e-01 -8.2137330381e-01  9.2723207501e-01 -1.9811070625e+00 -8.5024367836e-01  8.8207215719e-01 -2.6862909513e+00 -1.1984941402e-02 -2.9969477352e-02 -1.9745592959e+00  8.5124724884e-01 -9.1397465162e-01 -5.5597664360e-01  8.7823031740e-01 -8.9696289074e-01  1.6632676446e+00  2.4005217081e-02  2.8029435048e-02  2.3360646515e+00 -2.8513567369e-01 -1.1361800777e+00  2.3709253683e+00  1.9981661140e-01  1.1989613081e+00 -1.0940736093e-02 -1.4811222520e+00  1.6247327182e+00 -2.5365624206e+00 -1.5325180295e+00  1.5547005281e+00 -3.7939932767e+00 -3.5183565869e-02 -5.5819459473e-02 -2.5267833131e+00  1.5006534893e+00 -1.6208706076e+00 -6.6765997006e-04  1.5512418878e+00 -1.5789877171e+00  3.3874704986e+00 -2.7296213115e-01 -1.2105845983e+00  1.7849620445e+00 -4.6074037236e-01 -2.0150183033e+00  3.4200396502e+00  1.1771653811e-01  1.2556255460e+00  1.8548864438e+00  4.7361257088e-01  2.0737735065e+00
ENERGY -3.765388063671e+02
GRADIENT -7.8222014400e-04  2.6650037120e-03  5.3809793140e-03  1.5088733600e-04 -3.3940352580e-03 -3.0614189060e-03  9.3575000000e-06  1.0373985900e-04 -6.0710224000e-05 -1.2164465100e-04 -4.6411016000e-05  4.3324450000e-06  2.4143416300e-04 -2.2088062600e-04  2.6377980900e-04  3.2595423800e-04  3.2872711900e-04 -3.4039266000e-04  2.3173455500e-04  5.0926611830e-03 -3.3226728130e-03  3.1239523000e-05 -4.4869530550e-03  1.2443313900e-03 -1.4900666200e-04 -3.3242131500e-04 -3.8861019600e-04 -1.1630133000e-05  4.1523770000e-05  9.0264717000e-05  1.9386461000e-05 -9.0183000000e-07 -3.2245150000e-06 -8.8247500000e-06 -1.2587558000e-05  7.7026030000e-06  3.9430379000e-05 -5.5929290000e-06  1.2863678000e-05  1.3819877000e-05  7.0615447000e-05 -1.1410231000e-05  7.3235130000e-05  3.7359340000e-05  1.6602175500e-04 -6.8521751000e-05 -3.5549912000e-05  2.0848925000e-05  2.2923838000e-05  1.3701087700e-04  4.3606581000e-05 -1.8435024000e-05  6.8216186000e-05 -2.9665691000e-05

JOB 7
COORDS  1.4823474717e-01  6.0207172064e-02  4.7529579576e-02 -5.6278414438e-01 -8.1981425929e-01  9.2822309722e-01 -1.9810143725e+00 -8.4954964641e-01  8.8192623520e-01 -2.6856373298e+00 -1.1989409315e-02 -3.1263531112e-02 -1.9744204104e+00  8.5047856138e-01 -9.1633091063e-01 -5.5582650354e-01  8.7699583984e-01 -8.9674035468e-01  1.6640822850e+00  2.6506525213e-02  3.0110645474e-02  2.3328061052e+00 -2.8290592359e-01 -1.1365684774e+00  2.3735301934e+00  1.9937236592e-01  1.2007561011e+00 -1.1609705843e-02 -1.4804567461e+00  1.6254008136e+00 -2.5367985667e+00 -1.5318464198e+00  1.5542789662e+00 -3.7933071927e+00 -3.5818253018e-02 -5.7751030967e-02 -2.5260673375e+00  1.4986572759e+00 -1.6248309334e+00 -2.9179241544e-04  1.5489242594e+00 -1.5796277318e+00  3.3838999008e+00 -2.7223899867e-01 -1.2144458506e+00  1.7789139765e+00 -4.5754943583e-01 -2.0138119261e+00  3.4223757067e+00  1.1311451079e-01  1.2553623207e+00  1.8593817320e+00  4.7062644158e-01  2.0774625801e+00
ENERGY -3.765388095803e+02
GRADIENT  1.8149615400e-04  2.4975364540e-03  5.1986309060e-03 -8.3550161000e-05 -3.1585939500e-03 -3.2529048660e-03 -8.1539391000e-05 -5.4726474000e-05  8.5745972000e-05  2.7393774300e-04 -3.8681020000e-06  2.5024488000e-05 -1.3639953000e-04  1.3295836300e-04 -1.4679204200e-04 -2.1443049000e-05 -1.0535895100e-04  6.4525304000e-05  3.6333762800e-04  5.4840145820e-03 -3.1593493660e-03 -3.9697648200e-04 -4.5971684020e-03  9.2740726900e-04 -7.1500889000e-05 -2.1623680900e-04  1.7352756300e-04 -2.0565850000e-05 -1.9627132000e-05 -3.1567900000e-06  4.8129210000e-06 -1.2153701000e-05  1.0737236000e-05  1.9141866000e-05  3.7601460000e-06 -1.2634412000e-05 -2.9585570000e-06  1.6343107000e-05 -1.1791906000e-05 -2.5480933000e-05 -1.9667960000e-06 -1.5475716000e-05 -2.3284781000e-05  1.6359681000e-05  1.6382880600e-04  1.2676477000e-05 -7.3624984000e-05 -1.4223732000e-05 -1.2763668000e-05  6.7876194000e-05 -2.3808997000e-05  2.1812806000e-05  3.3447497000e-05  6.5635760000e-06

JOB 8
COORDS  1.4851751527e-01  5.9805750877e-02  4.7380115898e-02 -5.6314758349e-01 -8.1997196132e-01  9.2772920324e-01 -1.9814196435e+00 -8.4953098392e-01  8.8127772650e-01 -2.6868890384e+00 -1.2017730082e-02 -3.1313500308e-02 -1.9740157361e+00  8.5001116707e-01 -9.1549933803e-01 -5.5536550266e-01  8.7702109413e-01 -8.9658757431e-01  1.6644504001e+00  2.5754700407e-02  3.0125128579e-02  2.3336024872e+00 -2.8365530787e-01 -1.1363955097e+00  2.3737718167e+00  2.0032444510e-01  1.2006258501e+00 -1.2201562643e-02 -1.4809025949e+00  1.6248073050e+00 -2.5370133359e+00 -1.5319878597e+00  1.5536107792e+00 -3.7945822564e+00 -3.5527456221e-02 -5.7907872879e-02 -2.5253255967e+00  1.4984965381e+00 -1.6239512990e+00  1.0270067252e-04  1.5490262064e+00 -1.5794483322e+00  3.3844700679e+00 -2.7341097158e-01 -1.2176017138e+00  1.7784147845e+00 -4.5710753099e-01 -2.0130352869e+00  3.4225338339e+00  1.1311110728e-01  1.2556775841e+00  1.8593319438e+00  4.7152658667e-01  2.0771822542e+00
ENERGY -3.765388100210e+02
GRADIENT  1.5333546300e-04  2.4910896250e-03  5.2480894800e-03 -1.0722785400e-04 -3.1215030330e-03 -3.2376502900e-03  1.0072279500e-04  8.2063134000e-05 -8.7590032000e-05 -3.5752405300e-04  5.4413430000e-06 -8.1196000000e-06  1.5416202900e-04 -1.9680574800e-04  2.0572216100e-04  1.0965313600e-04  8.9842022000e-05 -9.5194085000e-05  6.8805900000e-06  5.3170286130e-03 -3.2631498440e-03 -2.4621064000e-05 -4.4915072420e-03  1.2560672210e-03 -4.1703705000e-05 -1.3980131800e-04  1.7212486500e-04  5.0084370000e-06 -6.0760880000e-06 -1.5428878000e-05 -1.6621672000e-05  1.5203445000e-05 -1.9723570000e-05 -2.8094265000e-05 -8.5189760000e-06  6.8443450000e-06  2.1108850000e-06 -2.2597454000e-05  2.2675063000e-05  2.8423735000e-05 -1.3216486000e-05 -7.3706130000e-06 -2.6643757000e-05 -7.2835114000e-05 -1.7158736400e-04  2.4260573000e-05 -1.5904475000e-05  3.0584836000e-05  3.7380800000e-06  4.4137003000e-05 -1.8424421000e-05  1.4877658000e-05  5.2828963000e-05 -2.2666390000e-06

