JOB 0
COORDS  1.5393880000e-01 -3.5850300000e-02 -3.2587700000e-02 -5.6375910000e-01 -1.1299351000e+00  5.4654540000e-01 -1.9836586000e+00 -1.0954340000e+00  5.6034290000e-01 -2.6789283000e+00  1.7726000000e-02  6.3250000000e-03 -1.9568314000e+00  1.1107117000e+00 -5.5423790000e-01 -5.3672870000e-01  1.1006934000e+00 -5.6159800000e-01  1.6791594000e+00 -2.8740200000e-02  7.2718000000e-03  2.3968926000e+00 -8.4927120000e-01 -8.3568850000e-01  2.3389461000e+00  8.6013600000e-01  8.2773250000e-01 -2.0315200000e-02 -1.9904196000e+00  9.8270840000e-01 -2.5466673000e+00 -1.9371879000e+00  1.0084489000e+00 -3.7867205000e+00  3.6236800000e-02  1.6156200000e-02 -2.4995279000e+00  1.9762280000e+00 -9.8174700000e-01  2.7600200000e-02  1.9498518000e+00 -9.9332160000e-01  3.4499464000e+00 -9.1010400000e-01 -8.2219300000e-01  1.8778869000e+00 -1.5097813000e+00 -1.4702575000e+00  3.3895188000e+00  9.4815480000e-01  8.5955400000e-01  1.7772189000e+00  1.4759306000e+00  1.4705707000e+00
ENERGY -3.765360491734e+02
GRADIENT  2.7425736300e-04 -1.3845653130e-03 -6.1831275040e-03 -1.3086386700e-04  1.8674635420e-03  3.3327412060e-03  7.8669290000e-06  2.1738024000e-05 -2.4065650000e-06 -3.0106572000e-05 -2.4135140000e-06 -1.8907950000e-06 -7.8757490000e-06 -1.3522840000e-06  7.5006270000e-06 -5.1185429000e-05 -6.1319064000e-05  2.8848490000e-06 -1.9302774000e-05 -3.3605071100e-03  5.6954115130e-03 -8.7269909000e-05  2.8344713050e-03 -2.9829201270e-03  6.6474222000e-05  3.9610467000e-05 -1.0019141300e-04  4.0501850000e-06  8.0661850000e-06  4.7726640000e-06 -2.1779190000e-06  4.2540550000e-06 -1.5556110000e-06 -1.7779920000e-06  1.0721340000e-06 -1.1522620000e-06 -5.4989820000e-06 -3.7532090000e-06 -1.1414890000e-06  3.3623750000e-06 -4.2617330000e-06  8.6820660000e-06  2.5951970000e-06  9.4166825000e-05  1.4883781400e-04 -2.2749460000e-06 -3.8246487000e-05 -2.5344590000e-06 -3.4821480000e-06  1.8385989000e-05  5.8742237000e-05  5.4654670000e-06 -1.9897192000e-05  1.5139000000e-05

JOB 1
COORDS  1.5435879311e-01 -5.4113963599e-02 -4.3679955236e-02 -5.6922886822e-01 -1.1238139138e+00  5.7264213182e-01 -1.9888090567e+00 -1.0802032055e+00  5.8987278517e-01 -2.6785108746e+00  2.2605397597e-02  8.9537846931e-03 -1.9508567591e+00  1.0974892714e+00 -5.7869728070e-01 -5.3090809087e-01  1.0777287680e+00 -5.8969370666e-01  1.6789763435e+00 -4.4718103338e-02  1.3214338738e-02  2.4064083003e+00 -8.1068503104e-01 -8.7178827417e-01  2.3272305278e+00  8.2535845889e-01  8.6243983510e-01 -3.0047195069e-02 -1.9741685099e+00  1.0332871015e+00 -2.5556097963e+00 -1.9055662194e+00  1.0629980350e+00 -3.7861109940e+00  4.8851448118e-02  2.1799453081e-02 -2.4889632964e+00  1.9573349737e+00 -1.0231137560e+00  3.7556588102e-02  1.9149907910e+00 -1.0388954948e+00  3.4601427586e+00 -8.5999343974e-01 -8.6691915607e-01  1.8932578026e+00 -1.4431823516e+00 -1.5387687494e+00  3.3766233913e+00  9.2614480511e-01  8.9534749040e-01  1.7582217781e+00  1.4124264210e+00  1.5254466974e+00
ENERGY -3.765350705001e+02
GRADIENT  1.9999757790e-03 -1.5404850580e-03 -9.0928720250e-03 -4.1517423200e-04  2.0813137760e-03  3.4141960070e-03  1.6163480400e-04 -1.4888661600e-04  2.0571321300e-04 -5.6440200000e-07  1.5237160000e-05 -7.3829890000e-05  1.1194991200e-04  2.6249994700e-04 -5.9984492000e-05 -5.3689426500e-04  2.9642561100e-04  1.1018485590e-03 -1.2519353740e-03 -5.8853893580e-03  8.5823154810e-03  1.0441239000e-04  3.4886195410e-03 -3.0200190070e-03  7.2710926000e-05  1.0012012780e-03 -5.4526463400e-04  8.8018990000e-06  1.0494564200e-04  1.7508233400e-04 -1.7399006000e-05  3.6119730000e-06  2.6622125000e-05 -2.0500193000e-05 -1.0177558000e-05  2.0543940000e-06 -4.0837385000e-05 -3.8466498000e-05 -4.4184137000e-05  1.2310865000e-05  1.0847741000e-05  4.8946136000e-05 -1.6161589000e-04 -1.5479090200e-04 -1.1432636500e-04  7.3424157000e-05  3.3953193600e-04 -1.4631959800e-04 -1.4319984600e-04  1.1702682200e-04 -2.4740959900e-04  6.3236549000e-05  8.2692105000e-05 -1.8759519200e-04

JOB 2
COORDS  1.5217343432e-01 -6.1451855722e-02 -4.9618418685e-02 -5.7120634726e-01 -1.1154982814e+00  5.9313849422e-01 -1.9906613638e+00 -1.0672492133e+00  6.1263247633e-01 -2.6784436958e+00  2.6026179959e-02  1.1991886743e-02 -1.9492134784e+00  1.0870016087e+00 -5.9841624617e-01 -5.2934609952e-01  1.0634746972e+00 -6.1406009699e-01  1.6777595925e+00 -5.0154908780e-02  9.8700915532e-03  2.4121451896e+00 -7.7994653690e-01 -8.9959618259e-01  2.3202491455e+00  7.9478082711e-01  8.8815978284e-01 -3.2848151960e-02 -1.9580572737e+00  1.0688456074e+00 -2.5586988793e+00 -1.8812275149e+00  1.1036282757e+00 -3.7858845725e+00  5.6161197478e-02  2.7583136001e-02 -2.4861645064e+00  1.9402105507e+00 -1.0567807200e+00  4.0540662702e-02  1.8904003450e+00 -1.0803198380e+00  3.4663409095e+00 -8.2167952580e-01 -8.9674231990e-01  1.9038601459e+00 -1.3953399555e+00 -1.5861280580e+00  3.3692920396e+00  8.9795827035e-01  9.2770385993e-01  1.7472382100e+00  1.3557059314e+00  1.5702260692e+00
ENERGY -3.765345769159e+02
GRADIENT  1.5622994050e-03 -1.6365423010e-03 -9.5201378170e-03 -3.0288300000e-04  1.7308369510e-03  3.5766861390e-03  2.7466455000e-04 -8.0681186000e-05  1.3777917800e-04 -8.0022326000e-05  6.2742070000e-06 -5.6978298000e-05  3.4645275000e-04  2.0205856000e-05  5.8146100000e-07 -3.1937267000e-04  1.1223756130e-03  1.4118484270e-03 -1.9821320140e-03 -6.2623114310e-03  8.5281549390e-03  6.2059886700e-04  3.5835846300e-03 -2.6663734510e-03  5.4664997000e-05  1.1737140620e-03 -8.3844618100e-04  1.4305562000e-05  6.7971615000e-05  2.0750474900e-04  4.8246210000e-06  1.3311329000e-05  3.4609035000e-05 -3.0262429000e-05 -1.5321182000e-05  1.1865975000e-05 -1.3120020000e-06 -5.0364401000e-05 -5.5505890000e-05  3.0893721000e-05  4.9631360000e-05 -8.2484030000e-06 -1.2453534800e-04 -2.8912526600e-04 -1.9132383800e-04  4.5067805000e-05  3.5887287000e-04 -8.1167958000e-05 -1.4516042400e-04  1.7401181900e-04 -3.4498165500e-04  4.1366142000e-05  2.9526062000e-05 -1.3300037500e-04

JOB 3
COORDS  1.5311201691e-01 -6.8574140101e-02 -5.3845881273e-02 -5.7441629681e-01 -1.0952254418e+00  6.2684799452e-01 -1.9940714114e+00 -1.0441183285e+00  6.4780388303e-01 -2.6825055193e+00  2.9552728127e-02  1.4369381166e-02 -1.9520378102e+00  1.0672009960e+00 -6.3257774372e-01 -5.3203501086e-01  1.0365638322e+00 -6.5170743283e-01  1.6810329413e+00 -5.2906998745e-02  5.2385209018e-03  2.4181612784e+00 -7.2525159866e-01 -9.4492990602e-01  2.3212736759e+00  7.4310965000e-01  9.2964744250e-01 -3.7966362034e-02 -1.9241977719e+00  1.1277496248e+00 -2.5618308644e+00 -1.8408079188e+00  1.1666748814e+00 -3.7897589892e+00  6.2994000303e-02  3.2765554403e-02 -2.4870505999e+00  1.9077497866e+00 -1.1159733494e+00  3.7528968785e-02  1.8467907004e+00 -1.1465835962e+00  3.4729757433e+00 -7.5251690708e-01 -9.3953754082e-01  1.9170809279e+00 -1.3124963139e+00 -1.6611346002e+00  3.3702313031e+00  8.4366693837e-01  9.8140186082e-01  1.7456064186e+00  1.2603489443e+00  1.6434576778e+00
ENERGY -3.765340331437e+02
GRADIENT  3.3410538360e-03 -2.3025084430e-03 -9.7127566220e-03 -1.1182712400e-03  2.4466648650e-03  2.7234407350e-03  1.1171996100e-04 -3.7253641000e-05  1.1961495400e-04 -1.3259038800e-04 -4.4493471000e-05  1.8206900000e-07 -1.4695539000e-05  3.7726313500e-04 -2.8353095200e-04 -1.3477340440e-03  4.3863880800e-04  2.7756027310e-03 -1.0288448780e-03 -6.0657023320e-03  8.3446797100e-03 -8.5533330000e-06  2.9356609060e-03 -3.0028825500e-03  5.6317070200e-04  1.5638276720e-03 -1.2865669620e-03  7.4465032000e-05  1.7332834300e-04  7.3448221000e-05 -9.5581241000e-05  7.5611152000e-05  4.0623519000e-05 -3.2816559000e-05  2.5653531000e-05 -5.8410750000e-06 -1.4591766000e-04 -6.0485233000e-05 -4.2592059000e-05  3.5246227000e-05 -1.4264738400e-04  3.0620861000e-05 -1.1064875300e-04  1.1951923000e-04  6.1777322100e-04  1.1694422000e-05  1.8626883300e-04 -1.4301552800e-04 -1.4146095700e-04  4.0221786900e-04 -1.9060650400e-04  5.1566435000e-05 -8.9084354000e-05 -6.8090121000e-05

JOB 4
COORDS  1.4505837693e-01 -4.7119807258e-02 -3.9609067876e-02 -5.6443193203e-01 -1.0804191611e+00  6.4908836269e-01 -1.9842871679e+00 -1.0389572468e+00  6.6123391083e-01 -2.6739405761e+00  2.3709107595e-02  1.0438874859e-02 -1.9514345558e+00  1.0573793137e+00 -6.5223543093e-01 -5.3136444044e-01  1.0432592254e+00 -6.7240575370e-01  1.6745014542e+00 -3.3153950912e-02  1.5056986602e-03  2.4011555161e+00 -7.0181295498e-01 -9.5910871665e-01  2.3247372220e+00  7.1990295945e-01  9.5409400344e-01 -2.0267983278e-02 -1.9009150384e+00  1.1558079279e+00 -2.5498942076e+00 -1.8343197507e+00  1.1844255536e+00 -3.7814229490e+00  4.9301380298e-02  2.3600548422e-02 -2.4940333817e+00  1.8838267554e+00 -1.1510814320e+00  3.5968168638e-02  1.8454121802e+00 -1.1831058666e+00  3.4554755689e+00 -7.4579485174e-01 -9.7313852404e-01  1.8846295773e+00 -1.2740594184e+00 -1.6765054254e+00  3.3757030581e+00  7.9309822240e-01  1.0135595364e+00  1.7569303318e+00  1.2220728412e+00  1.6849878639e+00
ENERGY -3.765343366962e+02
GRADIENT -2.9898724280e-03 -2.0295721710e-03 -5.9746685610e-03  7.8844856100e-04 -4.1040955500e-04  3.4795927930e-03  2.5062427300e-04  4.7574655000e-05 -1.2725983900e-04  3.9366178200e-04  5.2127720000e-06  6.0620996000e-05  8.6818960300e-04 -1.1019663660e-03  4.8904853900e-04  1.7105531880e-03  3.8846980820e-03 -5.9610907000e-05 -2.4845580630e-03 -3.3612056730e-03  4.2466380630e-03  1.1563721490e-03  2.8777972610e-03 -1.1473621490e-03 -1.5457228800e-04  1.4144830940e-03 -4.2772703300e-04 -8.2983215000e-05 -3.2743618400e-04  1.0490493600e-04  1.7594633900e-04 -3.0037656000e-05  7.8854197000e-05  9.5882500000e-06 -5.9348073000e-05  3.8444036000e-05  3.0435876100e-04  1.7596788000e-05 -4.7375370000e-05  4.0944228000e-05  2.2625453700e-04 -3.6701698300e-04 -4.2733440000e-06 -7.6879017600e-04 -5.0609822800e-04  1.2870790000e-05 -1.4464856700e-04  2.3333773800e-04  8.6119970000e-06 -1.5305040000e-05 -2.9782180000e-04  7.1551660000e-06 -2.1989979000e-04  2.2615502400e-04

JOB 5
COORDS  1.5178172218e-01 -7.7883257156e-03 -7.6011423513e-03 -5.5633990417e-01 -1.0379043980e+00  6.8309089961e-01 -1.9777725119e+00 -1.0209518640e+00  6.7773726052e-01 -2.6838136726e+00  1.2426800048e-02 -2.2794488765e-03 -1.9708176714e+00  1.0368937128e+00 -6.8844626937e-01 -5.4943700566e-01  1.0324314255e+00 -6.9259858611e-01  1.6855950616e+00  2.7093658232e-03 -2.7955517347e-04  2.3804239496e+00 -6.6188935060e-01 -9.8566985181e-01  2.3615616787e+00  6.7377733748e-01  9.9389842200e-01 -7.3806208881e-03 -1.8438294955e+00  1.2070653859e+00 -2.5339435268e+00 -1.8176145226e+00  1.2090536099e+00 -3.7915987816e+00  1.8348747771e-02  2.8852518536e-04 -2.5180946792e+00  1.8406066494e+00 -1.2185835023e+00  8.5872720866e-03  1.8242518024e+00 -1.2282039936e+00  3.4336395972e+00 -7.2245955529e-01 -1.0185456734e+00  1.8409741572e+00 -1.2023568605e+00 -1.7110146245e+00  3.4143084438e+00  6.9709392571e-01  1.0648738222e+00  1.8103315100e+00  1.1560569061e+00  1.7506093232e+00
ENERGY -3.765346206127e+02
GRADIENT  6.1447556000e-05 -2.1487352570e-03  5.1023276000e-05  6.1369840000e-06  1.4244389920e-03  1.3429383800e-04  1.0760631000e-05  4.5848744000e-05 -2.5568498600e-04 -2.7631013200e-04 -2.4973128000e-05  1.8934219300e-04 -8.3100139800e-04  1.0235861420e-03 -8.5256932200e-04 -2.5337261000e-04 -1.3491059000e-03  1.5137849520e-03  1.5929774640e-03  1.7833676470e-03 -8.2107875300e-04 -5.3684857000e-05  1.0247250330e-03 -2.8734518900e-04 -3.1136232800e-04  5.7409166700e-04  1.7550414600e-04  1.4497785000e-04 -4.5402861000e-05 -4.8754520300e-04 -6.4477076000e-05  7.2909886000e-05 -1.4496403000e-05  2.1194902000e-05  1.1176906400e-04 -9.4899073000e-05 -1.8697819800e-04  8.1787552000e-05  4.2607893000e-05 -7.0998546000e-05 -4.0744456600e-04 -1.2672044900e-04  5.6979965000e-05 -6.5951355200e-04 -1.7947776900e-04  3.1417169000e-05 -7.4917352800e-04  4.2063577700e-04  8.5347021000e-05 -3.0552878800e-04  1.7074454500e-04  2.1292401000e-05 -4.5217210600e-04  4.1063279800e-04

JOB 6
COORDS  1.5003913238e-01 -2.7121475913e-03 -2.5603664954e-03 -5.5926369230e-01 -1.0354134150e+00  6.8503616151e-01 -1.9803428048e+00 -1.0249482461e+00  6.7936502656e-01 -2.6825943148e+00  7.9526103349e-03 -4.3989592324e-03 -1.9660178701e+00  1.0324136923e+00 -6.8678768659e-01 -5.4500164373e-01  1.0387305199e+00 -6.9243703875e-01  1.6823699010e+00 -4.3074873162e-03  3.7689263308e-03  2.3746541947e+00 -6.6705540554e-01 -9.8417896238e-01  2.3642797462e+00  6.6741043439e-01  9.9295900361e-01 -9.6025023891e-03 -1.8379914714e+00  1.2135413508e+00 -2.5359966623e+00 -1.8227082338e+00  1.2096703638e+00 -3.7904138431e+00  1.3868860112e-02 -6.3546007429e-03 -2.5148818211e+00  1.8339845515e+00 -1.2182653957e+00  1.2126960419e-02  1.8339500210e+00 -1.2243626352e+00  3.4284670550e+00 -7.1777381015e-01 -1.0096444595e+00  1.8392033631e+00 -1.1925413807e+00 -1.7232909098e+00  3.4170881843e+00  6.9189543115e-01  1.0610655560e+00  1.8158918486e+00  1.1647952698e+00  1.7417778245e+00
ENERGY -3.765346904377e+02
GRADIENT -3.0990611000e-04 -8.1283496500e-04  1.7009152200e-04 -5.4941929700e-04  1.3552443130e-03 -3.8627182900e-04 -5.0221775400e-04 -7.4858613700e-04  3.5439765600e-04 -3.2622768500e-04  9.6140102000e-05  2.7240174000e-05  5.7554870500e-04 -1.0711447770e-03  5.8973771200e-04  7.2905829300e-04  9.6314474200e-04 -4.1632895300e-04  1.3151234170e-03  2.6862401600e-04  1.9310588500e-04 -8.4783846800e-04  5.0558452700e-04 -1.1226614190e-03 -6.1114001000e-05  2.2572402400e-04 -5.9430923900e-04 -1.0883907400e-04 -4.6323917000e-05 -1.8770181800e-04 -1.3402470400e-04 -4.7522210000e-06  1.5654944000e-05 -2.7461577000e-05 -1.3084940300e-04  9.2190064000e-05  8.4958592000e-05 -4.4836099000e-05  6.8891052000e-05  1.2659194000e-04 -5.7424752000e-05 -1.1940262200e-04  8.0313443000e-05  1.1339311400e-04  8.7151133700e-04 -4.7536926000e-05 -3.4917141700e-04  3.3734363000e-05  4.9931280000e-06 -1.5088296800e-04  3.4210343100e-04 -2.1473073000e-05 -1.1132440500e-04  6.1690272000e-05

JOB 7
COORDS  1.4824058267e-01 -5.4226705170e-03  5.2451628133e-03 -5.5603391058e-01 -1.0431704222e+00  6.9159567957e-01 -1.9765268670e+00 -1.0243506496e+00  6.7616978792e-01 -2.6780866375e+00  7.5103258507e-03 -1.0272845116e-02 -1.9659929045e+00  1.0363757082e+00 -6.9002721071e-01 -5.4541216809e-01  1.0369235862e+00 -6.8599271525e-01  1.6788402242e+00 -1.2021635187e-02  1.1082987468e-02  2.3711414584e+00 -6.7211541244e-01 -9.7884403735e-01  2.3640870399e+00  6.6574648002e-01  9.9378100125e-01 -8.6484707183e-03 -1.8437157654e+00  1.2259319360e+00 -2.5359266015e+00 -1.8210884241e+00  1.2039092398e+00 -3.7858991607e+00  1.0367578325e-02 -1.4875719682e-02 -2.5131325715e+00  1.8381791794e+00 -1.2230614736e+00  1.5181821602e-02  1.8341838964e+00 -1.2112585708e+00  3.4245815854e+00 -7.1710947109e-01 -1.0196317807e+00  1.8315582489e+00 -1.1828821290e+00 -1.7249152152e+00  3.4172743633e+00  6.9744556091e-01  1.0505759175e+00  1.8192840916e+00  1.1746335356e+00  1.7373716897e+00
ENERGY -3.765346907214e+02
GRADIENT -7.3576292400e-04  5.5767407800e-04 -5.4928883000e-05  1.0073438820e-03 -1.6606663600e-03  1.1232808460e-03  5.8926354800e-04  1.0443394310e-03 -7.0814306700e-04  7.6336127000e-04 -6.9433627000e-05  3.0414916000e-05 -5.0021829200e-04  8.3266422200e-04 -5.8413233000e-04 -5.3872225300e-04 -5.1428607000e-05 -2.3397933000e-05 -8.1893852500e-04 -2.1109943670e-03  1.0632861450e-03  3.3413118700e-04  1.0795819350e-03 -2.2254923000e-04 -9.9577762000e-05  2.6582785400e-04 -7.0772984600e-04  3.3095585000e-05 -1.5809450800e-04  2.2971001300e-04  2.3902834800e-04 -2.6881595000e-05  1.3051026000e-05  3.2138858000e-05  1.3008011600e-04 -6.4374150000e-05 -3.6789366000e-05  4.9147813000e-05 -5.8913332000e-05 -1.8397906600e-04  1.4585055800e-04  2.2196740000e-06 -1.3757549000e-05 -1.9415283800e-04  6.0080544000e-05 -2.3551758000e-05  1.4582224200e-04  9.6177520000e-06 -2.3235323000e-05 -1.2325499000e-04  5.6315243000e-05 -4.4504200000e-05  1.4309790700e-04 -1.6420537700e-04

JOB 8
COORDS  1.5093663942e-01 -5.9093361331e-04  3.7300628155e-03 -5.5748649982e-01 -1.0351253186e+00  6.9039643689e-01 -1.9783967865e+00 -1.0241787335e+00  6.7857853085e-01 -2.6812220700e+00  5.1769308220e-03 -1.0271777866e-02 -1.9662165654e+00  1.0313382828e+00 -6.9156131640e-01 -5.4533110142e-01  1.0372371297e+00 -6.9039426676e-01  1.6822158359e+00 -5.7284849547e-03  1.0776156791e-02  2.3713027295e+00 -6.6906173589e-01 -9.7954498708e-01  2.3681367565e+00  6.6291298064e-01  9.9969115110e-01 -8.5272391233e-03 -1.8337916625e+00  1.2256057590e+00 -2.5349513583e+00 -1.8215409421e+00  1.2084753836e+00 -3.7890397284e+00  7.8285509624e-03 -1.5948157038e-02 -2.5142852138e+00  1.8310796707e+00 -1.2266759679e+00  1.2601379605e-02  1.8341188425e+00 -1.2189831673e+00  3.4242115248e+00 -7.1894685913e-01 -1.0280546783e+00  1.8266678845e+00 -1.1781428599e+00 -1.7231028054e+00  3.4214797160e+00  6.9077845500e-01  1.0562383803e+00  1.8247311350e+00  1.1661917675e+00  1.7481638507e+00
ENERGY -3.765347275298e+02
GRADIENT  3.1024272200e-04  2.4955762200e-04 -7.1902448000e-05 -9.7853537000e-05  1.8969245200e-04 -1.9220258900e-04 -1.2677763000e-04 -1.1253691100e-04  9.9320556000e-05 -8.5561181000e-05 -5.9349760000e-06 -1.6849007000e-05  1.6446306500e-04 -1.5581143500e-04  1.2600812200e-04 -8.6226428000e-05  3.0603941000e-05 -1.2328701500e-04 -4.4810192300e-04 -8.3086073500e-04  2.6817689900e-04  4.9945877000e-04  8.5749148100e-04  1.5856630900e-04 -8.9414238000e-05  4.2699424000e-04  1.4609130000e-06 -3.9256131000e-05  2.7222927000e-05  3.0887327000e-05 -1.9773686000e-05 -2.3249750000e-06  3.2380980000e-06 -8.4454290000e-06 -2.9801549000e-05  1.9682967000e-05  3.7622180000e-06 -1.9227860000e-05  6.9381210000e-06  2.8872751000e-05  1.3167464000e-05  2.8425565000e-05 -7.5375201000e-05 -4.7110959600e-04 -4.2784762400e-04  4.0948832000e-05 -1.1881800000e-05  1.3402552500e-04  6.3854600000e-06 -1.5752560900e-04 -4.8932570000e-05  1.6662070000e-06  4.2686680000e-06  3.9901510000e-06

JOB 9
COORDS  1.5045544296e-01  1.7886263892e-04  2.7092227371e-03 -5.5634326284e-01 -1.0335657596e+00  6.9193669055e-01 -1.9772850014e+00 -1.0222717930e+00  6.8064035016e-01 -2.6808539630e+00  6.0377338141e-03 -9.2316928084e-03 -1.9671133434e+00  1.0311381253e+00 -6.9348347113e-01 -5.4613434211e-01  1.0362542544e+00 -6.9338292250e-01  1.6821283514e+00 -3.4231864093e-03  7.9227568505e-03  2.3697332060e+00 -6.6810082609e-01 -9.8238154137e-01  2.3688548843e+00  6.5816786692e-01  1.0010237482e+00 -6.5349767678e-03 -1.8316788671e+00  1.2270721968e+00 -2.5336279669e+00 -1.8188416484e+00  1.2119424473e+00 -3.7886675457e+00  8.4756413810e-03 -1.3866624803e-02 -2.5156054390e+00  1.8299134253e+00 -1.2296376602e+00  1.1633639263e-02  1.8314908666e+00 -1.2245708461e+00  3.4234045292e+00 -7.1024361890e-01 -1.0220558365e+00  1.8296212409e+00 -1.1777326577e+00 -1.7290564206e+00  3.4220948650e+00  6.8625920362e-01  1.0596749666e+00  1.8249611567e+00  1.1571462900e+00  1.7520391959e+00
ENERGY -3.765347305313e+02
GRADIENT -1.3573995500e-04 -1.0176451300e-04  9.7224150000e-06  6.9333792000e-05  3.3638591000e-05 -8.3631842000e-05 -5.9683695000e-05 -4.3016244000e-05  5.1436495000e-05 -2.9558920000e-05 -1.9762644000e-05  9.9256830000e-06 -4.7259930000e-06  3.7817751000e-05  4.9996700000e-06  9.0283662000e-05 -7.6774247000e-05 -4.1117502000e-05  6.4697520000e-04  2.9846042400e-04  1.3540342200e-04 -7.0998708700e-04 -1.6098771800e-04 -7.8759119900e-04  7.8545631000e-05  1.7224829800e-04  5.1005930000e-06 -2.1787510000e-06  2.4396050000e-06 -2.4836037000e-05 -2.8790160000e-06  6.8949600000e-07  2.6076100000e-07  3.1791710000e-06 -7.2428500000e-07 -8.5405410000e-06  3.9036160000e-06  1.1740159000e-05  6.1460500000e-07  9.1137600000e-06 -1.6587651000e-05 -4.3153260000e-06  2.6463150000e-05  2.1485048800e-04  5.3822005200e-04 -1.0648963000e-05 -2.3407104900e-04 -1.8947630000e-06 -5.8060030000e-06 -1.4863876000e-05  1.1227693300e-04  1.1109059000e-05 -1.0101976300e-04  8.3221673000e-05

JOB 10
COORDS  1.5050592846e-01 -7.6434710794e-04  2.8794164349e-03 -5.5695069360e-01 -1.0342732184e+00  6.9202926167e-01 -1.9778187434e+00 -1.0223034454e+00  6.8059490552e-01 -2.6810061333e+00  6.3079995881e-03 -9.1489998401e-03 -1.9667558142e+00  1.0313551552e+00 -6.9283672854e-01 -5.4580208910e-01  1.0360914195e+00 -6.9249889441e-01  1.6820178996e+00 -5.6629262159e-03  8.2223020141e-03  2.3726192613e+00 -6.6965953921e-01 -9.8047732674e-01  2.3679290810e+00  6.5751083599e-01  1.0006427213e+00 -7.5979553787e-03 -1.8324613782e+00  1.2275522376e+00 -2.5345235173e+00 -1.8187025292e+00  1.2117770914e+00 -3.7888247644e+00  9.1554279623e-03 -1.3852746765e-02 -2.5149127507e+00  1.8304997707e+00 -1.2287679490e+00  1.2189079741e-02  1.8316647572e+00 -1.2229699509e+00  3.4261586726e+00 -7.1114639027e-01 -1.0239367918e+00  1.8323253410e+00 -1.1756853082e+00 -1.7293659691e+00  3.4211574024e+00  6.8758608331e-01  1.0582841349e+00  1.8235975431e+00  1.1593743606e+00  1.7493950479e+00
ENERGY -3.765347367923e+02
GRADIENT -2.4452416000e-05  1.5706360400e-04  1.2135507200e-04 -1.9985280000e-06 -3.0181400000e-06 -3.7464062000e-05 -7.4401070000e-06  2.5542370000e-06  3.9419300000e-07 -3.1713297000e-05 -1.0945876000e-05  2.5144600000e-06  1.2508660000e-05 -1.1952485000e-05  1.0679523000e-05 -1.3082730000e-05 -4.4103331000e-05 -2.3208419000e-05 -9.8162657000e-05 -1.8396766000e-04  3.7765176000e-05  1.1130130400e-04  2.4185368500e-04 -1.1149765300e-04  5.0040056000e-05 -4.2898380000e-06 -2.4806056400e-04 -3.1036400000e-06  1.4869595000e-05  1.6461780000e-05 -4.0108510000e-06 -1.5185850000e-06 -5.3199530000e-06 -3.3535750000e-06  1.8552500000e-06  7.9513600000e-07 -2.1102580000e-06 -3.8188630000e-06 -2.7804660000e-06  5.8723440000e-06  7.5346580000e-06  1.8586266000e-05  3.1327449000e-05 -3.9214552000e-05  9.3234629000e-05 -2.6573137000e-05 -6.7184617000e-05  4.8904218000e-05 -5.9302500000e-07 -1.3433429000e-05  6.3299157000e-05 -1.6773516000e-05 -4.1463792000e-05  1.3386398000e-05

JOB 11
COORDS  1.5117142471e-01 -1.0613534354e-03  3.4014297202e-03 -5.5635558971e-01 -1.0346896194e+00  6.9241522909e-01 -1.9771736300e+00 -1.0227905486e+00  6.8031850624e-01 -2.6799501591e+00  5.7351957213e-03 -9.9767331007e-03 -1.9657315359e+00  1.0309233540e+00 -6.9343894252e-01 -5.4480007860e-01  1.0358069486e+00 -6.9238748004e-01  1.6824865423e+00 -5.5788889952e-03  1.0157933526e-02  2.3710497572e+00 -6.7078150186e-01 -9.7919857664e-01  2.3687163388e+00  6.5767565808e-01  1.0024754600e+00 -7.1177719416e-03 -1.8326636956e+00  1.2283926474e+00 -2.5341290821e+00 -1.8190990268e+00  1.2113771882e+00 -3.7877657436e+00  8.4265612839e-03 -1.5187152051e-02 -2.5137964223e+00  1.8299481721e+00 -1.2296398556e+00  1.3357937940e-02  1.8314848945e+00 -1.2225355466e+00  3.4243503314e+00 -7.1191691749e-01 -1.0272899234e+00  1.8285392471e+00 -1.1728915505e+00 -1.7290754924e+00  3.4220465271e+00  6.8825195191e-01  1.0577090108e+00  1.8253314091e+00  1.1618375439e+00  1.7503657048e+00
ENERGY -3.765347376912e+02
GRADIENT  7.7387507000e-05  6.4904030000e-05 -1.0548092100e-04 -1.9797140000e-06 -7.6798440000e-05 -1.0152375000e-05 -4.0932280000e-06  1.2223000000e-08  2.7678547000e-05  7.3352922000e-05 -5.0936650000e-06 -1.1100383000e-05 -1.5551728000e-05  2.8359017000e-05  5.6128590000e-06 -2.7035539000e-05 -8.8313260000e-06 -5.6874580000e-05 -2.7217123000e-05 -2.1807801000e-04  1.6950182300e-04 -3.8420474000e-05  1.3342301900e-04 -9.5555009000e-05 -4.0887634000e-05  1.9263408600e-04  1.3125518000e-04 -7.8102590000e-06  3.7852680000e-06  2.2673008000e-05  4.0023420000e-06 -5.4594220000e-06  2.9773250000e-06  2.0618080000e-06 -8.1993300000e-07 -1.1996930000e-06  2.2042310000e-06  1.6739960000e-06 -3.9381300000e-06 -4.8478430000e-06  1.4663720000e-05  9.1420350000e-06 -4.5700483000e-05 -8.6256644000e-05 -5.3224092000e-05  2.4443313000e-05  9.6735500000e-07  1.4478430000e-05 -6.1950260000e-06 -5.4653160000e-05 -4.8309135000e-05  1.4261832000e-05  1.6470060000e-05  3.1475110000e-06

