JOB 0
COORDS  1.5168750000e-01  5.1327400000e-02  3.7770900000e-02 -5.4995290000e-01 -9.1174050000e-01  8.3086280000e-01 -1.9696070000e+00 -9.3506160000e-01  7.9358700000e-01 -2.6797261000e+00 -1.0814600000e-02 -2.5667600000e-02 -1.9731030000e+00  9.3520710000e-01 -8.2316460000e-01 -5.5318690000e-01  9.6222490000e-01 -8.1105350000e-01  1.6771753000e+00  2.7271700000e-02  1.8001800000e-02  2.3426379000e+00 -4.6595900000e-01 -1.0833289000e+00  2.3867787000e+00  4.1668190000e-01  1.1329155000e+00  6.0052000000e-03 -1.6325512000e+00  1.4611537000e+00 -2.5203563000e+00 -1.6786827000e+00  1.4019649000e+00 -3.7873351000e+00 -3.1124700000e-02 -4.6475000000e-02 -2.5280904000e+00  1.6505336000e+00 -1.4608293000e+00 -1.0579000000e-03  1.6942945000e+00 -1.4317138000e+00  3.3943124000e+00 -4.7555500000e-01 -1.1650612000e+00  1.7847573000e+00 -7.7555630000e-01 -1.9206972000e+00  3.4384114000e+00  3.6709900000e-01  1.1967249000e+00  1.8647552000e+00  7.9850130000e-01  1.9633894000e+00
ENERGY -3.765360630098e+02
GRADIENT -1.2239906300e-04  1.9128025210e-03  5.0644101150e-03 -9.9979579000e-05 -2.3372128160e-03 -3.0758279070e-03 -1.0583973100e-04 -1.6246112800e-04  1.4163591800e-04  1.1475374000e-05  1.3042230000e-05 -1.5216571000e-05  1.1240562100e-04 -1.5850818600e-04  1.4476858400e-04  2.1371596800e-04  2.0260695400e-04 -1.5852728200e-04  1.5569861100e-04  4.2169193370e-03 -3.7408626810e-03 -1.2950050400e-04 -3.7644208410e-03  1.5541636200e-03 -3.0400289000e-05 -5.1559236000e-05 -4.5906992000e-05 -2.2501582000e-05  1.3925848000e-05  3.9397520000e-06 -1.7937139000e-05 -9.4134840000e-06  4.2136180000e-06  1.6789710000e-06 -2.2493418000e-05  2.2805342000e-05  2.6729407000e-05 -7.4584820000e-06  2.4731830000e-06  2.0127540000e-05  2.2655476000e-05 -6.9560700000e-07  1.5276317000e-05  5.5577770000e-05  8.4346694000e-05 -1.1790629000e-05  2.0632034000e-05 -1.9367522000e-05  1.5406220000e-06  3.7018289000e-05  3.0627602000e-05  4.1494360000e-06  1.4156077000e-05 -1.7395914000e-05

JOB 1
COORDS  1.5132465853e-01  2.8101134174e-02  2.6445429859e-02 -5.5369899906e-01 -9.0302333897e-01  8.5366605559e-01 -1.9736198776e+00 -9.1253860017e-01  8.1988275840e-01 -2.6806628883e+00 -4.8379309239e-03 -2.0429240648e-02 -1.9709090869e+00  9.1671674795e-01 -8.4323534743e-01 -5.5076048249e-01  9.2947153185e-01 -8.3493130024e-01  1.6769567810e+00  8.3107515978e-03  1.8128065373e-02  2.3541549128e+00 -4.1465332540e-01 -1.1051101950e+00  2.3771736037e+00  3.7174394888e-01  1.1477052834e+00 -1.8976992476e-03 -1.6092069892e+00  1.5039047420e+00 -2.5288059816e+00 -1.6337151960e+00  1.4507776527e+00 -3.7884864415e+00 -1.6826503533e-02 -3.5535128540e-02 -2.5220426937e+00  1.6228431463e+00 -1.4944072758e+00  5.5000661407e-03  1.6444163010e+00 -1.4715883881e+00  3.4058883496e+00 -4.0299103834e-01 -1.1856764055e+00  1.8030903965e+00 -6.8997850365e-01 -1.9587800369e+00  3.4294050970e+00  3.3754407588e-01  1.2117430933e+00  1.8472188987e+00  7.1551800050e-01  1.9897093722e+00
ENERGY -3.765369448364e+02
GRADIENT -1.6866925130e-03  1.7392160650e-03  2.5813187060e-03  8.5143581300e-04 -2.8435831510e-03 -2.2059381480e-03  1.0957100500e-04  7.2402583000e-04 -6.0478107200e-04  5.3533771000e-05 -7.0735855000e-05  1.0400287000e-05 -5.1411872800e-04  3.4013608100e-04 -2.8971191600e-04 -5.9965299000e-05  2.1610896700e-04  1.3409014000e-03  1.0552220030e-03  1.1797538880e-03 -1.6169603700e-03  7.4401440000e-05 -3.0583832010e-03  1.7078779990e-03 -1.6701256400e-04  8.1229980800e-04 -6.5125066400e-04  6.5756396000e-05  1.3698292100e-04  1.9196066200e-04  1.1090753800e-04  1.5145707000e-05  6.9222140000e-06  3.2121208000e-05  7.0284380000e-05 -5.1647891000e-05 -5.7412446000e-05 -3.2330602000e-05 -5.6748531000e-05 -7.6528749000e-05  8.2281200000e-06  7.1403114000e-05  1.6194309900e-04 -6.6896340000e-05 -1.8753447000e-04 -7.2591364000e-05  3.5357513300e-04 -1.9089960800e-04  1.9018895100e-04  2.5388476400e-04 -7.2681673000e-05 -7.8583133000e-05  2.3525606200e-04  2.9155285000e-05

JOB 2
COORDS  1.5286507587e-01  2.3673544709e-02  2.0900476916e-02 -5.5609923036e-01 -8.8601720813e-01  8.6885204167e-01 -1.9760280489e+00 -8.9660847652e-01  8.4044022575e-01 -2.6811538071e+00 -3.8018678907e-03 -1.7271950333e-02 -1.9692589117e+00  8.9903606802e-01 -8.5906727103e-01 -5.4916518946e-01  9.1025746865e-01 -8.5599612159e-01  1.6771989239e+00  7.1826182741e-03  1.7413049349e-02  2.3574068020e+00 -3.7343165277e-01 -1.1192506351e+00  2.3739149452e+00  3.3477287589e-01  1.1603000958e+00 -4.5116665963e-03 -1.5804748713e+00  1.5317255820e+00 -2.5310364356e+00 -1.6039137941e+00  1.4870609671e+00 -3.7890617626e+00 -1.2627525380e-02 -3.0796150187e-02 -2.5203137081e+00  1.5940822539e+00 -1.5220973683e+00  6.6047043744e-03  1.6120116858e+00 -1.5076464101e+00  3.4090187888e+00 -3.5410926440e-01 -1.1977909818e+00  1.8088085205e+00 -6.2713308638e-01 -1.9810433952e+00  3.4258305347e+00  2.9766022673e-01  1.2253722017e+00  1.8416480132e+00  6.4552692597e-01  2.0134720047e+00
ENERGY -3.765375639085e+02
GRADIENT -1.4442465070e-03  1.3451167170e-03  1.8255616780e-03  2.5613081100e-04 -1.9034041980e-03 -3.0049344570e-03 -5.2087405100e-04  1.4261893000e-05  4.4285359000e-05  1.5990159300e-04 -2.4520352000e-05 -2.8207701000e-05 -2.8452100200e-04 -1.5855684500e-04  2.2363778300e-04  2.8057373100e-04  7.0735819100e-04  1.4135700370e-03  1.7888064290e-03  1.3809632400e-03 -1.2313133610e-03 -2.3388720600e-04 -3.1197731180e-03  1.6099697020e-03 -2.6604282400e-04  1.0992487060e-03 -5.9760705300e-04 -3.6858992000e-05  1.9725102800e-04  1.1822163100e-04 -2.7148780000e-06 -3.1363510000e-06  3.5606523000e-05  4.5842345000e-05 -2.5433993000e-05  2.2166257000e-05  1.3872528000e-05 -3.5226010000e-05 -3.1943605000e-05  1.1610401000e-05 -5.3369346000e-05  2.4574274000e-05  1.6055795600e-04 -9.1452935000e-05 -1.6081649100e-04 -7.0723940000e-05  2.8295915900e-04 -2.0884933500e-04  2.0493038200e-04  2.7078845000e-04 -1.3174142800e-04 -8.1362794000e-05  1.2547781000e-04  1.0102260000e-04

JOB 3
COORDS  1.5774057363e-01  3.9958691869e-02  2.1844221212e-02 -5.5566867411e-01 -8.3537961077e-01  9.0316454195e-01 -1.9749814809e+00 -8.6238397834e-01  8.8011722080e-01 -2.6799001830e+00 -7.2294305714e-03 -1.6016976607e-02 -1.9674192957e+00  8.5888215911e-01 -8.9636849385e-01 -5.4790525420e-01  8.7887520972e-01 -8.9916278524e-01  1.6764098063e+00  3.2251808985e-02  1.8890278256e-02  2.3504466803e+00 -2.8259626014e-01 -1.1420569682e+00  2.3735420505e+00  2.5406308678e-01  1.1876867511e+00 -9.5535146168e-04 -1.5054091741e+00  1.5881617151e+00 -2.5262174841e+00 -1.5469644547e+00  1.5539837598e+00 -3.7878981194e+00 -1.9371495054e-02 -3.1684938303e-02 -2.5216268088e+00  1.5225524698e+00 -1.5882604393e+00  3.4553613586e-03  1.5515086518e+00 -1.5846263235e+00  3.4014587246e+00 -2.6480695105e-01 -1.2204087040e+00  1.7993214979e+00 -5.0117380996e-01 -2.0112980759e+00  3.4230866673e+00  1.8160578316e-01  1.2511900489e+00  1.8439489530e+00  4.8860201880e-01  2.0659589540e+00
ENERGY -3.765386107891e+02
GRADIENT  4.5021028300e-04  2.5525131400e-04  2.5430738460e-03 -1.4179771770e-03  1.1316323000e-05 -5.2415616160e-03 -1.6089400450e-03 -1.8985099800e-03  1.9593596040e-03  2.7054733200e-04  1.3497936500e-04 -1.3301282900e-04  5.3304745500e-04 -1.1106369830e-03  1.3818179010e-03  1.2828282430e-03  1.2848346760e-03  3.7993690300e-04  2.8129438370e-03  6.3062371180e-03 -2.1735230590e-03 -1.6128595530e-03 -4.1326409010e-03  9.5119702900e-04 -6.3487262700e-04  8.5426570900e-04  6.4086270800e-04 -2.6214825400e-04  5.3043726000e-05 -2.9743110900e-04 -2.8429013400e-04 -3.1408640000e-05  9.1785133000e-05  4.1533737000e-05 -2.4249880800e-04  1.8066656200e-04  2.2748027700e-04  7.8709530000e-05  8.7063451000e-05  2.1940048400e-04 -3.1991187500e-04 -2.6357667300e-04 -8.7927277000e-05 -1.2166481500e-04  7.5193219000e-05  5.7413345000e-05 -4.6988861100e-04 -7.5620369000e-05 -1.8927487000e-05 -1.8376665000e-05 -3.1711492200e-04  2.3474656000e-05 -6.2606945000e-04  2.2807592000e-04

JOB 4
COORDS  1.5718320619e-01  4.3813815337e-02  2.3887530087e-02 -5.5824261875e-01 -8.3132384628e-01  9.0457030061e-01 -1.9774413213e+00 -8.6094502747e-01  8.8223203204e-01 -2.6831208028e+00 -7.8370800108e-03 -1.4934623940e-02 -1.9696895216e+00  8.5703854378e-01 -8.9566876273e-01 -5.5028234115e-01  8.8022569334e-01 -8.9864227429e-01  1.6757943377e+00  2.9111426843e-02  1.5610507456e-02  2.3567125280e+00 -2.8309208763e-01 -1.1422905240e+00  2.3739340068e+00  2.4767206669e-01  1.1843470037e+00 -3.5313014728e-03 -1.5010322943e+00  1.5898900271e+00 -2.5276863353e+00 -1.5460386245e+00  1.5564263472e+00 -3.7911173095e+00 -2.0975014060e-02 -3.1308974439e-02 -2.5245543906e+00  1.5184760603e+00 -1.5891250200e+00 -2.6456739706e-04  1.5538070831e+00 -1.5843029268e+00  3.4082767382e+00 -2.6551667669e-01 -1.2135689163e+00  1.8107252628e+00 -4.9491168787e-01 -2.0163499372e+00  3.4229769355e+00  1.7140192165e-01  1.2518402599e+00  1.8438539014e+00  4.8946707343e-01  2.0603212382e+00
ENERGY -3.765386353574e+02
GRADIENT  1.0606294450e-03  7.9642639100e-04  3.7861220630e-03 -2.1626546080e-03  3.5732553300e-04 -5.5916544630e-03 -1.6744968440e-03 -2.1098637520e-03  2.0313889570e-03  9.4428600000e-07  1.9580583800e-04 -1.2590893700e-04  8.3013048600e-04 -1.5914382950e-03  1.6780492160e-03  1.0387201110e-03  1.4402895830e-03  9.2866603000e-05  1.5326942220e-03  5.5887109070e-03 -2.8835851240e-03 -2.2657667100e-04 -3.9531029430e-03  1.4242065050e-03 -2.0126908100e-04  6.1392604600e-04 -5.4486381900e-04 -3.0618989000e-04  9.7903586000e-05 -3.0927662700e-04 -3.7691264300e-04 -4.7815977000e-05  5.4697161000e-05  1.3038259000e-05 -2.6633675900e-04  2.5479564300e-04  2.1058214700e-04 -1.7598720000e-06  1.0713529700e-04  2.7511102300e-04 -2.3943086600e-04 -1.6907808300e-04  5.1456876000e-05 -1.3600966800e-04  4.3548190000e-05 -2.7514216000e-05 -2.9790926000e-04  4.9374605000e-05  1.4564310000e-05  1.2446771000e-05  2.2053912000e-05 -6.1956416000e-05 -4.5162342000e-04  9.5787589000e-05

JOB 5
COORDS  1.5634057173e-01  4.7439458216e-02  2.9294678755e-02 -5.5917039131e-01 -8.2979749828e-01  9.0860463166e-01 -1.9780955147e+00 -8.6148872305e-01  8.8187291006e-01 -2.6812974948e+00 -1.0562991774e-02 -1.9097818232e-02 -1.9684935554e+00  8.5542191481e-01 -8.9922493119e-01 -5.4933900267e-01  8.8171521993e-01 -8.9729671025e-01  1.6744558603e+00  2.6836225262e-02  2.0224089132e-02  2.3492007747e+00 -2.8434995799e-01 -1.1418345385e+00  2.3777544044e+00  2.4317146064e-01  1.1868362242e+00 -5.1267730043e-03 -1.4979545570e+00  1.5960610230e+00 -2.5295999071e+00 -1.5469320128e+00  1.5547163908e+00 -3.7891900271e+00 -2.6293631112e-02 -3.8906712030e-02 -2.5232851392e+00  1.5140367523e+00 -1.5954314549e+00  1.7688657154e-03  1.5571465824e+00 -1.5803167203e+00  3.4006428883e+00 -2.6797969827e-01 -1.2144228123e+00  1.8003884554e+00 -4.8643176567e-01 -2.0164508430e+00  3.4268057600e+00  1.6257152409e-01  1.2491048045e+00  1.8532810654e+00  4.9539597998e-01  2.0632603679e+00
ENERGY -3.765386732130e+02
GRADIENT  1.1035323580e-03  1.2891174100e-03  3.5615297830e-03 -2.1144624820e-03 -1.4431548900e-04 -5.3170914910e-03 -1.7880803750e-03 -2.1158595890e-03  2.0612369600e-03  6.9621393100e-04  1.9448352900e-04 -9.9582562000e-05  6.6024242400e-04 -1.3958506410e-03  1.4399641240e-03  8.0899752700e-04  1.5366958680e-03 -2.9851282900e-04  1.6870382930e-03  4.6941847400e-03 -2.4666554040e-03 -8.6348267300e-04 -4.0356858670e-03  6.5054943200e-04 -5.4852676000e-05  8.4995365300e-04  1.1420498700e-04 -3.4330688000e-04  5.3156392000e-05 -2.2806445400e-04 -3.2837926400e-04 -9.4958461000e-05  9.0032880000e-05  5.5898206000e-05 -2.6517725400e-04  2.6728168600e-04  2.0727564400e-04 -1.7341332000e-05  5.2275513000e-05  2.3246402000e-04 -1.1779064900e-04 -1.2338265200e-04 -1.3001741000e-05 -4.2557022000e-05  3.8354327100e-04  3.0972117000e-05 -1.2667979700e-04 -8.6563487000e-05  3.4512619000e-05 -5.5114638000e-05 -8.3536901000e-05 -1.9528531000e-05 -1.9827450600e-04  1.0004541000e-04

JOB 6
COORDS  1.5648875053e-01  5.7243661314e-02  4.1339703033e-02 -5.5967966634e-01 -8.2246296607e-01  9.1832252381e-01 -1.9782913979e+00 -8.5706550090e-01  8.7922899764e-01 -2.6839500398e+00 -1.6199180479e-02 -2.9209260429e-02 -1.9681287356e+00  8.4909907428e-01 -9.0769495439e-01 -5.4938914647e-01  8.8113017866e-01 -8.9503746849e-01  1.6732658404e+00  2.7399990220e-02  3.0430281910e-02  2.3368025012e+00 -2.8247736711e-01 -1.1389914710e+00  2.3856945411e+00  2.2794476300e-01  1.1950458154e+00 -7.7727624409e-03 -1.4851781105e+00  1.6128571927e+00 -2.5308605358e+00 -1.5422178158e+00  1.5514001565e+00 -3.7916438758e+00 -3.8820322288e-02 -5.5994105410e-02 -2.5209706452e+00  1.5010779571e+00 -1.6116555620e+00  2.9308513521e-03  1.5589886093e+00 -1.5747080569e+00  3.3871570585e+00 -2.7287372317e-01 -1.2261073209e+00  1.7773640989e+00 -4.6709536411e-01 -2.0107045101e+00  3.4344683253e+00  1.3782480804e-01  1.2468711392e+00  1.8721176640e+00  4.9228815288e-01  2.0742903278e+00
ENERGY -3.765387348620e+02
GRADIENT  1.6236551180e-03  2.2846498850e-03  3.4579562150e-03 -1.4163390550e-03 -1.5578941900e-03 -4.5920109590e-03 -7.9180131400e-04 -7.6783119900e-04  7.9750930200e-04 -7.8503403500e-04  3.9665693000e-05 -8.6694512000e-05  1.0281913680e-03 -1.3347550060e-03  1.5378549610e-03  1.8148476400e-04  8.8144786400e-04 -5.5367497200e-04  9.5833655800e-04  4.0465670210e-03 -2.0821885130e-03 -9.2926244400e-04 -4.0314901430e-03  7.9890717200e-04  1.9354907200e-04  8.8363827300e-04  1.0049638990e-03 -1.4267441400e-04  8.1378071000e-05 -1.2177697800e-04 -2.4163024700e-04  1.2914683000e-05  6.1237370000e-06 -6.3463177000e-05 -1.9833376300e-04  1.7835790600e-04  6.5879504000e-05 -1.2710188300e-04  8.8408644000e-05  2.4111430200e-04  7.9153220000e-06  5.7691440000e-05 -1.4839789700e-04 -1.5359527700e-04 -1.6478957300e-04  1.2799921400e-04  3.8876864000e-05 -1.2574143300e-04  3.3778592000e-05 -1.3863847900e-04 -2.6519414100e-04  6.3425050000e-05  4.0203182000e-05  8.0794736000e-05

JOB 7
COORDS  1.5099858617e-01  6.7094383383e-02  5.0559232777e-02 -5.5917479618e-01 -8.1498090799e-01  9.3047061485e-01 -1.9772280553e+00 -8.5335502425e-01  8.8384589234e-01 -2.6771621359e+00 -1.9039300237e-02 -3.5571674879e-02 -1.9706614344e+00  8.4819081624e-01 -9.2022421697e-01 -5.5263391336e-01  8.8061231566e-01 -8.9689268877e-01  1.6662207838e+00  2.8400374145e-02  3.3593004618e-02  2.3288899201e+00 -2.8078765272e-01 -1.1369327417e+00  2.3828056106e+00  2.0391533600e-01  1.1995577030e+00 -5.8274642992e-03 -1.4698307743e+00  1.6313493522e+00 -2.5323542101e+00 -1.5358588037e+00  1.5566494096e+00 -3.7845227221e+00 -4.7793822389e-02 -6.6295638620e-02 -2.5245254365e+00  1.4927191691e+00 -1.6304234634e+00  2.5037989949e-03  1.5579717887e+00 -1.5747650825e+00  3.3793591776e+00 -2.7334915757e-01 -1.2234747504e+00  1.7690435187e+00 -4.5069196466e-01 -2.0114047687e+00  3.4309512515e+00  1.0642499073e-01  1.2476951263e+00  1.8752679956e+00  4.7385651213e-01  2.0804977103e+00
ENERGY -3.765387733616e+02
GRADIENT  5.2685135800e-04  3.2625515030e-03  4.4828289130e-03 -4.1156850800e-04 -2.7817315150e-03 -4.0522859140e-03 -1.4339960950e-03 -1.2604191620e-03  1.3363372570e-03  2.5406313550e-03 -7.7243212000e-05  7.3269633000e-05 -5.6212632900e-04  9.0968787100e-04 -7.5372708000e-04 -3.6087538500e-04 -5.3779677900e-04 -1.0141162300e-04 -2.3235269900e-04  4.4876298210e-03 -2.3833415200e-03 -3.4547606000e-04 -4.3572415860e-03  1.1741170030e-03  2.0915393300e-04  2.2495109100e-04  3.5790345700e-04 -1.5149714800e-04  9.9027194000e-05  7.4399683000e-05  7.3054500000e-06 -1.1843179400e-04  1.9350045000e-04  2.0690612200e-04 -6.5474959000e-05  4.1604368000e-05  4.3310882000e-05  8.4013131000e-05 -1.6202947400e-04 -6.1134686000e-05  2.0598499900e-04  1.7170136700e-04 -4.1022527000e-05 -7.0866144000e-05 -1.8108351200e-04  2.9351679000e-05  7.9859990000e-06 -1.0042488000e-04 -1.0089537000e-05 -6.8927382000e-05 -1.8733277600e-04  4.9103247000e-05  6.4056801000e-05  2.9552203000e-05

JOB 8
COORDS  1.5011322220e-01  6.3283541556e-02  4.7538390198e-02 -5.5788315517e-01 -8.1767210512e-01  9.2991723012e-01 -1.9761215132e+00 -8.4937341678e-01  8.8253529220e-01 -2.6832410401e+00 -1.5489393685e-02 -3.1966557452e-02 -1.9714995909e+00  8.4766956950e-01 -9.1624176125e-01 -5.5310756551e-01  8.7857849996e-01 -8.9847728579e-01  1.6657050861e+00  2.6861370266e-02  2.8759132693e-02  2.3332030622e+00 -2.8310721177e-01 -1.1386533482e+00  2.3783420667e+00  2.0191001355e-01  1.1969590850e+00 -5.2446959778e-03 -1.4744763013e+00  1.6295950965e+00 -2.5305295953e+00 -1.5312615345e+00  1.5563855153e+00 -3.7908680328e+00 -4.1640323374e-02 -5.9385684462e-02 -2.5244248550e+00  1.4941630927e+00 -1.6252379839e+00  1.3820048705e-03  1.5532231709e+00 -1.5796388861e+00  3.3847228013e+00 -2.6910972591e-01 -1.2105569112e+00  1.7816535820e+00 -4.5550879242e-01 -2.0179324062e+00  3.4266067717e+00  1.0863384931e-01  1.2503779279e+00  1.8664055740e+00  4.6947747662e-01  2.0760830141e+00
ENERGY -3.765387952642e+02
GRADIENT -7.9324112700e-04  2.9502708560e-03  4.9558710330e-03  4.5379041500e-04 -3.8387877190e-03 -2.7663901130e-03  2.4399042500e-04  4.5159489500e-04 -4.1595539100e-04 -7.1928936300e-04 -1.2625022000e-04  2.2949924000e-05  5.9622894900e-04 -4.1298949800e-04  6.1365381200e-04  4.3164426400e-04  3.7009144300e-04 -7.8224840500e-04  5.0359542400e-04  5.0494303150e-03 -2.6245979100e-03 -8.8160343000e-04 -4.7662634010e-03  2.0505863700e-04  1.4087971000e-05 -1.6658291000e-05 -6.9024639000e-05  3.7625356000e-05  3.9773831000e-05  1.2803453200e-04  5.4944879000e-05  4.7008944000e-05 -4.7453020000e-06 -5.7106843000e-05 -2.0418336000e-05 -7.5905060000e-06  5.5452458000e-05 -4.6372965000e-05  2.6273619000e-05  6.4151983000e-05  1.7621160100e-04  3.7258291000e-05  4.8574459000e-05  2.3572256200e-04  8.3326364000e-04 -3.7823551000e-05 -9.1084276000e-05 -1.5771443300e-04 -4.4537790000e-05  9.8614550000e-06 -2.1225807000e-05  3.0400363000e-05 -2.5836110000e-06  4.2429598000e-05

JOB 9
COORDS  1.5290060624e-01  5.8312167814e-02  4.5345349998e-02 -5.5887123971e-01 -8.2076834780e-01  9.2622620845e-01 -1.9772733929e+00 -8.5014213347e-01  8.8161597183e-01 -2.6844739280e+00 -1.2640473164e-02 -2.9576385571e-02 -1.9728923955e+00  8.4968763953e-01 -9.1440995037e-01 -5.5409925739e-01  8.7547176750e-01 -8.9630225521e-01  1.6693358224e+00  2.6488505346e-02  2.7543259207e-02  2.3390570981e+00 -2.8315372354e-01 -1.1386273021e+00  2.3788701646e+00  2.0845294870e-01  1.1966940574e+00 -7.5965079471e-03 -1.4815847563e+00  1.6231048386e+00 -2.5318409027e+00 -1.5326245633e+00  1.5547766437e+00 -3.7922014148e+00 -3.6214296631e-02 -5.4586460656e-02 -2.5247092230e+00  1.4987443791e+00 -1.6219621579e+00  2.8413383646e-04  1.5476006613e+00 -1.5798555150e+00  3.3899671137e+00 -2.7046684594e-01 -1.2188007123e+00  1.7846885831e+00 -4.5919646788e-01 -2.0152477332e+00  3.4273939506e+00  1.1932587275e-01  1.2534197640e+00  1.8631463810e+00  4.7388542506e-01  2.0742669688e+00
ENERGY -3.765388083660e+02
GRADIENT  6.9714478500e-04  2.4715616660e-03  5.1160992740e-03 -3.1077962200e-04 -2.9342730490e-03 -3.4184473120e-03  6.6749679000e-05  1.1418983300e-04 -1.1507231200e-04 -3.1087387900e-04 -3.0556749000e-05  3.6725034000e-05 -9.6275952000e-05  7.7347123000e-05 -7.9565758000e-05 -2.8713128000e-04 -3.2110634800e-04  4.3853048500e-04  2.8295198000e-04  5.0754066080e-03 -3.0792327030e-03 -8.5746030000e-06 -4.4633925520e-03  1.0820621790e-03  3.7011121000e-05  8.8394873000e-05  1.6332198000e-05  2.0278576000e-05  5.2566694000e-05 -4.4150821000e-05 -3.7796449000e-05  1.9190127000e-05 -2.5107335000e-05 -2.6104063000e-05  1.3367849000e-05 -2.5875610000e-05 -6.2115502000e-05 -2.0415260000e-05  2.2446831000e-05  1.6902280000e-06 -7.0624413000e-05  4.1540295000e-05 -3.1677418000e-05 -5.5055439000e-05 -7.0637517000e-05  3.7301652000e-05 -6.7382600000e-06  3.9372423000e-05 -2.6520730000e-06  1.1513996000e-05  5.8867580000e-05  3.0794599000e-05 -1.2754774000e-05  2.1703260000e-05

JOB 10
COORDS  1.5125743973e-01  5.9619321639e-02  4.5674059598e-02 -5.5821781560e-01 -8.2045488316e-01  9.2757608449e-01 -1.9764574763e+00 -8.5071477059e-01  8.8263969195e-01 -2.6820581805e+00 -1.3268586692e-02 -2.9883949021e-02 -1.9711950933e+00  8.4931629324e-01 -9.1515714600e-01 -5.5260454033e-01  8.7722680526e-01 -8.9802106221e-01  1.6672311759e+00  2.6692500980e-02  2.7672360033e-02  2.3372592657e+00 -2.8304185196e-01 -1.1382490597e+00  2.3767958833e+00  2.0660349002e-01  1.1970557535e+00 -6.0161905705e-03 -1.4806113251e+00  1.6244211105e+00 -2.5313856704e+00 -1.5330689292e+00  1.5556373129e+00 -3.7897534255e+00 -3.7129767194e-02 -5.5474080664e-02 -2.5238464384e+00  1.4974547854e+00 -1.6228839834e+00  2.1624333533e-03  1.5494918802e+00 -1.5812272532e+00  3.3880400277e+00 -2.7149165605e-01 -1.2205957721e+00  1.7819399316e+00 -4.5739086063e-01 -2.0146184368e+00  3.4252333332e+00  1.1600818333e-01  1.2530832397e+00  1.8615838854e+00  4.7301884087e-01  2.0746223046e+00
ENERGY -3.765388095397e+02
GRADIENT -2.7871116700e-04  2.4901201360e-03  5.2649194510e-03 -3.7681563000e-05 -3.2253672170e-03 -3.0939384180e-03 -2.0088650000e-05 -3.8730244000e-05  3.4782437000e-05  3.2993648000e-05  1.1653665000e-05 -8.3752000000e-07  1.2332121900e-04 -1.8063909500e-04  1.8376037700e-04  2.7039335500e-04  3.2649822000e-04 -3.0692148400e-04 -2.9625189900e-04  5.0956176540e-03 -3.3045662440e-03  2.2809407800e-04 -4.3986079420e-03  1.4832268580e-03 -7.3931355000e-05  6.2694944000e-05 -2.8037260000e-06 -2.4405743000e-05 -2.4631941000e-05  2.8330295000e-05  1.0668539000e-05 -1.0356785000e-05  6.9164960000e-06  5.4648000000e-07 -1.3275285000e-05  1.5236333000e-05  4.2821302000e-05 -2.4508910000e-06  2.1131980000e-06  1.0446168000e-05  3.1878612000e-05 -3.6631324000e-05 -1.3534182000e-05 -1.1429446000e-04 -3.0830170500e-04  1.1868281000e-05  1.5763389000e-05  5.7501357000e-05  1.4465004000e-05 -1.9587748000e-05 -1.9232515000e-05 -8.2024700000e-07  2.3676720000e-06  1.2025073000e-05

JOB 11
COORDS  1.5147919884e-01  6.0333290559e-02  4.6347122738e-02 -5.5844756578e-01 -8.1943846896e-01  9.2811411130e-01 -1.9767075469e+00 -8.4995258374e-01  8.8268832498e-01 -2.6825660062e+00 -1.3409792774e-02 -3.0520428999e-02 -1.9720722795e+00  8.4906846637e-01 -9.1621445757e-01 -5.5350159874e-01  8.7648295572e-01 -8.9776311959e-01  1.6673539001e+00  2.6664926777e-02  2.7684894625e-02  2.3362720401e+00 -2.8310541160e-01 -1.1388072471e+00  2.3779294302e+00  2.0428600871e-01  1.1967954216e+00 -6.3756398289e-03 -1.4790944080e+00  1.6255215699e+00 -2.5316142609e+00 -1.5320517668e+00  1.5559600001e+00 -3.7902428057e+00 -3.7830146446e-02 -5.6269134959e-02 -2.5245054380e+00  1.4966840781e+00 -1.6246182398e+00  1.2863558176e-03  1.5487083833e+00 -1.5809602679e+00  3.3873352408e+00 -2.6984946015e-01 -1.2172384688e+00  1.7823442842e+00 -4.5636785212e-01 -2.0163357019e+00  3.4263135483e+00  1.1290494069e-01  1.2521134729e+00  1.8635797125e+00  4.7093113305e-01  2.0747798833e+00
ENERGY -3.765388115039e+02
GRADIENT  8.2971826000e-05  2.5739371080e-03  5.2371084040e-03 -5.5657069000e-05 -3.1779295770e-03 -3.2206186730e-03 -3.5855606000e-05 -3.0152017000e-05  3.8091125000e-05  1.1621966800e-04 -5.1609700000e-06 -6.7222400000e-07 -3.5280395000e-05  7.4663204000e-05 -7.0448215000e-05 -9.9021730000e-06 -5.8480107000e-05  2.9356400000e-06  1.9642508100e-04  5.1683510610e-03 -3.1298650300e-03 -2.4419142100e-04 -4.5576370300e-03  1.0461504760e-03 -2.0752127000e-05  9.5103030000e-06 -1.4023407000e-05  3.0516610000e-06  2.6850260000e-06  8.1384870000e-06  9.1959820000e-06 -4.9103710000e-06  9.6176310000e-06  1.0561636000e-05  1.9504710000e-06 -3.4844100000e-06 -8.7268000000e-07  6.5999940000e-06 -1.0045859000e-05 -9.1563920000e-06  1.4113618000e-05  8.7139970000e-06  1.1740060000e-05  2.7508868000e-05  1.4497712500e-04 -1.3571703000e-05 -2.5527255000e-05 -2.2394160000e-05 -3.0892090000e-06 -8.8038110000e-06 -8.4287390000e-06 -1.2860220000e-06 -2.0670300000e-06 -4.1012800000e-07

JOB 12
COORDS  1.5171582250e-01  5.9375606570e-02  4.5684072478e-02 -5.5851083775e-01 -8.2019170509e-01  9.2740111604e-01 -1.9768045108e+00 -8.5007945058e-01  8.8233269150e-01 -2.6829253504e+00 -1.2994862386e-02 -3.0151218616e-02 -1.9720157830e+00  8.4931881453e-01 -9.1562914462e-01 -5.5338294116e-01  8.7625283748e-01 -8.9770829966e-01  1.6677524370e+00  2.6247065618e-02  2.7272506866e-02  2.3371165469e+00 -2.8360874380e-01 -1.1389888086e+00  2.3778346184e+00  2.0523492539e-01  1.1965123150e+00 -6.6240742895e-03 -1.4803731441e+00  1.6244487308e+00 -2.5317097554e+00 -1.5322278554e+00  1.5555522272e+00 -3.7906267965e+00 -3.6911803266e-02 -5.5530743436e-02 -2.5243131621e+00  1.4974784188e+00 -1.6236302821e+00  1.3621539665e-03  1.5483252679e+00 -1.5810830439e+00  3.3880802730e+00 -2.7034507978e-01 -1.2186991724e+00  1.7828269014e+00 -4.5733869473e-01 -2.0161684911e+00  3.4262728168e+00  1.1479763552e-01  1.2524707487e+00  1.8628472224e+00  4.7174080786e-01  2.0741740032e+00
ENERGY -3.765388119143e+02
GRADIENT  1.0199843800e-04  2.5132288330e-03  5.2258362620e-03 -9.3491993000e-05 -3.1502599690e-03 -3.2039803840e-03  1.4649517000e-05  2.1200571000e-05 -2.1037947000e-05 -2.9893188000e-05 -2.6533000000e-06  2.6738630000e-06 -2.8947450000e-06  1.8300270000e-06 -2.6464080000e-06  2.7735720000e-06 -5.9454750000e-06  1.8043843000e-05  9.4314902000e-05  5.1483965820e-03 -3.1674439590e-03 -8.7182024000e-05 -4.5209576780e-03  1.1420199250e-03  3.7419730000e-06  2.5102026000e-05 -4.4597790000e-06  3.7430610000e-06  4.0036070000e-06 -3.9928700000e-07  2.4224500000e-07  1.8205780000e-06 -1.7729630000e-06 -2.4751600000e-06  7.7917300000e-07 -2.3050960000e-06 -4.0256550000e-06 -2.6610490000e-06  1.6631510000e-06 -2.0019460000e-06 -2.2083190000e-06  1.9437970000e-06 -2.0731930000e-06 -1.3502094000e-05  6.7779400000e-07  3.8111980000e-06 -8.2153500000e-06  8.0613160000e-06 -2.3658640000e-06 -6.9491000000e-08  1.7516243000e-05  1.4430310000e-06 -1.2176780000e-06  1.0150230000e-06

