JOB 0
COORDS  1.6650020000e-01 -9.1220000000e-04  3.0591000000e-03 -5.5198730000e-01 -1.2270553000e+00 -2.1146070000e-01 -1.9694713000e+00 -1.2181988000e+00 -2.1691430000e-01 -2.6790823000e+00  2.6840000000e-04 -5.9990000000e-04 -1.9689621000e+00  1.2183600000e+00  2.1633800000e-01 -5.5148000000e-01  1.2263216000e+00  2.1285410000e-01  1.6734669000e+00 -9.2970000000e-04 -8.4340000000e-04  2.3780849000e+00 -1.1192193000e+00  4.0417800000e-01  2.3765175000e+00  1.1191429000e+00 -4.0362110000e-01 -8.5387000000e-03 -2.1706825000e+00 -4.1288410000e-01 -2.5237451000e+00 -2.1600417000e+00 -3.9634720000e-01 -3.7876767000e+00  6.7210000000e-04 -1.5399000000e-03 -2.5228937000e+00  2.1607826000e+00  3.9378430000e-01 -7.7956000000e-03  2.1698636000e+00  4.1401300000e-01  3.4289057000e+00 -1.1675176000e+00  3.7203810000e-01  1.8643823000e+00 -1.9410223000e+00  8.0938440000e-01  3.4273636000e+00  1.1686456000e+00 -3.7417460000e-01  1.8613709000e+00  1.9402210000e+00 -8.0844700000e-01
ENERGY -3.765421579936e+02
GRADIENT  1.0135235000e-05 -4.3061443000e-05  6.5200568900e-04 -1.0530530000e-06  6.0454077000e-05 -3.3506440800e-04  3.9042300000e-06  3.7143460000e-06  3.0665770000e-06 -8.1017660000e-06 -1.8650800000e-07 -1.0042500000e-07 -1.4604620000e-06  3.0165090000e-06 -1.5859820000e-06  3.4141490000e-06 -1.0509248000e-05 -2.3305700000e-06  1.1808214200e-04 -9.6027305000e-05 -6.2651130200e-04 -8.7882428000e-05  2.8590674000e-05  4.4947463200e-04 -6.9424850000e-06 -4.2124145000e-05 -1.5809468900e-04 -4.4927700000e-07 -6.2257780000e-06 -6.6997300000e-07 -1.3882690000e-06 -3.4783050000e-06  2.4738860000e-06 -4.2488330000e-06  4.9534800000e-07  1.4007200000e-07 -1.9771550000e-06  4.2895970000e-06 -2.7603400000e-06 -5.3881600000e-07  5.7453150000e-06 -1.7349470000e-06  3.2842130000e-06  9.6693268000e-05 -5.5924851000e-05 -5.6481620000e-06 -2.7140689000e-05 -1.8165735000e-05 -1.0186210000e-06  1.6845130000e-06  4.9937615000e-05 -4.5198870000e-06  2.4621675000e-05  4.6083167000e-05

JOB 1
COORDS  1.6643343586e-01  5.6541965871e-03 -8.2284508484e-03 -5.4898045499e-01 -1.2286728857e+00 -1.8225210682e-01 -1.9664778768e+00 -1.2236709659e+00 -1.8661470650e-01 -2.6789796422e+00 -1.7833862679e-03 -1.4314572239e-03 -1.9719050501e+00  1.2228099550e+00  1.8688217078e-01 -5.5446528967e-01  1.2343855343e+00  1.8187624242e-01  1.6732731011e+00  5.8340798530e-03  1.0333453837e-02  2.3725084327e+00 -1.1356406642e+00  3.5566592943e-01  2.3816572179e+00  1.1355013740e+00 -3.5452919226e-01 -3.2009716523e-03 -2.1765871200e+00 -3.5518371778e-01 -2.5184692901e+00 -2.1715545108e+00 -3.3923523233e-01 -3.7875634345e+00 -4.3166655345e-03 -9.4614075252e-04 -2.5281485202e+00  2.1673163685e+00  3.4490791707e-01 -1.3002968704e-02  2.1828285451e+00  3.6515175886e-01  3.4229796018e+00 -1.1899720332e+00  3.2176700653e-01  1.8536222177e+00 -1.9741945464e+00  7.1757567686e-01  3.4327612380e+00  1.1789332721e+00 -3.2468974795e-01  1.8703283635e+00  1.9717227133e+00 -7.3227802247e-01
ENERGY -3.765420651595e+02
GRADIENT -8.0464547400e-04  1.1283948700e-04 -2.8935693060e-03  5.2436179500e-04 -3.6521775600e-04  6.5798170600e-04 -2.6064972400e-04  2.8102934100e-04  1.1410303600e-04  2.2396837000e-05 -8.0933439000e-05 -5.2128250000e-05 -9.8855635000e-05 -2.5230598700e-04  1.2611718500e-04  3.3593935500e-04  1.5017285300e-04  2.8610057300e-04  3.6035672000e-04  1.0218810520e-03  3.6357925620e-03 -2.9029604000e-04  4.3079894000e-05 -8.5238955700e-04 -3.0533356400e-04 -4.2436041300e-04 -5.8163730500e-04  4.7538493600e-04  7.2573602000e-05  2.9046779400e-04  2.2709831000e-05  7.8698500000e-06 -5.3699741000e-05  2.3998669000e-05  3.6454640000e-06 -5.9522820000e-06  2.2322362000e-05  2.0321460000e-06  3.3122970000e-06  2.7925813800e-04 -9.8730383000e-05  4.4505098000e-05  1.2761525200e-04 -3.1796321800e-04 -1.6593195600e-04 -3.5217721500e-04 -2.5819873800e-04 -2.9871865700e-04  1.4965137600e-04  6.4000712000e-05 -2.9835371000e-05 -2.2757816100e-04  3.8306021000e-05 -2.2750230500e-04

JOB 2
COORDS  1.6727641376e-01 -9.0904453045e-04 -1.7391559814e-02 -5.6017359191e-01 -1.2330702843e+00 -1.6186113123e-01 -1.9774128245e+00 -1.2243758785e+00 -1.6294499300e-01 -2.6869063371e+00  2.6170483070e-03 -1.6357667493e-03 -1.9737566675e+00  1.2272096043e+00  1.6038520518e-01 -5.5644236256e-01  1.2298184975e+00  1.5389633856e-01  1.6750126756e+00 -2.7363914694e-03  9.7858589982e-03  2.3907460753e+00 -1.1455606484e+00  3.1537056477e-01  2.3801950350e+00  1.1424184625e+00 -3.1158460523e-01 -2.4107833059e-02 -2.1887061520e+00 -3.2050963215e-01 -2.5321569358e+00 -2.1738727155e+00 -2.9418750994e-01 -3.7955308792e+00  3.9065166855e-03  1.2792767974e-03 -2.5247155772e+00  2.1775377875e+00  3.0117919655e-01 -1.5042167369e-02  2.1814501288e+00  3.1925472679e-01  3.4421283209e+00 -1.1713372866e+00  2.8330569466e-01  1.8908556119e+00 -2.0030274031e+00  6.5787163509e-01  3.4309135431e+00  1.1848474316e+00 -2.7580347616e-01  1.8694105132e+00  1.9924035353e+00 -6.5698138684e-01
ENERGY -3.765419210915e+02
GRADIENT  1.0739742610e-03  1.3743330240e-03 -4.4382156260e-03 -8.9683913200e-04  7.6041574900e-04  1.6720307000e-03 -1.5365085900e-04 -1.4861447200e-04  7.3630635000e-05 -4.1122348000e-05  3.5196800000e-07 -3.3890867000e-05 -3.5313126300e-04  3.9514943500e-04  1.2739602700e-04 -9.1729022100e-04 -1.4340353520e-03  2.1479325600e-04  1.0858284820e-03 -6.6048019900e-04  4.2568792550e-03  9.3844865100e-04  1.0896489000e-05 -9.2986534600e-04 -5.4162645200e-04 -5.8055321000e-04 -2.9724951200e-04  6.8514010000e-06  2.5153560600e-04 -2.8756299000e-05 -1.0797512700e-04  3.1448594000e-05 -5.3644858000e-05  9.9682370000e-06  1.5928844000e-05 -3.0760120000e-06 -1.4329421900e-04 -2.5920483000e-05  1.3825346000e-05  3.2162214500e-04 -2.9620572200e-04 -4.3481288000e-05  9.3010247000e-05  3.8107015400e-04 -4.5310433200e-04 -1.5770304000e-04  1.2873910900e-04 -1.3547376200e-04  7.2535564000e-05 -2.4145534700e-04  6.6958787000e-05 -2.9043036400e-04  3.7220683000e-05 -5.9971110000e-06

JOB 3
COORDS  1.6586889553e-01  3.2483247344e-03 -2.8359848253e-02 -5.5532725281e-01 -1.2377541008e+00 -1.3036865660e-01 -1.9720440580e+00 -1.2319299875e+00 -1.2628298353e-01 -2.6831346821e+00 -1.7944652386e-03  1.3260730232e-03 -1.9730246196e+00  1.2289543595e+00  1.2626880269e-01 -5.5625799182e-01  1.2393656968e+00  1.1745484752e-01  1.6726434086e+00  4.6294496663e-03  8.1144645296e-03  2.3760675131e+00 -1.1605176643e+00  2.5396014319e-01  2.3874236416e+00  1.1596085012e+00 -2.5629351098e-01 -1.9291700242e-02 -2.1973027814e+00 -2.6397598203e-01 -2.5250249955e+00 -2.1862846058e+00 -2.2564439492e-01 -3.7917850818e+00 -3.0477137226e-03  8.5203557093e-03 -2.5271886129e+00  2.1806365492e+00  2.4287096007e-01 -2.0268084364e-02  2.1981728701e+00  2.5727866885e-01  3.4273188137e+00 -1.1912867008e+00  2.3284549612e-01  1.8694951888e+00 -2.0287556121e+00  5.5634306864e-01  3.4380633928e+00  1.1922534143e+00 -2.1554202480e-01  1.8856928809e+00  2.0304733740e+00 -5.5897387484e-01
ENERGY -3.765416055013e+02
GRADIENT -8.5088210500e-04 -3.1617753300e-04 -6.1125358600e-03  1.1064672300e-04 -1.0578583530e-03  2.6285302730e-03  1.0698372900e-04  1.1622723700e-04  4.8347600000e-06  1.9083410000e-06  3.6575900000e-05 -1.7699419000e-05  3.3886731800e-04 -6.3653452300e-04 -1.4476962700e-04  4.6990862700e-04  1.1949026820e-03  7.3406073000e-04  1.0089355670e-03  7.2361243400e-04  5.4546593380e-03 -1.2060076840e-03 -1.0695850510e-03 -1.4114993350e-03 -1.5850734000e-04  7.6280876400e-04 -6.7066205700e-04  2.0733939900e-04  2.9485168000e-05 -3.5535800000e-05  2.4112820000e-05 -3.4711750000e-06 -5.7110294000e-05 -7.2814770000e-06 -3.2449867000e-05  2.4837317000e-05  8.3641126000e-05 -9.0689320000e-06  2.6398631000e-05  2.8343035100e-04  1.5000263000e-05  1.3035824500e-04 -1.2016217900e-04  3.8541375200e-04 -5.3108920600e-04 -1.5906814800e-04 -8.4781438000e-05 -1.0140306800e-04 -2.4116882000e-05 -2.4826478000e-05  6.2910326000e-05 -1.1736615900e-04 -2.9641864000e-05  1.6319455000e-05

JOB 4
COORDS  1.6676573352e-01  1.6378127155e-03 -2.3904679205e-02 -5.5730296905e-01 -1.2375348787e+00 -1.2578120806e-01 -1.9740982825e+00 -1.2307866570e+00 -1.2102617400e-01 -2.6861747676e+00 -7.5539492212e-04  2.3557243602e-03 -1.9760999266e+00  1.2305276512e+00  1.2142856263e-01 -5.5922353226e-01  1.2368164206e+00  1.1294355862e-01  1.6739587357e+00  2.9641501303e-03  4.2832176683e-03  2.3833489415e+00 -1.1608000925e+00  2.4226228210e-01  2.3891024353e+00  1.1603391815e+00 -2.4794738508e-01 -2.4044907334e-02 -2.1989112239e+00 -2.5739176362e-01 -2.5269338636e+00 -2.1855828338e+00 -2.1674544652e-01 -3.7948251180e+00 -2.2512553191e-03  9.0788106888e-03 -2.5289900872e+00  2.1836994067e+00  2.3203466488e-01 -2.5477724053e-02  2.1977287320e+00  2.4550174515e-01  3.4347062478e+00 -1.1953237497e+00  2.3092330352e-01  1.8770644969e+00 -2.0304004321e+00  5.4080865234e-01  3.4397992375e+00  1.1924000795e+00 -2.0863192968e-01  1.8883559990e+00  2.0349520211e+00 -5.4089071366e-01
ENERGY -3.765416547318e+02
GRADIENT  1.9055030900e-04 -1.5427190600e-04 -4.7398227380e-03 -8.0680335000e-05 -3.6228200200e-04  2.3093809820e-03  1.8972772500e-04  1.2396229100e-04 -4.8394279000e-05  8.2590665000e-05  2.9340366000e-05  1.5068670000e-05 -1.3896131100e-04  3.7347675800e-04 -5.2527131000e-05 -3.3174422000e-04 -1.9504483200e-04  3.6790011700e-04 -5.6355270000e-04  1.7623355300e-04  4.1699497240e-03  4.5398566900e-04  4.5105159900e-04 -1.7357459460e-03  2.2187879700e-04  5.5709037000e-05 -2.6173469900e-04  8.1253183000e-05  3.5307391000e-05 -1.1451680900e-04  9.2561120000e-06  7.1115890000e-06  1.1254211000e-05  7.0005440000e-06  3.9429721000e-05  1.3326533000e-05 -4.9335678000e-05  7.8622000000e-06  2.3763309000e-05 -2.4569819000e-05 -6.0437596000e-05  4.1743543000e-05 -2.5993233000e-05 -7.1465423400e-04 -8.2606410000e-05 -1.1987669000e-05  1.3365148500e-04 -5.3880480000e-05  4.9438750000e-06  1.5794390100e-04  7.1518033000e-05 -2.3758950000e-05 -1.0509271100e-04  6.5460527000e-05

JOB 5
COORDS  1.6610799453e-01  1.0844362749e-03 -1.6596566112e-02 -5.6132343542e-01 -1.2360393055e+00 -1.2022841736e-01 -1.9782437773e+00 -1.2314360067e+00 -1.1647594986e-01 -2.6890879547e+00 -4.5713576807e-04  2.3876205652e-03 -1.9756249660e+00  1.2294628587e+00  1.1628638822e-01 -5.5865515487e-01  1.2378778855e+00  1.0950906637e-01  1.6733872098e+00 -1.0989502660e-04  2.5067606282e-03  2.3871905118e+00 -1.1636456021e+00  2.3001820280e-01  2.3891882942e+00  1.1589176574e+00 -2.3854457815e-01 -2.9924693255e-02 -2.1988980992e+00 -2.4821868259e-01 -2.5307257034e+00 -2.1866863462e+00 -2.0980136614e-01 -3.7977582805e+00 -5.5569808444e-06  7.6308205083e-03 -2.5277898313e+00  2.1837869817e+00  2.1995443057e-01 -2.6677099605e-02  2.2007957890e+00  2.3445617092e-01  3.4391020171e+00 -1.1786034646e+00  2.2589269271e-01  1.8908518702e+00 -2.0401219697e+00  5.2546730850e-01  3.4402022816e+00  1.1841357282e+00 -2.0383807238e-01  1.8917524281e+00  2.0388221160e+00 -5.2128420105e-01
ENERGY -3.765416649664e+02
GRADIENT  2.4449720000e-04  4.0963220000e-05 -3.0781247640e-03 -4.1128468300e-04  7.1890236700e-04  1.7928375700e-03 -1.1443862600e-04 -4.7283472100e-04 -1.0368669600e-04 -3.2139108400e-04  8.7247364000e-05  4.4878152000e-05  2.8862178900e-04 -5.3399676300e-04 -1.0126909000e-04  2.2076967600e-04  3.0075011700e-04  8.1212280000e-05  4.0125846500e-04  3.4687012200e-04  2.9211669430e-03  1.1407345000e-05 -5.3663104700e-04 -1.3616361140e-03 -1.1050687800e-04 -1.0422790700e-04 -9.0307265000e-05 -1.6556953800e-04 -1.3617997000e-05 -1.5099139100e-04 -7.9485963000e-05  2.4747220000e-06  5.8246052000e-05 -1.9843314000e-05 -8.0039684000e-05 -2.2864614000e-05  2.0511196000e-05 -4.4338802000e-05  5.0595170000e-06 -1.0223106000e-05  2.1524302000e-05 -6.5301003000e-05  2.7435073000e-05  4.7195081400e-04 -1.4572425000e-04  3.7607978000e-05 -4.2638948000e-05 -1.9253513000e-05 -1.3197205000e-05 -2.1723788000e-04  1.6879221800e-04 -1.6028488000e-05  5.3290773000e-05  6.6584268000e-05

JOB 6
COORDS  1.6594111678e-01  1.1231090366e-04 -1.5627877882e-02 -5.5828564336e-01 -1.2387414519e+00 -1.2013007616e-01 -1.9751889885e+00 -1.2302285551e+00 -1.1733908808e-01 -2.6864500750e+00  5.9548537685e-04  1.7166785140e-03 -1.9761752985e+00  1.2320915152e+00  1.1748170297e-01 -5.5925710437e-01  1.2365692098e+00  1.1090207487e-01  1.6730122896e+00  5.2699758586e-04  3.8806363119e-03  2.3853086611e+00 -1.1639726539e+00  2.3127005504e-01  2.3877878941e+00  1.1597063797e+00 -2.3992855917e-01 -2.6289932816e-02 -2.2014442024e+00 -2.4686060599e-01 -2.5285987847e+00 -2.1847745705e+00 -2.1211071401e-01 -3.7951078501e+00 -1.5284950211e-04  6.0419191754e-03 -2.5282881036e+00  2.1864434836e+00  2.2161849915e-01 -2.5733597100e-02  2.1984714833e+00  2.3712750599e-01  3.4371443679e+00 -1.1827268927e+00  2.2713695055e-01  1.8866036886e+00 -2.0390755370e+00  5.2685097057e-01  3.4388500568e+00  1.1877331595e+00 -2.0866539091e-01  1.8882189091e+00  2.0379556842e+00 -5.2412351663e-01
ENERGY -3.765416723560e+02
GRADIENT -7.3971952000e-05  6.4375990000e-05 -3.1482342550e-03  2.9907915600e-04 -4.9844872000e-04  1.6273613830e-03  8.4056959000e-05  2.8802898400e-04 -2.0110620000e-06  2.6244437100e-04 -4.7800472000e-05  1.6600391000e-05 -3.2126817500e-04  5.9882295400e-04  5.3265608000e-05 -1.4666739300e-04 -4.5882445700e-04 -2.4163478000e-05  9.2617582000e-05  4.0567501700e-04  3.1603616400e-03 -1.2018678100e-04 -5.7005276400e-04 -1.4460091910e-03 -4.8082995000e-05 -9.2328634000e-05 -1.1146143700e-04  2.4344288000e-05 -4.0059200000e-05 -6.0061592000e-05  5.3497242000e-05 -6.9019870000e-06  2.1243287000e-05  1.9970859000e-05  6.2836571000e-05 -5.0014800000e-06 -3.7596133000e-05  3.7715814000e-05  8.4658560000e-06 -7.0846243000e-05  2.8046020000e-06 -5.2482543000e-05  5.6927960000e-06  2.6970018900e-04 -1.0386503300e-04 -9.2721500000e-06 -6.9730265000e-05 -5.9256040000e-05 -1.5662947000e-05  7.1825080000e-06  7.9642350000e-05 -7.2391120000e-06  4.5821610000e-05  4.5339545000e-05

JOB 7
COORDS  1.6694188284e-01  2.5491408402e-03 -1.5683084779e-02 -5.5765525611e-01 -1.2362126581e+00 -1.2035945673e-01 -1.9745783571e+00 -1.2313134018e+00 -1.1865238138e-01 -2.6865962997e+00 -1.1035252248e-03  1.0727750134e-03 -1.9753906765e+00  1.2297221078e+00  1.1882333427e-01 -5.5847008022e-01  1.2385156834e+00  1.1283218582e-01  1.6740630471e+00  2.7073794011e-03  4.9002409944e-03  2.3835492843e+00 -1.1632772067e+00  2.3335576963e-01  2.3895934744e+00  1.1607705065e+00 -2.4256959816e-01 -2.4067196497e-02 -2.1980626570e+00 -2.4628538420e-01 -2.5265737948e+00 -2.1865503823e+00 -2.1489102759e-01 -3.7952697714e+00 -1.9364618445e-03  5.1568272257e-03 -2.5286081465e+00  2.1832393292e+00  2.2438503729e-01 -2.5871899318e-02  2.2006175801e+00  2.4175645413e-01  3.4351171183e+00 -1.1931173304e+00  2.2900707888e-01  1.8789762011e+00 -2.0344714201e+00  5.3031937122e-01  3.4407410220e+00  1.1895269359e+00 -2.1421828834e-01  1.8894305730e+00  2.0377393093e+00 -5.2957479286e-01
ENERGY -3.765416722448e+02
GRADIENT  1.0513366400e-04  2.1472269000e-05 -3.4481964470e-03 -9.0380285000e-05 -4.6654302000e-05  1.7105291950e-03 -8.2386276000e-05 -7.9811299000e-05 -6.3214200000e-06 -1.4215508300e-04 -6.0674630000e-06  3.1143590000e-06  1.6787693500e-04 -3.0431610100e-04 -2.0347378000e-05  9.6173784000e-05  1.9682949500e-04  5.2284298000e-05 -5.2425370800e-04  5.1997717500e-04  3.5572835700e-03  2.4010696200e-04  3.8988956000e-05 -1.7236104050e-03  1.5717483100e-04 -8.8467698000e-05 -1.4454161600e-04  4.6858366000e-05  6.0974997000e-05  3.8444000000e-05 -2.6759262000e-05  7.2473100000e-06 -1.6711247000e-05 -1.4526277000e-05 -2.9472447000e-05  1.2035990000e-06  1.8111222000e-05 -2.0715029000e-05 -2.1489440000e-06  6.0070087000e-05 -4.3391090000e-06  7.6845760000e-06 -2.4712376000e-05 -4.7145672700e-04  3.3086564000e-05 -9.0657620000e-06  4.1709654000e-05 -8.1012456000e-05  6.9544600000e-07  1.9075865700e-04 -2.0281190000e-06  1.2723026000e-05 -2.7659013000e-05  4.0953051000e-05

