JOB 0
COORDS  1.5919580000e-01 -3.1949000000e-02 -4.1816100000e-02 -5.6053560000e-01 -1.1783385000e+00  4.2974330000e-01 -1.9793825000e+00 -1.1471775000e+00  4.5102980000e-01 -2.6760156000e+00  1.5275800000e-02  9.0418000000e-03 -1.9565608000e+00  1.1603481000e+00 -4.4303100000e-01 -5.3760830000e-01  1.1522951000e+00 -4.5083270000e-01  1.6749999000e+00 -2.6218900000e-02  7.1130000000e-03  2.3929894000e+00 -9.8190020000e-01 -6.8221540000e-01  2.3395211000e+00  9.9160400000e-01  6.5998690000e-01 -1.5826200000e-02 -2.0740846000e+00  7.8657810000e-01 -2.5418544000e+00 -2.0272846000e+00  8.1906990000e-01 -3.7840539000e+00  3.1504700000e-02  2.2445500000e-02 -2.5020403000e+00  2.0615810000e+00 -7.8469530000e-01  2.4708500000e-02  2.0379890000e+00 -8.0521570000e-01  3.4434685000e+00 -1.0553987000e+00 -6.3661060000e-01  1.8746483000e+00 -1.7263811000e+00 -1.2150989000e+00  3.3897741000e+00  1.0782534000e+00  6.6900790000e-01  1.7854851000e+00  1.6951572000e+00  1.2118968000e+00
ENERGY -3.765387796439e+02
GRADIENT  3.9106999300e-04 -1.4656098480e-03 -7.9694553350e-03 -1.4176039200e-04  1.9100126640e-03  4.1198491640e-03 -1.3816814600e-04 -1.6669773400e-04  7.7525105000e-05  3.0605444700e-04 -1.1806304000e-05 -3.1319900000e-07 -1.8055832900e-04  3.0036853000e-04 -9.6009198000e-05 -9.9621084000e-05 -2.2236173100e-04  8.1866234000e-05  6.5284376000e-05 -3.2818915200e-03  7.6331618270e-03 -1.3327945700e-04  2.6414967760e-03 -3.8548428810e-03 -6.2027297000e-05  3.4279496900e-04 -3.2406533000e-05 -1.2831797000e-05  8.4901370000e-06 -1.3668949000e-05 -8.2634700000e-07 -1.7237376000e-05  9.6174070000e-06  2.4611231000e-05  9.1961620000e-06 -5.9915870000e-06 -1.3072465000e-05  2.6330201000e-05 -8.2484900000e-06 -2.4447718000e-05 -2.1725923000e-05  1.3526590000e-06 -3.1356859000e-05  4.2071912000e-05 -6.1283030000e-06  2.5555453000e-05  1.6433860000e-06 -3.7667444000e-05 -6.7428000000e-07 -7.4941369000e-05  3.2244245000e-05  2.1405977000e-05 -2.7721590000e-05  6.7235965000e-05

JOB 1
COORDS  1.5773021822e-01 -1.8198284204e-02 -3.1239775694e-02 -5.5621198310e-01 -1.1832186646e+00  4.0190189657e-01 -1.9751918141e+00 -1.1578925066e+00  4.2110960166e-01 -2.6778294599e+00  1.1794247211e-02  8.7841545680e-03 -1.9605623027e+00  1.1690234755e+00 -4.1501646812e-01 -5.4156898354e-01  1.1707834785e+00 -4.2159381886e-01  1.6740586534e+00 -1.5494943801e-02 -2.8942895738e-03  2.3867931030e+00 -1.0110251757e+00 -6.3920295890e-01  2.3476540641e+00  1.0163264911e+00  6.1747490947e-01 -7.8935804570e-03 -2.0869756486e+00  7.3210330403e-01 -2.5341763560e+00 -2.0504887734e+00  7.6340179599e-01 -3.7859938138e+00  2.2847203196e-02  2.0204701889e-02 -2.5098359256e+00  2.0746786195e+00 -7.3825353983e-01  1.7069895621e-02  2.0656253250e+00 -7.5853500949e-01  3.4364751964e+00 -1.0912974757e+00 -5.8620791088e-01  1.8636882087e+00 -1.7780659296e+00 -1.1340686312e+00  3.3985661683e+00  1.0948320003e+00  6.2519097272e-01  1.7990262622e+00  1.7434674300e+00  1.1435963820e+00
ENERGY -3.765397560145e+02
GRADIENT -2.3851692600e-03 -7.4368906200e-04 -4.5705738410e-03  5.6392579000e-04  9.8913936000e-04  3.8414574680e-03  6.0691240000e-05  7.1954861900e-04 -3.5702424700e-04 -8.1069214600e-04 -3.1305639000e-05  7.7814294000e-05  3.7343014800e-04 -1.1461357100e-03  2.3270365100e-04  9.1632233100e-04  6.6750591600e-04 -9.0488229900e-04  5.7611494900e-04 -1.6352403650e-03  3.7871179670e-03  5.3294846200e-04  2.6968109990e-03 -2.8025369740e-03 -2.3773309200e-04 -8.8811503700e-04  1.4487131500e-04  8.5209909000e-05 -1.1095345400e-04 -2.3259769300e-04  3.4723702000e-05  5.6437144000e-05 -1.2103350000e-05 -3.7458732000e-05 -1.9275042000e-05  1.9416315000e-05  7.9044323000e-05 -5.2361871000e-05  4.0352457000e-05  1.2433027500e-04  3.5926491000e-05  9.7029200000e-06  2.5635851900e-04 -2.1423449300e-04 -3.1218928000e-05 -1.6966357200e-04 -2.5334557700e-04  2.5211987700e-04  2.1456037200e-04 -2.3708762000e-05  2.6763551400e-04 -1.5885203300e-04 -3.8673892000e-05  2.4444824000e-04

JOB 2
COORDS  1.6126898994e-01 -1.4428721529e-02 -2.3125858408e-02 -5.5543120111e-01 -1.1889804162e+00  3.7952679576e-01 -1.9743153838e+00 -1.1698465577e+00  3.9540343169e-01 -2.6750029157e+00  8.7320903358e-03  4.6399501496e-03 -1.9647659324e+00  1.1793820612e+00 -3.9354205382e-01 -5.4589687112e-01  1.1768135346e+00 -3.9346381344e-01  1.6759165575e+00 -1.1311800089e-02  2.3432764443e-03  2.3780664266e+00 -1.0341342764e+00 -6.0183495783e-01  2.3566313488e+00  1.0386455362e+00  5.8420066707e-01 -7.0851527145e-03 -2.0978179290e+00  6.9514648660e-01 -2.5328405671e+00 -2.0705797726e+00  7.1676706054e-01 -3.7831936848e+00  1.6062028702e-02  1.2547359399e-02 -2.5149415355e+00  2.0901592743e+00 -7.0085344638e-01  1.1489157372e-02  2.0790799570e+00 -7.1181685840e-01  3.4272037592e+00 -1.1168357728e+00 -5.4818189669e-01  1.8496489488e+00 -1.8114635022e+00 -1.0740675314e+00  3.4075895021e+00  1.1130158792e+00  5.7944070278e-01  1.8146868605e+00  1.7895910682e+00  1.0826186138e+00
ENERGY -3.765403250541e+02
GRADIENT -2.6199870000e-05 -1.1171074800e-03 -4.1097337870e-03 -2.0467550800e-04  2.3174208370e-03  2.7950359250e-03 -1.0466734130e-03 -8.1387201000e-04  2.8350309400e-04  1.9172086780e-03 -7.6589429000e-05  4.2450334000e-05 -1.3919900480e-03  1.6006352570e-03 -5.8872139500e-04 -5.2767414300e-04 -2.0839994620e-03 -2.8966554400e-04  2.2905499150e-03 -1.2202719150e-03  4.0517057630e-03 -7.7989428600e-04  1.8615757170e-03 -3.1740752620e-03 -3.1441583000e-04 -2.3866170700e-04  5.8891991200e-04  1.7388912000e-05  7.5197896000e-05 -2.9253172300e-04  1.8022980000e-06 -1.1388401300e-04  6.2450461000e-05  1.7978533800e-04  5.7893970000e-05 -2.8410552000e-05 -8.3571308000e-05  1.5358305000e-04 -3.1957955000e-05 -6.8587455000e-05 -1.7274160400e-04  1.3123833900e-04  1.0617165900e-04  1.1774532800e-04  2.0327019200e-04 -9.1677516000e-05 -2.8910970900e-04  1.2211482400e-04  1.4385168700e-04 -1.2382242800e-04  1.7405445900e-04 -8.5122983000e-05  7.5675977000e-05  6.2477873000e-05

JOB 3
COORDS  1.6128424944e-01 -8.0505864282e-03 -1.3950636474e-02 -5.5200620629e-01 -1.1995031475e+00  3.4511719669e-01 -1.9705210036e+00 -1.1825111669e+00  3.5557244915e-01 -2.6771708143e+00  4.4605557415e-03  8.7134495684e-04 -1.9621022342e+00  1.1861365354e+00 -3.5559701187e-01 -5.4360089079e-01  1.1943443181e+00 -3.5300477341e-01  1.6725641127e+00 -8.1984637206e-03  6.9456825108e-03  2.3666328770e+00 -1.0675956513e+00 -5.4197257940e-01  2.3604177787e+00  1.0685714088e+00  5.2941951219e-01 -3.0989208339e-03 -2.1155444667e+00  6.3851304470e-01 -2.5272894524e+00 -2.0948349145e+00  6.4553876238e-01 -3.7855978580e+00  9.2230259242e-03  3.9721904989e-03 -2.5138861792e+00  2.1039928471e+00 -6.3747253401e-01  1.0901191539e-02  2.1076785310e+00 -6.4430445597e-01  3.4150013504e+00 -1.1542230551e+00 -4.8784610821e-01  1.8328016656e+00 -1.8602527862e+00 -9.8052222769e-01  3.4110028647e+00  1.1395583439e+00  5.0823466220e-01  1.8252791840e+00  1.8505261204e+00  9.8490553472e-01
ENERGY -3.765410790374e+02
GRADIENT -1.9490207760e-03 -8.2452703500e-04 -3.2345172190e-03  9.6188063700e-04  3.4132989800e-04  2.4585889060e-03  3.1395488500e-04  7.1939656700e-04 -1.4875782400e-04 -1.2487923320e-03  5.2531228000e-05 -6.0841370000e-06  5.5759705000e-04 -1.1566355340e-03  3.9103326100e-04  1.2139656390e-03  6.4151218900e-04 -1.2279809690e-03  1.9450338490e-03 -1.0426080060e-03  3.8863212800e-03 -1.3489296760e-03  1.2788656840e-03 -2.9882061080e-03 -7.4535582400e-04  2.4769653900e-04  7.8866253300e-04  1.4087286000e-04 -6.0687840000e-05 -1.9371826900e-04  5.7003807000e-05  5.8113809000e-05  1.7458303000e-05 -7.6972703000e-05 -4.4584586000e-05 -1.1649512000e-05  9.2276221000e-05 -8.8909203000e-05  4.5849920000e-06  2.2066316400e-04  7.7629160000e-05  1.6277338000e-04 -4.6916530000e-06 -2.4806786000e-05  1.8038469300e-04 -6.2169908000e-05 -2.0998957200e-04  7.3824255000e-05  4.6939378000e-05 -1.5364400800e-04  2.5817133000e-05 -8.0167041000e-05  1.8964626300e-04 -1.8260267500e-04

JOB 4
COORDS  1.6103845389e-01 -1.4671010961e-02 -1.9973958705e-02 -5.6089776428e-01 -1.2019738152e+00  3.3926869707e-01 -1.9790792685e+00 -1.1822595556e+00  3.5228369633e-01 -2.6813490225e+00  9.0499454190e-03  3.7021155468e-03 -1.9644635927e+00  1.1910907400e+00 -3.4742464913e-01 -5.4619073607e-01  1.1907490133e+00 -3.4683167637e-01  1.6715591596e+00 -1.8283280123e-02  5.8348850356e-03  2.3854387231e+00 -1.0706095190e+00 -5.3242599285e-01  2.3550157139e+00  1.0668919471e+00  5.1645274234e-01 -1.6579508416e-02 -2.1202338491e+00  6.3423071874e-01 -2.5383888776e+00 -2.0936036002e+00  6.4055256577e-01 -3.7897492042e+00  1.7492326204e-02  9.3206260363e-03 -2.5131875901e+00  2.1128142769e+00 -6.2278605778e-01  9.0326528721e-03  2.1044177147e+00 -6.3552317608e-01  3.4346169201e+00 -1.1430327239e+00 -4.7493371411e-01  1.8653740009e+00 -1.8698637066e+00 -9.7486523533e-01  3.4047939799e+00  1.1461232061e+00  4.9122030879e-01  1.8162460161e+00  1.8491414187e+00  9.6668145980e-01
ENERGY -3.765411091849e+02
GRADIENT  5.0853477800e-04  6.0280664600e-04 -4.1201230540e-03 -3.5771064200e-04  1.4361864370e-03  2.2659298920e-03 -3.9302545000e-05 -1.8456458000e-04  4.1208633000e-05 -1.1611372100e-04  6.9004261000e-05 -3.3837758000e-05 -9.7682422000e-05  1.3301067300e-04  1.2020070000e-06 -4.3986567800e-04 -7.0798130600e-04 -1.7286116000e-04 -5.3661056000e-04 -2.8205741790e-03  4.6259586680e-03  1.5012898190e-03  2.6636506660e-03 -2.3375509430e-03 -1.6905217000e-04 -1.1437230560e-03 -2.5659822900e-04 -4.5127806000e-05  1.0349788200e-04  1.0781621900e-04 -4.0412770000e-05  7.7975650000e-06  4.5312620000e-06 -4.1135550000e-06 -1.1694860000e-05  1.4811738000e-05 -6.0821103000e-05 -3.9384821000e-05 -4.4766852000e-05  5.3424354000e-05 -3.8370196000e-05  2.0764435900e-04  1.2200596800e-04 -4.1603506200e-04 -1.3555368200e-04 -1.1081649900e-04  2.2364409400e-04  1.1103612700e-04  1.3801725000e-05  1.1026183300e-04  8.7070240000e-06 -1.5064916600e-04  2.3265294000e-05 -2.8720516200e-04

JOB 5
COORDS  1.6003567530e-01 -1.4041261669e-02 -2.3613586330e-02 -5.5847228200e-01 -1.2035314932e+00  3.3707676187e-01 -1.9764687702e+00 -1.1842931124e+00  3.5030852659e-01 -2.6780843000e+00  7.7110361914e-03  2.9770908518e-03 -1.9645744532e+00  1.1919252954e+00 -3.4767151263e-01 -5.4654214945e-01  1.1928712026e+00 -3.4812716575e-01  1.6697920444e+00 -1.4459153802e-02  7.1609907377e-03  2.3765922550e+00 -1.0728639973e+00 -5.2926083299e-01  2.3569791692e+00  1.0698989822e+00  5.1646125168e-01 -1.2719359513e-02 -2.1211260635e+00  6.3173486910e-01 -2.5357539165e+00 -2.0958172713e+00  6.3804531893e-01 -3.7864678565e+00  1.5202800144e-02  9.3815989577e-03 -2.5149329476e+00  2.1132470766e+00 -6.2117758945e-01  7.7642680485e-03  2.1067208766e+00 -6.3813195722e-01  3.4256541565e+00 -1.1444191051e+00 -4.7051415468e-01  1.8549841573e+00 -1.8718832139e+00 -9.7046898551e-01  3.4070240419e+00  1.1445686603e+00  4.8944190791e-01  1.8224880619e+00  1.8523095803e+00  9.7145136381e-01
ENERGY -3.765411367801e+02
GRADIENT  1.1523307000e-04 -5.6517845900e-04 -5.0924450770e-03 -1.7028084200e-04  7.0437438800e-04  2.5894763200e-03 -1.6453109000e-04 -2.4565666500e-04  1.0150076900e-04  7.3840596100e-04 -2.6065350000e-06 -3.4175236000e-05 -2.4500926400e-04  3.9348276200e-04 -3.2049119000e-05 -1.8549138000e-04 -5.4881797000e-05 -1.0671865000e-04  5.3621197000e-05 -1.7186610810e-03  5.1899176030e-03 -1.2634884200e-04  1.2747492950e-03 -3.0030764880e-03  1.2990633100e-04 -1.0219468600e-04  2.8079501400e-04 -6.2077530000e-05 -2.9809921000e-05  9.8751127000e-05  2.7430568000e-05 -4.3808787000e-05  6.7797220000e-06  5.1698385000e-05  1.0879269000e-05 -1.7414950000e-06  1.5076234000e-05  4.6756929000e-05 -4.2875390000e-05 -9.4824141000e-05  5.9804145000e-05  2.2778307000e-05 -1.1262776000e-05  2.4119484900e-04  1.7700513700e-04 -2.2119757000e-05 -5.0262428000e-05  6.7586455000e-05 -7.8531180000e-06  6.7895898000e-05 -9.7698986000e-05 -9.4884680000e-06  2.1110235000e-05 -1.2560321800e-04

JOB 6
COORDS  1.6141750980e-01 -1.3234113679e-02 -2.5180816025e-02 -5.5803097799e-01 -1.2016395786e+00  3.3617912133e-01 -1.9762357507e+00 -1.1830313604e+00  3.4986106691e-01 -2.6814307590e+00  7.0312095082e-03  3.0463090210e-03 -1.9656524178e+00  1.1898225737e+00 -3.4806725875e-01 -5.4741423040e-01  1.1921506629e+00 -3.4918978522e-01  1.6710500480e+00 -1.2275717848e-02  7.2304882396e-03  2.3754921716e+00 -1.0730598087e+00 -5.2798350276e-01  2.3586671351e+00  1.0715466903e+00  5.1739807270e-01 -1.1962348995e-02 -2.1193133677e+00  6.2985829457e-01 -2.5340735405e+00 -2.0952554275e+00  6.3812962260e-01 -3.7898539528e+00  1.4058518655e-02  9.9825172483e-03 -2.5158426637e+00  2.1112827195e+00 -6.2134058752e-01  5.9056628955e-03  2.1062133053e+00 -6.4031258761e-01  3.4242675013e+00 -1.1507507094e+00 -4.7203470394e-01  1.8504001699e+00 -1.8693411583e+00 -9.7001598126e-01  3.4089862943e+00  1.1431246816e+00  4.9274600711e-01  1.8253831477e+00  1.8532594538e+00  9.7509447979e-01
ENERGY -3.765411369633e+02
GRADIENT  6.8768260800e-04 -9.3046794300e-04 -5.3017230250e-03 -2.0729216700e-04  1.0388501870e-03  2.6194841930e-03  1.8656416500e-04  2.6766266000e-04 -4.6297378000e-05 -6.3974137600e-04 -1.0575280000e-05 -1.0673346000e-05  1.7313898500e-04 -2.3343351100e-04  9.9814308000e-05 -1.1584598800e-04 -2.2743559400e-04  1.8622672000e-05 -6.8065240000e-06 -1.3255394810e-03  5.1374810460e-03 -1.0744247800e-04  1.3697290810e-03 -2.8117573020e-03  1.2087939800e-04  2.0850103700e-04  4.3769577800e-04  4.7239662000e-05  4.9620018000e-05 -9.9214330000e-06 -3.7923582000e-05  5.0238660000e-05 -2.1823428000e-05 -4.5906544000e-05  3.4339360000e-06 -2.9058150000e-06 -3.3175247000e-05 -4.6383904000e-05  1.2811376000e-05  5.2859580000e-06 -3.9223777000e-05 -4.7175290000e-06 -4.8869365000e-05 -1.3178725800e-04 -3.1957994000e-05  3.3000499000e-05 -6.6283804000e-05  8.4514429000e-05 -1.2007652000e-05 -7.2064860000e-06 -1.2250461200e-04  3.3014114000e-05  3.5678484000e-05 -4.8970180000e-05

