JOB 0
COORDS  1.5468590000e-01 -3.9090000000e-03 -7.2895000000e-03 -5.8416310000e-01 -5.3394810000e-01 -1.1236981000e+00 -2.0007353000e+00 -5.2736390000e-01 -1.1101948000e+00 -2.7053679000e+00  4.6616000000e-03  9.7199000000e-03 -1.9843916000e+00  5.3242630000e-01  1.1212082000e+00 -5.6774460000e-01  5.3058080000e-01  1.1177248000e+00  1.6642591000e+00 -8.0686000000e-03 -1.6367500000e-02  2.3924048000e+00  4.9666300000e-01  1.0467312000e+00  2.3766485000e+00 -5.1812020000e-01 -1.0875111000e+00 -6.8144600000e-02 -9.5448520000e-01 -2.0082421000e+00 -2.5580508000e+00 -9.3785560000e-01 -1.9746248000e+00 -3.8140358000e+00  7.9558000000e-03  1.6281400000e-02 -2.5289279000e+00  9.4617580000e-01  1.9922063000e+00 -3.8743900000e-02  9.4779530000e-01  1.9961460000e+00  3.4439441000e+00  4.9921750000e-01  1.0526321000e+00  1.9045749000e+00  8.9352980000e-01  1.8860461000e+00  3.4280178000e+00 -5.2171080000e-01 -1.1066453000e+00  1.8771782000e+00 -9.0854840000e-01 -1.9230005000e+00
ENERGY -3.765408624150e+02
GRADIENT  1.3275439000e-05 -3.6938575000e-05 -1.4398717000e-05  2.2790783000e-05  2.6482597000e-05 -3.2450160000e-06  1.3400030000e-05  6.6735840000e-06  2.4341494000e-05 -4.0401069000e-05  2.2802120000e-06 -4.7978000000e-08 -4.7783820000e-06  1.0840470000e-06  3.8966460000e-06  1.3238231000e-05 -9.9408260000e-06 -2.5307373000e-05 -1.0478413400e-04  5.2553187000e-05 -1.0673024000e-05  9.8678328000e-05 -4.9933826000e-05 -9.3249511000e-05 -3.8321555000e-05 -1.2403742600e-04  3.5081322000e-05  1.0859853000e-05 -4.9012880000e-06  2.0924520000e-06 -5.1989900000e-07  2.3481340000e-06  1.8305460000e-06 -3.3124290000e-06  1.1975020000e-06  2.1074780000e-06 -3.8755280000e-06 -1.6053090000e-06 -7.1113300000e-07  6.2396540000e-06 -3.4973780000e-06 -5.5327930000e-06  1.1940052000e-05  5.8802600000e-05  1.0551298700e-04 -2.3391360000e-06  1.3136400000e-07  7.7769500000e-07  2.4102090000e-06  4.9967219000e-05  7.8838940000e-06 -1.0326537000e-05  2.9316540000e-05 -3.0366421000e-05

JOB 1
COORDS  1.5487813581e-01  2.5043916397e-02 -2.0918787466e-02 -5.8370408670e-01 -5.4840686774e-01 -1.1159286985e+00 -2.0001755076e+00 -5.5600417494e-01 -1.0961080897e+00 -2.7048013482e+00 -2.1438362236e-03  1.3133560962e-02 -1.9842615619e+00  5.5809257097e-01  1.1088814502e+00 -5.6772141564e-01  5.7055665298e-01  1.0987429112e+00  1.6644964316e+00  1.4004023399e-02 -2.6294524620e-02  2.3910252352e+00  4.4784083429e-01  1.0686273050e+00  2.3775152396e+00 -4.7363066252e-01 -1.1074345170e+00 -6.7397833831e-02 -9.9057802306e-01 -1.9896775246e+00 -2.5571477021e+00 -9.9603904478e-01 -1.9461100663e+00 -3.8133942403e+00 -1.0244137840e-02  2.5209299722e-02 -2.5290391419e+00  9.8448279984e-01  1.9736090136e+00 -3.9036002388e-02  1.0089187341e+00  1.9670010010e+00  3.4423067391e+00  4.2837660981e-01  1.0815330108e+00  1.9035653082e+00  8.0957586980e-01  1.9238802531e+00  3.4287332054e+00 -4.9788406456e-01 -1.1174604652e+00  1.8785812759e+00 -8.2696173903e-01 -1.9595614128e+00
ENERGY -3.765407932903e+02
GRADIENT  1.2661117100e-04  1.4973809670e-03 -7.8882443600e-04 -9.0314331000e-05 -1.1989471710e-03  7.7664819300e-04 -2.9642986000e-05 -6.0514772000e-05 -1.1021536300e-04  8.6415024000e-05  3.0701820000e-06  1.8876167000e-05 -1.2623202000e-05  4.7383847000e-05 -2.9960910000e-06 -3.7656027000e-05 -3.7540383600e-04  1.4340225100e-04  2.1539614000e-04  3.0170199020e-03 -1.3069225970e-03 -2.1092432700e-04 -8.9683961400e-04  5.3659176300e-04  4.9404831000e-05 -8.2739437100e-04  3.9450023600e-04 -6.2612507000e-05  1.0223134200e-04 -6.5976651000e-05 -1.0328290000e-05  9.2201272000e-05 -5.4147336000e-05  3.4876020000e-06 -2.2102380000e-05  3.8795010000e-06  1.7393080000e-06  9.5626100000e-06  1.7779800000e-07 -5.4474973000e-05 -5.5193330700e-04  2.9100279700e-04 -2.9738472000e-05 -3.4605386500e-04 -5.9238591000e-05  3.0343046000e-05 -3.5426837000e-05  2.4523071000e-05 -1.2198087000e-05  7.6301172000e-05 -6.2041367000e-05  2.8713307000e-05 -5.2548120100e-04  2.5695975600e-04

JOB 2
COORDS  1.5476937868e-01  3.0984734078e-02 -2.4156854277e-02 -5.8275898845e-01 -5.6747527848e-01 -1.1064166214e+00 -1.9991665506e+00 -5.7911967448e-01 -1.0837288090e+00 -2.7041019072e+00 -4.4925893973e-03  1.4703559676e-02 -1.9839398126e+00  5.8026337145e-01  1.0978249619e+00 -5.6746096701e-01  5.9621640656e-01  1.0859090702e+00  1.6643366155e+00  1.5287596478e-02 -2.6461796784e-02  2.3897593117e+00  4.0482098967e-01  1.0857187587e+00  2.3780253098e+00 -4.3556140700e-01 -1.1230179896e+00 -6.5941065641e-02 -1.0286021944e+00 -1.9700174516e+00 -2.5560250574e+00 -1.0399452829e+00 -1.9227079434e+00 -3.8126504463e+00 -1.5615012340e-02  2.8352184099e-02 -2.5289638518e+00  1.0234947621e+00  1.9538814853e+00 -3.8677201638e-02  1.0579437879e+00  1.9419359977e+00  3.4410327791e+00  3.8511679121e-01  1.0991452882e+00  1.9012616060e+00  7.3580056384e-01  1.9527578859e+00  3.4290424964e+00 -4.6834731912e-01 -1.1301552643e+00  1.8797982104e+00 -7.4638333414e-01 -1.9919782755e+00
ENERGY -3.765408759171e+02
GRADIENT -2.7787795000e-05  1.8679033290e-03 -1.1750872810e-03 -4.1022842000e-05 -1.4553322370e-03  7.8518898800e-04  7.5785618000e-05 -5.6002523000e-05 -3.9277450000e-06  3.2584122000e-05  3.4024985000e-05  1.8445020000e-06  3.6861085000e-05  4.3206530000e-06  7.0699520000e-06 -2.3747282000e-05 -4.6215356500e-04  2.5796112900e-04  6.7374497000e-05  2.9127214010e-03 -9.9476489600e-04 -6.4926752000e-05 -1.0247381110e-03  4.8633685700e-04  1.5075699800e-04 -8.0604387500e-04  4.1484815400e-04 -1.5433431100e-04  2.6654372900e-04 -2.2227624900e-04  5.2923580000e-06  6.3675099000e-05 -3.3742150000e-05 -3.3429940000e-06 -2.2251070000e-06  3.0738830000e-06  1.1463059000e-05 -1.0861276000e-05  1.0384657000e-05 -1.6919229600e-04 -5.8206246400e-04  3.7972374600e-04 -5.9308622000e-05 -4.2382988000e-04 -2.7822476000e-05  1.1420387000e-04  1.8589185900e-04 -1.1445094700e-04 -2.8006426000e-05  1.0962079700e-04 -8.5964906000e-05  8.2021886000e-05 -6.2045310200e-04  3.0853669000e-04

JOB 3
COORDS  1.5495667740e-01  3.4123679127e-02 -2.7421416113e-02 -5.8183846527e-01 -6.0049687728e-01 -1.0890415848e+00 -1.9982805024e+00 -6.1486524489e-01 -1.0632842134e+00 -2.7024669985e+00 -5.9826853976e-03  1.7101764867e-02 -1.9822040081e+00  6.1591863281e-01  1.0793778653e+00 -5.6567910694e-01  6.3336283129e-01  1.0653372875e+00  1.6640472716e+00  1.4436883099e-02 -2.7467065405e-02  2.3847771680e+00  3.3635096822e-01  1.1092338786e+00  2.3789398657e+00 -3.7389899834e-01 -1.1468851676e+00 -6.3845986992e-02 -1.0942700592e+00 -1.9337018024e+00 -2.5555807159e+00 -1.1065348497e+00 -1.8842753395e+00 -3.8109585349e+00 -1.9106645005e-02  3.2947201157e-02 -2.5271215478e+00  1.0880146275e+00  1.9199345885e+00 -3.5212762239e-02  1.1323882079e+00  1.8991676419e+00  3.4361656753e+00  3.2614428107e-01  1.1284516193e+00  1.8895777978e+00  6.0868103892e-01  1.9928586539e+00  3.4296520623e+00 -4.1677762561e-01 -1.1508073477e+00  1.8825215220e+00 -6.1329170238e-01 -2.0393538951e+00
ENERGY -3.765411533328e+02
GRADIENT  9.1163085000e-05  2.0933350150e-03 -1.4433069050e-03 -8.3020136000e-05 -1.3433658670e-03  1.0570117820e-03  9.9848235000e-05 -1.2631868200e-04 -1.4159065700e-04  5.9815688000e-05  5.8798789000e-05  1.1162270000e-05  2.2773170000e-05  4.6496944000e-05  1.0661174400e-04  3.3761297000e-05 -7.7961384200e-04  2.5787849400e-04 -3.3444737100e-04  2.6630429970e-03 -7.5198976700e-04  2.3876890200e-04 -1.2009260910e-03  1.8946537800e-04  2.5315529900e-04 -8.4455301500e-04  2.2211328800e-04 -3.9450971700e-04  3.5212029500e-04 -3.8714859200e-04  7.7107930000e-06  2.2983487000e-05 -1.9242484000e-05 -4.0525810000e-06 -1.3642330000e-06 -1.5185100000e-07  1.8485143000e-05 -1.8932601000e-05  2.2992736000e-05 -3.3531435100e-04 -5.1335843800e-04  4.2362545900e-04 -9.8649148000e-05 -3.3247446500e-04  3.7466409800e-04  2.8336910400e-04  4.4797656200e-04 -2.3430613400e-04 -7.1948506000e-05  1.7761953200e-04 -1.8039950000e-06  2.2714665700e-04 -7.0753132200e-04  3.1710540100e-04

JOB 4
COORDS  1.5371051460e-01  7.4400808940e-03 -1.3011438724e-02 -5.7941822134e-01 -6.2602423895e-01 -1.0771993453e+00 -1.9961814563e+00 -6.2805915268e-01 -1.0574667192e+00 -2.7000504047e+00 -8.5543235114e-04  1.2733830984e-02 -1.9806873790e+00  6.3105736567e-01  1.0699142924e+00 -5.6390661204e-01  6.3584827487e-01  1.0647052765e+00  1.6620301006e+00 -7.2172418330e-03 -1.6934357360e-02  2.3842718761e+00  3.1209865262e-01  1.1192207884e+00  2.3724943386e+00 -3.4702135661e-01 -1.1545937377e+00 -5.7699651393e-02 -1.1364699256e+00 -1.9096646502e+00 -2.5541098458e+00 -1.1246791874e+00 -1.8750426804e+00 -3.8086765081e+00 -3.9573617232e-03  2.2635910088e-02 -2.5267167189e+00  1.1238707360e+00  1.8977615178e+00 -3.0429291729e-02  1.1544756342e+00  1.8846947861e+00  3.4357832479e+00  3.3327974349e-01  1.1234627628e+00  1.8909856045e+00  5.4792639293e-01  2.0146680122e+00  3.4235139276e+00 -3.8149240898e-01 -1.1702342963e+00  1.8698582526e+00 -5.4486871930e-01 -2.0540659904e+00
ENERGY -3.765414631758e+02
GRADIENT -8.5259551500e-04  8.6773175600e-04 -3.7026012000e-04  6.1071301100e-04 -4.1771993100e-04 -2.6124557900e-04  6.5087738000e-05  5.7127267000e-05  1.4926620100e-04 -2.3982840000e-06  1.5153930000e-06 -2.2715200000e-05  9.3115135000e-05 -7.0047784000e-05 -4.4918164000e-05  4.4199064400e-04 -3.3036469200e-04  5.8769316600e-04 -2.7256622700e-04 -4.9804684800e-04 -5.7762578000e-05 -1.8192223300e-04 -1.6888623500e-04  4.2838609800e-04  1.9026418000e-04 -9.8887734000e-05  2.8280545800e-04 -1.9305562400e-04  3.8703454100e-04 -4.2768010100e-04  7.5817056000e-05 -7.0193342000e-05  2.5177980000e-05 -3.3754260000e-06  2.2429273000e-05 -1.2213627000e-05  6.5454828000e-05 -2.4969805000e-05  2.7682759000e-05 -2.0984656400e-04  1.3616600000e-06  2.2929102300e-04 -2.6349322000e-05 -1.7840269700e-04 -2.2553794400e-04  1.4605596000e-04  7.4931714500e-04 -1.6297577500e-04 -4.7714377000e-05  9.5749402000e-05 -2.0044254200e-04  1.1003968700e-04 -3.2730450200e-04  5.7945939000e-05

JOB 5
COORDS  1.5907430809e-01 -3.4158366388e-02  7.1723128656e-03 -5.8325065621e-01 -6.6303110060e-01 -1.0527355091e+00 -2.0004060428e+00 -6.4501090406e-01 -1.0483663119e+00 -2.7028161454e+00  1.0604129463e-02  5.5943980696e-03 -1.9804053270e+00  6.5237155019e-01  1.0546811521e+00 -5.6334388177e-01  6.3219461942e-01  1.0577078867e+00  1.6672307461e+00 -3.1294145879e-02 -9.1213645460e-03  2.3903018517e+00  2.8588383606e-01  1.1267182051e+00  2.3697318480e+00 -3.0635840496e-01 -1.1686715116e+00 -6.0893411689e-02 -1.2054755286e+00 -1.8641390522e+00 -2.5589561751e+00 -1.1466316614e+00 -1.8625585162e+00 -3.8113757983e+00  2.5434581615e-02  6.9801737668e-03 -2.5237749575e+00  1.1760124800e+00  1.8652634685e+00 -2.5006370309e-02  1.1729558999e+00  1.8598277808e+00  3.4394683744e+00  3.6112170429e-01  1.1311505409e+00  1.8932838513e+00  4.4141794211e-01  2.0377876825e+00  3.4211585792e+00 -3.2558403142e-01 -1.1925799766e+00  1.8603390389e+00 -4.5362385435e-01 -2.0743035161e+00
ENERGY -3.765415572832e+02
GRADIENT  2.8459181910e-03 -1.2648423960e-03  1.4969168570e-03 -1.2743586620e-03  3.0063540350e-03  1.2239085950e-03 -7.0758958700e-04 -3.9214251300e-04 -9.1175148400e-04  2.1075958500e-04 -1.3522464200e-04  6.4359700000e-07 -4.3035880900e-04  5.1747563100e-04  6.7027199100e-04 -1.3325971540e-03 -1.5700502130e-03 -1.9599208190e-03  5.0712212300e-04 -2.9060528800e-03  5.9951955300e-04  7.3370311200e-04  6.6432530300e-04 -1.3157016350e-03 -6.9103578000e-05  4.0229915100e-04 -2.9511265300e-04 -2.2043624000e-04  2.2991922100e-04  2.3396056600e-04 -2.0044245900e-04 -5.3176451000e-05  3.3069123000e-05  2.2144767000e-05 -1.9118528000e-05 -1.0937956000e-05 -1.8849453200e-04  1.1155197000e-05 -2.4237940000e-05 -5.9790857000e-05  1.9161770400e-04 -4.7489912000e-04 -3.6221851000e-05  6.0982218600e-04  7.4561454600e-04  4.9346237000e-05  4.9716397100e-04 -2.9583196600e-04 -4.8444420000e-06  7.0828323000e-05  2.5712105500e-04  1.4529367600e-04  1.4019663200e-04  2.4054344000e-05

JOB 6
COORDS  1.5265224444e-01 -3.9747973990e-02  1.1632186984e-02 -5.7589610562e-01 -6.7344007821e-01 -1.0552186796e+00 -1.9924636360e+00 -6.4730828641e-01 -1.0484709222e+00 -2.6948204470e+00  1.4004614626e-02  2.2874682561e-03 -1.9751832225e+00  6.5596176256e-01  1.0532758533e+00 -5.5853933099e-01  6.3475887693e-01  1.0650989354e+00  1.6594058866e+00 -2.8614979428e-02 -7.4769294677e-03  2.3824208597e+00  2.8942796366e-01  1.1280109129e+00  2.3590014844e+00 -2.9923198218e-01 -1.1698153942e+00 -4.9281930782e-02 -1.2227231705e+00 -1.8597151057e+00 -2.5527624546e+00 -1.1480333686e+00 -1.8619068630e+00 -3.8033492803e+00  3.2227121822e-02  2.3945033377e-04 -2.5214227180e+00  1.1823161040e+00  1.8600831472e+00 -1.7166857759e-02  1.1736514068e+00  1.8667242527e+00  3.4314301497e+00  3.6693373431e-01  1.1224526194e+00  1.8912527514e+00  4.1911047493e-01  2.0464972700e+00  3.4103297729e+00 -3.1792335737e-01 -1.1998568408e+00  1.8449881606e+00 -4.4433416031e-01 -2.0733189955e+00
ENERGY -3.765416079127e+02
GRADIENT -1.9099291610e-03 -1.7828810810e-03  1.7800984310e-03  1.1444130990e-03  9.8199601500e-04 -2.6758687870e-03  3.7645045700e-04  6.1259330400e-04  7.5546976400e-04 -2.9349367100e-04 -1.1318904700e-04 -4.9018220000e-06  3.8020166800e-04 -2.7653027600e-04 -6.6884606200e-04  9.1023708300e-04  6.4844320300e-04  1.3773949480e-03 -1.1724630900e-04 -2.0382765700e-03  1.5476565100e-04 -4.0706434500e-04  9.6634995500e-04 -2.9848723000e-04 -3.3701779500e-04  1.6858206100e-04 -2.6255452600e-04  1.2996863200e-04 -1.8338933600e-04 -1.0263863200e-04  1.5289793700e-04  1.0452949000e-05  4.4669300000e-06 -3.0559988000e-05 -2.1971452000e-05  3.7453425000e-05  1.2235813400e-04  2.8002483000e-05 -2.7897779000e-05  1.3980285600e-04  2.9020909100e-04  5.1156522000e-05 -4.0257406000e-05  4.9730887200e-04 -1.4628263200e-04 -1.6921332600e-04  2.8700499200e-04 -8.2062470000e-06  1.4904956000e-05 -3.4551537000e-05  7.6362786000e-05 -7.1027391000e-05 -3.7943764000e-05 -4.3538147000e-05

JOB 7
COORDS  1.5389364787e-01 -2.8147276154e-02  7.8979308926e-03 -5.7807677401e-01 -6.6226610542e-01 -1.0563937568e+00 -1.9948335802e+00 -6.4462764064e-01 -1.0514438253e+00 -2.6983098790e+00  1.0838362160e-02  2.2564624634e-03 -1.9809401849e+00  6.5089421231e-01  1.0559606238e+00 -5.6407595272e-01  6.3565149297e-01  1.0636878363e+00  1.6615723772e+00 -2.0663040586e-02 -6.6240212059e-03  2.3895432218e+00  2.9841602680e-01  1.1256966262e+00  2.3623452705e+00 -3.0802052160e-01 -1.1643191439e+00 -5.1264106459e-02 -1.2041287433e+00 -1.8656268149e+00 -2.5528630703e+00 -1.1454807270e+00 -1.8664252639e+00 -3.8068827695e+00  2.4457593554e-02  1.2459038147e-03 -2.5282135397e+00  1.1692770704e+00  1.8672648783e+00 -2.6419390353e-02  1.1686039456e+00  1.8715643885e+00  3.4398776761e+00  3.5357845368e-01  1.1125061885e+00  1.9050240972e+00  4.4334431287e-01  2.0453430400e+00  3.4135062196e+00 -3.3133961400e-01 -1.1955487919e+00  1.8483352435e+00 -4.6387294805e-01 -2.0659494847e+00
ENERGY -3.765416438677e+02
GRADIENT -2.2011316800e-04 -1.5512162930e-03  8.1265810200e-04 -1.3970860000e-06  1.5286980690e-03 -7.6424395800e-04 -2.4994670800e-04 -1.8300429000e-04 -2.8544682900e-04  4.4124851600e-04 -1.0456463000e-05 -2.7486926000e-05 -1.3525620200e-04  1.3134002800e-04  2.1500556800e-04 -4.6146763000e-05  9.6096480000e-06 -3.4923197000e-05  1.6856202100e-04 -1.2540820540e-03  3.7118808800e-04  2.4880493000e-05  8.4223748500e-04  1.9649212700e-04  1.3238327600e-04  1.7528844700e-04  4.8547661100e-04  4.2404274000e-05  2.7708379000e-05 -9.2657670000e-06  3.3735510000e-06 -1.4075676000e-05 -3.7562907000e-05  3.6502755000e-05 -3.0634970000e-06  7.8173300000e-07  1.7256246000e-05  1.3666521000e-05  3.5341144000e-05 -1.0564827200e-04  7.6360764000e-05  9.8099620000e-06 -7.0955600000e-07  1.4157486900e-04 -7.2483450200e-04 -5.0796102000e-05  2.5885591500e-04 -3.9848993000e-05  3.3423970000e-06 -7.0698266000e-05 -2.3460965100e-04 -6.5121390000e-05 -1.1539446700e-04  3.0494786000e-05

JOB 8
COORDS  1.5623153409e-01 -2.6764628292e-02  2.3603466317e-03 -5.8035557352e-01 -6.6159843514e-01 -1.0582694129e+00 -1.9971510984e+00 -6.4358842189e-01 -1.0480691214e+00 -2.7005025394e+00  1.1734340572e-02  5.8197904304e-03 -1.9779505009e+00  6.5087437095e-01  1.0564357688e+00 -5.6095883934e-01  6.3555570853e-01  1.0594296582e+00  1.6638750197e+00 -2.1283492475e-02 -1.2614724082e-02  2.3836091452e+00  3.0124918896e-01  1.1242832290e+00  2.3691611088e+00 -3.1016281232e-01 -1.1674173172e+00 -5.7254158990e-02 -1.2038041179e+00 -1.8696121540e+00 -2.5569676456e+00 -1.1453160254e+00 -1.8612522606e+00 -3.8091139594e+00  2.5268599606e-02  7.6555991535e-03 -2.5220240703e+00  1.1688004318e+00  1.8701559523e+00 -2.1319925076e-02  1.1664920230e+00  1.8672667645e+00  3.4342332840e+00  3.5172272889e-01  1.1296492618e+00  1.8886276911e+00  4.4379500408e-01  2.0386761104e+00  3.4205464015e+00 -3.3159124755e-01 -1.1907649922e+00  1.8608011483e+00 -4.6550564294e-01 -2.0722977608e+00
ENERGY -3.765416521766e+02
GRADIENT  5.7195848500e-04 -1.1691147630e-03  1.2302241940e-03 -2.0313501600e-04  1.4209820080e-03 -6.2614501600e-04  2.8300755800e-04  1.2389257900e-04  2.8413411200e-04 -6.6764519300e-04  4.9654994000e-05  3.5853500000e-07  7.7726669000e-05 -8.5921025000e-05 -8.6849540000e-05 -1.3530299600e-04 -1.1997924500e-04 -3.7472350000e-04  1.9159513300e-04 -1.6128374310e-03 -6.0704370000e-05 -1.6978916900e-04  1.0057688310e-03 -2.3160715500e-04  1.4718582100e-04  4.6872816000e-05 -4.0514604000e-04 -5.2962199000e-05  8.8666480000e-06  2.5985354000e-05 -3.5216104000e-05  2.7591850000e-05  4.7329648000e-05 -5.0836853000e-05  1.4602169000e-05  8.0847100000e-06 -5.8463572000e-05 -4.1610093000e-05 -3.1585662000e-05  9.3203907000e-05 -1.3729070600e-04 -1.7039502000e-05 -6.0489706000e-05  2.4245556700e-04  1.7485316300e-04  1.4969620000e-06  2.9729164900e-04 -5.4666630000e-05 -2.2518120000e-05 -1.5657170000e-05  7.2302854000e-05  8.2595163000e-05 -5.4234767000e-05  4.4087645000e-05

JOB 9
COORDS  1.5472057417e-01 -2.9664625273e-02  6.2775953794e-03 -5.7913695629e-01 -6.6574285295e-01 -1.0555183610e+00 -1.9958359053e+00 -6.4712932858e-01 -1.0489986155e+00 -2.6975902472e+00  1.1929259106e-02  3.5981695865e-03 -1.9781913438e+00  6.5379979454e-01  1.0547658710e+00 -5.6133441211e-01  6.3736046459e-01  1.0612204006e+00  1.6620807350e+00 -2.2079746975e-02 -9.7906855902e-03  2.3864640664e+00  3.0017085612e-01  1.1241793546e+00  2.3637584397e+00 -3.0496286256e-01 -1.1680419288e+00 -5.3655159577e-02 -1.2109187506e+00 -1.8633626310e+00 -2.5552604321e+00 -1.1499653717e+00 -1.8618007429e+00 -3.8061514934e+00  2.6748880845e-02  3.6792735694e-03 -2.5241135610e+00  1.1748644352e+00  1.8652541753e+00 -2.1817182582e-02  1.1713049752e+00  1.8671655468e+00  3.4371787110e+00  3.4994741417e-01  1.1268888502e+00  1.8954615534e+00  4.2830981141e-01  2.0428601895e+00  3.4151410859e+00 -3.2475983286e-01 -1.1941797284e+00  1.8527249459e+00 -4.5360035661e-01 -2.0726225029e+00
ENERGY -3.765416641091e+02
GRADIENT -3.6124090000e-06 -1.5076512150e-03  1.0070697000e-03 -1.4651896100e-04  1.6473037000e-03 -7.0277481700e-04 -1.9042593600e-04 -2.0886644200e-04 -3.0092186400e-04  3.7400615600e-04  1.6720531000e-05  1.5228892000e-05 -9.1871717000e-05  3.2648299000e-05  8.5583153000e-05  7.6441776000e-05  1.0514301700e-04 -3.8676110000e-06 -1.7510664900e-04 -1.6524731100e-03  4.8338546500e-04  3.6280884400e-04  1.1063240350e-03 -7.7699057300e-04 -1.5708807900e-04  1.1608893800e-04 -1.9253215100e-04 -4.7839146000e-05 -2.3252998000e-05  1.3701082000e-05 -1.3239190000e-05 -1.8513373000e-05 -2.5520313000e-05  2.8178760000e-05 -5.4649420000e-06 -2.0894279000e-05  1.7111007000e-05  1.0412686000e-05  2.0145413000e-05 -3.3112160000e-06 -1.9026325000e-05  8.8340000000e-06 -2.4075635000e-05  2.8818839700e-04  3.3256580600e-04 -1.2622400000e-07  1.6933608500e-04 -1.3240800600e-04  7.4496700000e-07 -4.3363010000e-06  1.8691270600e-04 -1.3413266000e-05 -5.0654160000e-05  1.7951870000e-06

JOB 10
COORDS  1.5447645755e-01 -3.2006440387e-02  9.1371253843e-03 -5.7709457431e-01 -6.6984623100e-01 -1.0530434762e+00 -1.9937891142e+00 -6.4912066000e-01 -1.0468859560e+00 -2.6984354020e+00  1.2387871047e-02  2.2589866062e-03 -1.9795695027e+00  6.5649391261e-01  1.0523644470e+00 -5.6273636617e-01  6.3875169445e-01  1.0610070099e+00  1.6616438982e+00 -2.1927272343e-02 -7.3260130919e-03  2.3872693086e+00  3.0144271988e-01  1.1254282564e+00  2.3619137338e+00 -2.9974041204e-01 -1.1676134036e+00 -5.0404213966e-02 -1.2182553445e+00 -1.8579692108e+00 -2.5523992943e+00 -1.1534820017e+00 -1.8592604972e+00 -3.8070083241e+00  2.7736004017e-02  2.8591514387e-04 -2.5261315934e+00  1.1808587453e+00  1.8602818348e+00 -2.3679829153e-02  1.1757865891e+00  1.8651993613e+00  3.4383466933e+00  3.4370453533e-01  1.1185682805e+00  1.9029954291e+00  4.1183609598e-01  2.0501239363e+00  3.4132141999e+00 -3.1793538789e-01 -1.1990051754e+00  1.8480532050e+00 -4.4169057398e-01 -2.0717109650e+00
ENERGY -3.765416678779e+02
GRADIENT -2.4492592900e-04 -1.6780121470e-03  1.1660420050e-03  2.5041285200e-04  1.4387305050e-03 -1.3307384080e-03  2.3536256700e-04  2.5631458900e-04  3.8546595000e-04 -2.7416795600e-04 -1.9395648000e-05 -4.7073800000e-06  8.5465590000e-05 -4.3832263000e-05 -8.2236303000e-05 -4.0807663000e-05  1.0000597900e-04  2.3890202000e-05  2.9445926200e-04 -1.7256759280e-03  3.4496383800e-04 -2.5305664400e-04  1.4590162910e-03 -1.3016470200e-04  2.2047075000e-05  1.7086886700e-04  1.8193754700e-04  9.3870528000e-05 -5.8287652000e-05  2.0497822000e-05  2.8176515000e-05  1.8557956000e-05  2.2839204000e-05 -2.3031971000e-05  1.2285279000e-05  2.3521215000e-05 -1.0856675000e-05  5.9376230000e-06 -2.2784375000e-05 -6.6152285000e-05  5.4964046000e-05  5.0815570000e-06 -3.3981688000e-05  6.0255138000e-05 -5.0394679100e-04 -1.6582400000e-05  5.9353470000e-05 -3.5863945000e-05 -4.5050220000e-06 -7.0477437000e-05 -8.5185837000e-05 -4.8263423000e-05 -3.9392355000e-05  2.2299317000e-05

JOB 11
COORDS  1.5480974517e-01 -2.8913963500e-02  6.7369369666e-03 -5.7825890887e-01 -6.6767281006e-01 -1.0539805830e+00 -1.9949807681e+00 -6.4934152374e-01 -1.0475686936e+00 -2.6973850943e+00  1.1684020271e-02  3.3903746990e-03 -1.9782279245e+00  6.5601497304e-01  1.0532620246e+00 -5.6135936369e-01  6.3995359781e-01  1.0604128409e+00  1.6619970929e+00 -2.0701849045e-02 -9.4338582845e-03  2.3852050510e+00  3.0443552372e-01  1.1246464291e+00  2.3638861356e+00 -3.0216938430e-01 -1.1679744040e+00 -5.2037872460e-02 -1.2145116277e+00 -1.8602272890e+00 -2.5541152201e+00 -1.1541242920e+00 -1.8593555058e+00 -3.8059561904e+00  2.6128921417e-02  3.1877227124e-03 -2.5245269127e+00  1.1788337550e+00  1.8623634844e+00 -2.1722492718e-02  1.1759002713e+00  1.8649516537e+00  3.4366142140e+00  3.3924597298e-01  1.1243219498e+00  1.8978044820e+00  4.1453240559e-01  2.0477922709e+00  3.4152412021e+00 -3.2005667746e-01 -1.1976786306e+00  1.8516751150e+00 -4.4474340364e-01 -2.0729017127e+00
ENERGY -3.765416746786e+02
GRADIENT -6.8376037000e-05 -1.4162469810e-03  1.1971450440e-03 -3.8291033000e-05  1.5506922920e-03 -8.1252021600e-04 -1.3318347400e-04 -1.2467339100e-04 -2.0306796600e-04  2.2695856800e-04  7.8929310000e-06  1.7916429000e-05 -3.4602799000e-05  3.0577620000e-06  5.8749480000e-06  9.2069753000e-05  1.0716272500e-04  6.6798493000e-05  1.8228282700e-04 -1.7471514790e-03  1.9998127200e-04 -2.9591786500e-04  1.5594317290e-03 -2.0891266300e-04  8.9364864000e-05  1.0894234700e-04  5.1877780000e-06 -1.9170344000e-05 -2.6444704000e-05  1.8084362000e-05 -5.5034460000e-06 -1.0694787000e-05 -1.8901570000e-05  1.7559562000e-05 -9.9982880000e-06 -1.7159617000e-05  1.9470668000e-05  1.3200076000e-05  8.0011200000e-06  6.5135920000e-06 -1.0160475000e-05  2.8819821000e-05 -2.4815034000e-05  2.7587855000e-05 -2.3197236800e-04 -1.3395334000e-05  6.7900672000e-05  1.1020261000e-05 -8.8870270000e-06 -6.4079693000e-05 -9.3365448000e-05  5.5385100000e-07 -3.5160275000e-05  2.8013768000e-05

JOB 12
COORDS  1.5501733244e-01 -2.5928201893e-02  4.3579217149e-03 -5.7820623520e-01 -6.6593209520e-01 -1.0554821211e+00 -1.9949680500e+00 -6.4882925602e-01 -1.0465295496e+00 -2.6986099099e+00  1.0751484459e-02  4.5436564266e-03 -1.9788553577e+00  6.5555955255e-01  1.0536920772e+00 -5.6193868317e-01  6.4098092605e-01  1.0587590271e+00  1.6623062065e+00 -1.9279270399e-02 -1.0174160252e-02  2.3872959940e+00  3.0714223927e-01  1.1227915367e+00  2.3642117012e+00 -3.0431529476e-01 -1.1677345194e+00 -5.2592372752e-02 -1.2111409200e+00 -1.8632338359e+00 -2.5541305290e+00 -1.1543344421e+00 -1.8578217545e+00 -3.8072164923e+00  2.3523986365e-02  5.1561005899e-03 -2.5246794174e+00  1.1771497322e+00  1.8639057221e+00 -2.2339982243e-02  1.1767592663e+00  1.8634021721e+00  3.4390045997e+00  3.3333886522e-01  1.1292007039e+00  1.8984657068e+00  4.1528816958e-01  2.0454199815e+00  3.4156776441e+00 -3.2070322636e-01 -1.1946082367e+00  1.8536265826e+00 -4.4628092044e-01 -2.0737178975e+00
ENERGY -3.765416743793e+02
GRADIENT -2.2516755000e-05 -1.3058391650e-03  7.6329094600e-04  3.5180549000e-05  1.2975614780e-03 -9.2504871500e-04  1.3434188600e-04  8.4261504000e-05  1.9117891600e-04 -1.9789511400e-04  7.7234190000e-06 -2.4197569000e-05  2.4601520000e-06  1.0438160000e-06  4.8693894000e-05 -3.5443654000e-05 -2.3808193000e-05 -1.2250058800e-04 -3.1866554600e-04 -1.7423653070e-03  5.5153775600e-04  5.4222724400e-04  1.5674874430e-03 -9.2969402400e-04 -1.4660763000e-04  8.2374898000e-05 -3.7153354000e-05  2.2907249000e-05  1.7954965000e-05 -2.5288539000e-05  4.7115680000e-06  4.9894310000e-06  2.2012691000e-05 -1.4559152000e-05  1.7107430000e-05  1.2503809000e-05 -1.5897793000e-05 -7.9435280000e-06 -3.4808720000e-06 -2.6492631000e-05 -3.0274252000e-05  6.4487270000e-06  2.1821414000e-05  7.1322983000e-05  3.9279523700e-04  2.4945016000e-05 -2.1190780000e-06 -6.9119936000e-05  7.7062110000e-06  9.1286960000e-06  1.5682677100e-04 -2.6195221000e-05 -4.7172989000e-05 -7.7708230000e-06

