JOB 0
COORDS  1.6736590000e-01 -6.3980000000e-04 -2.2600000000e-03 -5.5126970000e-01 -1.2182128000e+00  2.5617990000e-01 -1.9687425000e+00 -1.2087237000e+00  2.6128750000e-01 -2.6772440000e+00  1.6482000000e-03  5.8940000000e-04 -1.9672381000e+00  1.2110886000e+00 -2.6058750000e-01 -5.4977910000e-01  1.2184990000e+00 -2.5709230000e-01  1.6743070000e+00 -1.0949000000e-03  1.1690000000e-03  2.3778362000e+00 -1.1337446000e+00 -3.6397760000e-01  2.3776657000e+00  1.1327160000e+00  3.6336050000e-01 -7.6447000000e-03 -2.1538918000e+00  4.9128800000e-01 -2.5236016000e+00 -2.1431066000e+00  4.7469190000e-01 -3.7858201000e+00  2.4910000000e-03  1.2905000000e-03 -2.5209733000e+00  2.1464945000e+00 -4.7243650000e-01 -5.0753000000e-03  2.1535639000e+00 -4.9218900000e-01  3.4288124000e+00 -1.1823638000e+00 -3.3664360000e-01  1.8625994000e+00 -1.9648137000e+00 -7.4787190000e-01  3.4289349000e+00  1.1774620000e+00  3.4011460000e-01  1.8635480000e+00  1.9633278000e+00  7.4982610000e-01
ENERGY -3.765421577026e+02
GRADIENT -3.3724220000e-05 -2.3016770000e-05 -5.3568067200e-04 -2.4192355000e-05  4.4948093000e-05  3.2099596300e-04 -1.2084834300e-04 -1.0391149500e-04  3.3782337000e-05  2.7171501100e-04 -1.7249731000e-05 -1.0935720000e-06 -9.9586053000e-05  1.3276384500e-04 -2.1685953000e-05 -3.4975392000e-05 -4.7594358000e-05 -5.4713624000e-05 -2.9933816000e-05 -1.6061590200e-04  5.2721822600e-04  6.5654590000e-05  2.0266497700e-04 -1.8978367800e-04 -3.6435102000e-05  9.9619296000e-05 -2.1995051000e-05  1.0631292000e-05  9.6506700000e-06 -2.1853593000e-05  4.1673480000e-06 -1.6192595000e-05  3.9901230000e-06  2.2047654000e-05  1.5250100000e-07 -3.4777560000e-06  4.7016460000e-06  1.9346719000e-05  7.1089300000e-07  1.1813594000e-05 -1.1997240000e-06  4.1153240000e-06  2.2298320000e-06 -1.3178803800e-04 -7.4670004000e-05 -4.8597150000e-06  2.8042715000e-05 -3.2488232000e-05  1.9006462000e-05 -3.4555039000e-05  1.8224025000e-05 -1.1780871000e-05 -1.0329690000e-06  4.8323663000e-05

JOB 1
COORDS  1.6777145352e-01 -9.6790814020e-03 -1.3623485801e-02 -5.5556587341e-01 -1.2152019813e+00  2.8483846967e-01 -1.9730204488e+00 -1.2001789568e+00  2.9091124708e-01 -2.6797460507e+00  4.3385438030e-03  5.1098927408e-05 -1.9637574218e+00  1.2038746731e+00 -2.8887737493e-01 -5.4621757167e-01  1.2072526956e+00 -2.8719268350e-01  1.6744993454e+00 -9.6526317477e-03  1.2096378603e-02  2.3850941095e+00 -1.1171081981e+00 -4.1180633215e-01  2.3713146970e+00  1.1158814281e+00  4.1071732741e-01 -1.5479911306e-02 -2.1454124587e+00  5.4817044875e-01 -2.5302658398e+00 -2.1266767917e+00  5.3073430273e-01 -3.7883442004e+00  9.1501572266e-03  2.2942621650e-03 -2.5140284451e+00  2.1368185417e+00 -5.1964446805e-01  7.8332641412e-04  2.1363926692e+00 -5.3976848629e-01  3.4364804809e+00 -1.1565412845e+00 -3.8577477021e-01  1.8767808977e+00 -1.9316940385e+00 -8.3796263748e-01  3.4222068373e+00  1.1685863235e+00  3.8811628296e-01  1.8521978433e+00  1.9305435571e+00  8.2347496159e-01
ENERGY -3.765418928368e+02
GRADIENT  1.1729129030e-03 -3.6524617000e-04 -4.0864341360e-03 -5.0171242100e-04  4.6790195000e-04  1.2647599840e-03  5.3739656500e-04  1.1667531700e-04  2.9843724000e-05 -7.1724732200e-04  9.0589157000e-05 -6.3485689000e-05  3.7500201600e-04 -1.7110386300e-04  2.1798728700e-04 -3.0819755000e-04 -3.2288220000e-06  2.8690683600e-04 -5.3115761100e-04 -1.3313654650e-03  4.8266764300e-03  1.4890390800e-04  2.0946420000e-04 -1.4987542100e-03  3.3242517000e-04  3.2989573200e-04 -5.6203645500e-04 -3.3861245800e-04  4.9790380000e-06  3.1690137400e-04 -3.9573287000e-05  4.0085994000e-05 -6.4963431000e-05 -7.7843701000e-05 -6.2779810000e-06 -3.2946420000e-06 -3.5796849000e-05 -5.7978656000e-05  1.7969756000e-05 -1.9249152700e-04  7.3759472000e-05  2.6568146000e-05 -1.4005156500e-04  3.7712558000e-04 -1.1184556800e-04  2.9495763700e-04  2.8880399700e-04 -3.3064443500e-04 -1.6750403600e-04 -2.3198790000e-06 -4.1460886000e-05  2.0875557400e-04 -5.3659263000e-05 -2.2463514900e-04

JOB 2
COORDS  1.6476579923e-01 -8.3264658853e-03 -2.2838343069e-02 -5.4855072072e-01 -1.2112600331e+00  3.0542074335e-01 -1.9661031188e+00 -1.1985462403e+00  3.1580228493e-01 -2.6680932373e+00  2.7889862324e-03  1.1598918424e-03 -1.9611678712e+00  1.2011006591e+00 -3.1487585149e-01 -5.4364446157e-01  1.2068846865e+00 -3.1511256552e-01  1.6709793311e+00 -5.7937613656e-03  1.1387526936e-02  2.3736375057e+00 -1.1028252289e+00 -4.5085716391e-01  2.3660205919e+00  1.1053132219e+00  4.5068853898e-01 -8.3856148042e-04 -2.1335742904e+00  5.8126045373e-01 -2.5235225089e+00 -2.1193905194e+00  5.7630385400e-01 -3.7765482776e+00  6.4320132528e-03  6.3372320216e-03 -2.5155402387e+00  2.1275024914e+00 -5.6188125604e-01  5.8929364054e-03  2.1297892664e+00 -5.8478548462e-01  3.4242989050e+00 -1.1633578538e+00 -4.2620805444e-01  1.8525891138e+00 -1.9013180274e+00 -8.9272284528e-01  3.4171440539e+00  1.1608503132e+00  4.3453738043e-01  1.8436567411e+00  1.9025914910e+00  8.9313099835e-01
ENERGY -3.765416256633e+02
GRADIENT -5.3091666500e-04 -1.3713587200e-03 -5.5904774050e-03  4.4266112400e-04  1.2919824600e-04  2.1958049140e-03 -5.2949908100e-04 -1.0651344910e-03  3.4914367100e-04  2.0898144980e-03  3.9136481000e-05 -5.4537169000e-05 -5.1017034400e-04  9.4913389000e-04 -1.6674064300e-04  5.5225443200e-04  8.5049984200e-04  2.9765449600e-04 -1.6897413070e-03 -5.6179713900e-04  5.4772577450e-03 -2.6591298600e-04  6.0865547100e-04 -1.5274428380e-03  3.5154627300e-04  5.8185980000e-04 -2.8893675100e-04 -1.8644173900e-04 -1.9704903800e-04  1.8043123400e-04  1.2376006600e-04 -1.8267687700e-04 -5.5033420000e-06  1.4767784000e-04 -8.7140360000e-06 -2.7869000000e-07  1.4297649100e-04  1.7391377800e-04 -3.2046534000e-05 -3.1571230800e-04  2.2708769400e-04 -1.3364564500e-04 -1.2544690800e-04 -3.4198156500e-04 -5.1201565800e-04  2.0516756900e-04  6.0365604000e-05 -2.3262867700e-04 -9.2065037000e-05  1.5198978200e-04 -1.0549767000e-05  2.1133721000e-04 -3.9003132000e-05  5.3032186000e-05

JOB 3
COORDS  1.6752009709e-01 -1.5272196477e-02 -3.5536125508e-02 -5.5226541892e-01 -1.2011504092e+00  3.3418814270e-01 -1.9704496541e+00 -1.1816148858e+00  3.5012999180e-01 -2.6785980204e+00  7.2379955867e-03  4.6967261918e-03 -1.9612252438e+00  1.1892615990e+00 -3.4657807720e-01 -5.4302578402e-01  1.1917209120e+00 -3.5099198064e-01  1.6749211483e+00 -1.3096566674e-02  9.0841039350e-03  2.3872155313e+00 -1.0787120298e+00 -5.0753179356e-01  2.3593117191e+00  1.0809091889e+00  5.0230604515e-01 -5.4790182263e-03 -2.1174344734e+00  6.3114578215e-01 -2.5274095716e+00 -2.0933406000e+00  6.4154106561e-01 -3.7870709862e+00  1.4579509249e-02  1.4858247104e-02 -2.5114546000e+00  2.1117545277e+00 -6.1619973424e-01  9.1711346339e-03  2.1058857457e+00 -6.4390060678e-01  3.4380874431e+00 -1.1372159039e+00 -4.7503156142e-01  1.8708865141e+00 -1.8624459297e+00 -9.8102794008e-01  3.4103601282e+00  1.1445922496e+00  4.9508593900e-01  1.8274619828e+00  1.8512023015e+00  9.8071681639e-01
ENERGY -3.765410841791e+02
GRADIENT  1.6862614310e-03 -9.5396453500e-04 -7.3559220840e-03 -5.4909952000e-05  1.0898265730e-03  3.1022702320e-03  6.8251789600e-04  8.0804152400e-04 -2.6129075900e-04 -1.7623004330e-03 -1.5373290000e-06 -2.3066180000e-05  5.4947110400e-04 -6.0144960300e-04  1.3530454400e-04 -2.2270726400e-04 -1.1871301000e-05  8.5887185300e-04 -1.7195980560e-03 -1.5114548720e-03  6.7057973320e-03  6.7294074500e-04  1.1399621190e-03 -2.0224363240e-03  2.1814873500e-04  1.4258330200e-04 -5.7786592500e-04  1.6098534800e-04  7.5461799000e-05  1.3150400400e-04 -6.0042502000e-05  1.2840861500e-04 -7.4063160000e-05 -1.4375391500e-04  1.9232526000e-05  2.2504475000e-05 -8.2959144000e-05 -1.2062984200e-04  5.0917556000e-05 -1.5632010000e-06 -7.6126296000e-05 -1.0249735300e-04 -2.6686840000e-05 -1.9502432000e-04 -4.9258201200e-04  8.8616820000e-05  1.4584544500e-04 -2.5239025600e-04 -6.4756078000e-05  2.2673124000e-05 -8.1732396000e-05  1.0539247000e-04 -9.1205185000e-05  2.3656242200e-04

JOB 4
COORDS  1.6436220481e-01 -1.5284924242e-02 -3.3005729385e-02 -5.5453628616e-01 -1.2017969384e+00  3.3710972240e-01 -1.9725685191e+00 -1.1834645432e+00  3.5544276233e-01 -2.6733835524e+00  8.7562973208e-03  7.0469302628e-03 -1.9605105321e+00  1.1918303144e+00 -3.4977401857e-01 -5.4247220621e-01  1.1920005200e+00 -3.5475324454e-01  1.6734227169e+00 -1.4763686775e-02  4.2622709086e-03  2.3877864812e+00 -1.0760273417e+00 -5.1677270485e-01  2.3559192737e+00  1.0761379746e+00  5.0621219553e-01 -7.0338649836e-03 -2.1183317827e+00  6.3154128180e-01 -2.5314309124e+00 -2.0935217795e+00  6.4872192577e-01 -3.7817227545e+00  1.7503671171e-02  1.7674959135e-02 -2.5115129696e+00  2.1131048007e+00 -6.2218459337e-01  1.2421361910e-02  2.1038236817e+00 -6.4993077848e-01  3.4387636020e+00 -1.1260961385e+00 -4.7294595618e-01  1.8770789896e+00 -1.8639908481e+00 -9.8949045452e-01  3.4070116451e+00  1.1410739993e+00  5.0313222229e-01  1.8210610358e+00  1.8443369778e+00  9.8476495477e-01
ENERGY -3.765411136004e+02
GRADIENT  5.4299040200e-04 -3.3735613200e-04 -6.1094564360e-03 -4.2105897600e-04  1.3723432280e-03  2.9250392490e-03 -5.5266488000e-04 -8.6830372300e-04  2.0770451700e-04  1.0620763180e-03 -3.9506649000e-05  1.5933119000e-05 -3.3441697900e-04  5.8873763400e-04 -2.6547910000e-04 -2.1571636600e-04 -1.5622293500e-04  5.0753779800e-04 -1.3888872200e-04 -1.6149192730e-03  5.6073156850e-03  1.0938386900e-04  5.6709576500e-04 -2.4887235510e-03 -5.5316074000e-05 -1.2014595400e-04 -5.2123697300e-04 -5.5698195000e-05  5.3098241000e-05  2.2370780000e-05 -2.6929846000e-05 -8.0901894000e-05  2.6127466000e-05  8.1412353000e-05 -2.3527176000e-05  1.5614087000e-05  8.3216320000e-06  7.9068759000e-05  5.9352900000e-07 -1.0768326000e-05 -3.7751503000e-05 -6.5126177000e-05  5.4346553000e-05  6.7521601400e-04  1.2578642200e-04 -2.6484060000e-05  6.0643373000e-05 -2.3908309500e-04  1.6744090000e-06 -5.4771778000e-05  3.0431719000e-05  3.6933850000e-06 -5.0883967000e-05  2.0654407300e-04

JOB 5
COORDS  1.6377029812e-01 -1.3637337537e-02 -2.8145567999e-02 -5.5075698556e-01 -1.2030327433e+00  3.4046877744e-01 -1.9687569401e+00 -1.1820314942e+00  3.5687028437e-01 -2.6729419905e+00  7.5789857098e-03  6.4652252353e-03 -1.9595922310e+00  1.1895445497e+00 -3.5249291140e-01 -5.4156572881e-01  1.1925830012e+00 -3.5662884779e-01  1.6736825630e+00 -1.1065917064e-02  4.7842578734e-03  2.3811114026e+00 -1.0728582567e+00 -5.2353037748e-01  2.3572730961e+00  1.0768478848e+00  5.1211370130e-01 -2.7237417727e-03 -2.1196507893e+00  6.3375581601e-01 -2.5272081595e+00 -2.0921841473e+00  6.5042134230e-01 -3.7813226998e+00  1.4771492731e-02  1.5836003031e-02 -2.5111813636e+00  2.1094016656e+00 -6.2831762534e-01  1.3397648968e-02  2.1041526560e+00 -6.5261739302e-01  3.4313742062e+00 -1.1374734630e+00 -4.8127175478e-01  1.8612283556e+00 -1.8585764436e+00 -9.8985775612e-01  3.4083639074e+00  1.1427905128e+00  5.1004405176e-01  1.8214591045e+00  1.8454354706e+00  9.8891760483e-01
ENERGY -3.765411279582e+02
GRADIENT -1.0599030250e-03 -7.2420358500e-04 -5.2937632060e-03  3.6886267600e-04 -2.0734911800e-04  3.1896259640e-03  2.8896533200e-04  5.4833266000e-04 -1.7995485600e-04 -1.4978199100e-04 -5.4829542000e-05  5.7029868000e-05  2.2900720900e-04 -2.9162408300e-04  4.4117568000e-05  3.6681745800e-04  7.1325202900e-04 -2.2520260800e-04 -1.3716812000e-05 -1.4692062290e-03  4.9960076310e-03 -2.9179263800e-04  1.0006229600e-03 -2.3561849440e-03  1.7119222000e-05  2.7896482500e-04 -1.7858065700e-04  4.1174914000e-05 -9.5266019000e-05 -9.6134737000e-05  7.7077632000e-05  1.7658015000e-05  1.9884155000e-05 -1.3419790000e-05  1.7128942000e-05 -2.5019427000e-05  5.4507198000e-05  4.9228350000e-06  2.3417493000e-05  5.3853426000e-05  6.4369270000e-05 -6.1297187000e-05 -1.6203607000e-05  1.0830727100e-04 -6.7039470000e-05  1.6362813000e-05  7.5003936000e-05 -1.4211037000e-04  3.3444546000e-05  6.9136392000e-05  1.7285303000e-04  2.6852831000e-05 -4.6902411000e-05  1.2185870900e-04

JOB 6
COORDS  1.6573912436e-01 -1.2349309099e-02 -2.6086639682e-02 -5.5226559089e-01 -1.1999839351e+00  3.4016492907e-01 -1.9704513977e+00 -1.1833233407e+00  3.5593691553e-01 -2.6743932058e+00  6.3185198320e-03  5.1512292979e-03 -1.9614886805e+00  1.1889898934e+00 -3.5225075116e-01 -5.4327686374e-01  1.1915794179e+00 -3.5462814531e-01  1.6758515173e+00 -9.9623996513e-03  6.2817310217e-03  2.3814734229e+00 -1.0717989750e+00 -5.2436910279e-01  2.3604609981e+00  1.0773937666e+00  5.1314970958e-01 -4.4696933646e-03 -2.1164228406e+00  6.3427857137e-01 -2.5278438760e+00 -2.0945428169e+00  6.4833444315e-01 -3.7827671275e+00  1.2939999958e-02  1.3226835920e-02 -2.5130526761e+00  2.1087393548e+00 -6.2858169360e-01  1.0406775363e-02  2.1042876449e+00 -6.4916504808e-01  3.4312973231e+00 -1.1446532502e+00 -4.8427963379e-01  1.8569865607e+00 -1.8574250724e+00 -9.8561738685e-01  3.4115713176e+00  1.1423850347e+00  5.0790054172e-01  1.8257701132e+00  1.8483582884e+00  9.8730827931e-01
ENERGY -3.765411326891e+02
GRADIENT  4.7470835200e-04 -8.8421952200e-04 -5.1458866930e-03 -3.6849481400e-04  1.4406532880e-03  2.6145334180e-03 -2.6680600000e-04 -4.3308655200e-04  1.4364535500e-04  3.5789953600e-04  1.6571703000e-05  1.5003738000e-05 -1.8584147700e-04  2.4907196700e-04 -7.0928487000e-05 -1.7933003000e-04 -3.8628026200e-04 -1.4477368000e-05  4.6392241000e-05 -1.5683048260e-03  4.9634438230e-03  1.2373176300e-04  1.6357134090e-03 -2.1071550430e-03 -1.0722069000e-05  3.5480721700e-04 -7.7098316000e-05 -8.0242600000e-06  5.6299296000e-05 -1.0513240400e-04 -4.1137750000e-05 -2.2679054000e-05  2.3272692000e-05  3.5051800000e-05 -1.4248146000e-05 -1.0924805000e-05 -2.5060462000e-05  1.7315648000e-05  1.9120000000e-07  1.2414548000e-05 -7.1368801000e-05  1.1318785000e-05 -3.8897568000e-05 -4.3071089700e-04 -3.4789189400e-04  5.0805251000e-05  1.2394012800e-04 -8.0910186000e-05  2.6134910000e-05 -3.1169473000e-05  1.1553943600e-04  2.7351873000e-05 -4.6303168000e-05  7.1389956000e-05

JOB 7
COORDS  1.6462156021e-01 -1.3393476730e-02 -2.6298332846e-02 -5.5318137072e-01 -1.2011857830e+00  3.3955155364e-01 -1.9713487794e+00 -1.1826515450e+00  3.5462391233e-01 -2.6754100571e+00  7.2862722074e-03  4.9383393177e-03 -1.9613247613e+00  1.1898031195e+00 -3.5060671732e-01 -5.4310773483e-01  1.1919093992e+00 -3.5288464366e-01  1.6743766826e+00 -1.2272833184e-02  5.9280328821e-03  2.3826755212e+00 -1.0725748480e+00 -5.2437083624e-01  2.3586125606e+00  1.0757101419e+00  5.1133288864e-01 -6.1282713124e-03 -2.1179197271e+00  6.3436942916e-01 -2.5293310188e+00 -2.0937767463e+00  6.4610742943e-01 -3.7837993964e+00  1.4401682505e-02  1.3026819271e-02 -2.5122263187e+00  2.1102454280e+00 -6.2590941127e-01  1.0948926576e-02  2.1048189783e+00 -6.4615786079e-01  3.4328219377e+00 -1.1380425334e+00 -4.7961298647e-01  1.8627723974e+00 -1.8623461943e+00 -9.8387195052e-01  3.4096163693e+00  1.1415151499e+00  5.0304145051e-01  1.8240698223e+00  1.8478345103e+00  9.8378705959e-01
ENERGY -3.765411409353e+02
GRADIENT  1.4216730400e-04 -6.7014932500e-04 -5.2252979140e-03 -2.5327441000e-05  1.0829546480e-03  2.7211203240e-03  4.6246010000e-06 -3.1663474000e-05 -9.1786400000e-07 -3.4376368000e-05  3.1453685000e-05 -4.9237640000e-06 -5.7727398000e-05  3.5462764000e-05 -4.5772310000e-06 -3.1187790000e-06 -1.2183306900e-04  1.7340290000e-06  1.6268065300e-04 -1.6727947480e-03  5.1925620860e-03  7.0236610000e-06  1.2929648270e-03 -2.4372260050e-03 -1.8210342600e-04  1.1566904600e-04 -1.8133766000e-04  1.8574870000e-05  4.5606230000e-06 -2.0463290000e-06 -4.3703830000e-06  1.2117070000e-06 -1.0376930000e-06  2.0759850000e-06  1.7969390000e-06  3.5450490000e-06 -1.5423631000e-05 -8.6629780000e-06 -8.9167210000e-06 -1.4477000000e-07 -1.7700528000e-05  2.6118608000e-05  2.6542006000e-05  6.6234675000e-05 -7.3264433000e-05 -3.5786520000e-06  3.4310441000e-05 -1.0710022600e-04  8.6054100000e-06 -1.2053950900e-04  3.0203652000e-05 -1.6356613000e-05 -1.5233524000e-05  7.0139765000e-05

JOB 8
COORDS  1.6395234474e-01 -1.3370833729e-02 -2.5948486709e-02 -5.5378565290e-01 -1.2016212465e+00  3.3908738520e-01 -1.9719483980e+00 -1.1829651412e+00  3.5406074196e-01 -2.6756648190e+00  7.2620102811e-03  4.8183386941e-03 -1.9612267829e+00  1.1898204282e+00 -3.4994135107e-01 -5.4305289792e-01  1.1924361230e+00 -3.5225205849e-01  1.6737640784e+00 -1.2555647336e-02  5.8254371942e-03  2.3816002284e+00 -1.0725642550e+00 -5.2572026182e-01  2.3586551143e+00  1.0748450086e+00  5.1176891991e-01 -6.8810458174e-03 -2.1184912552e+00  6.3370131541e-01 -2.5301082315e+00 -2.0941557605e+00  6.4499239413e-01 -3.7840579568e+00  1.4591997909e-02  1.2696863877e-02 -2.5120883079e+00  2.1104007182e+00 -6.2483773613e-01  1.1068112576e-02  2.1054707378e+00 -6.4510006700e-01  3.4315291444e+00 -1.1394032883e+00 -4.7815877872e-01  1.8612359173e+00 -1.8641413528e+00 -9.8152849830e-01  3.4094537536e+00  1.1435712255e+00  5.0188068529e-01  1.8233967692e+00  1.8478094859e+00  9.8195253551e-01
ENERGY -3.765411427019e+02
GRADIENT -5.9601384000e-05 -6.3270774600e-04 -5.2070471050e-03 -1.0524373000e-05  9.0286960200e-04  2.7238758120e-03 -1.6709587000e-05 -1.0763029000e-05  8.7027970000e-06 -7.0021566000e-05  8.3583920000e-06 -9.9242050000e-06  6.5974827000e-05 -1.3549644200e-04  5.4156274000e-05  1.1550882000e-04  1.1602381400e-04 -8.5454919000e-05 -4.3192890000e-05 -1.6144671010e-03  5.1944302710e-03 -3.4299423000e-05  1.2696541620e-03 -2.5601507460e-03  5.7246978000e-05 -5.9109821000e-05 -2.1311045700e-04 -7.1096950000e-06  1.8290600000e-07  7.2895280000e-06 -2.6213580000e-06  3.2995480000e-06 -5.5440900000e-07 -3.7214380000e-06 -1.2613035000e-05  6.1810590000e-06  1.2052140000e-05 -1.0347320000e-05 -5.7485210000e-06  1.4534411000e-05  1.2251085000e-05  1.7649356000e-05  1.4560782000e-05  9.9654017000e-05 -1.7172492000e-05 -1.5462850000e-06  2.8764627000e-05 -5.9633481000e-05  5.2315270000e-06  8.3314979000e-05  1.0776348300e-04 -5.4657070000e-06 -4.0918873000e-05  3.7245618000e-05

JOB 9
COORDS  1.6272582882e-01 -1.3871445918e-02 -2.5166885416e-02 -5.5453558083e-01 -1.2030430511e+00  3.3825375672e-01 -1.9726691989e+00 -1.1829401253e+00  3.5254953010e-01 -2.6762878459e+00  7.6816944462e-03  4.4125019015e-03 -1.9623999566e+00  1.1909733313e+00 -3.4892206490e-01 -5.4427393215e-01  1.1922471287e+00 -3.5058868968e-01  1.6725837061e+00 -1.2827401811e-02  6.0039285198e-03  2.3801010276e+00 -1.0720615711e+00 -5.2770547018e-01  2.3578483846e+00  1.0739271349e+00  5.1292444958e-01 -8.1206276394e-03 -2.1203569245e+00  6.3237808301e-01 -2.5313547465e+00 -2.0941932350e+00  6.4224456967e-01 -3.7846828537e+00  1.4813952741e-02  1.2058040279e-02 -2.5129425471e+00  2.1120187402e+00 -6.2294999063e-01  1.0204401347e-02  2.1053732363e+00 -6.4249073250e-01  3.4295630369e+00 -1.1423580728e+00 -4.7526570962e-01  1.8586780013e+00 -1.8669711104e+00 -9.7639199802e-01  3.4085067301e+00  1.1434551463e+00  4.9762026971e-01  1.8232528376e+00  1.8497450909e+00  9.7909088498e-01
ENERGY -3.765411435643e+02
GRADIENT -1.7524146800e-04 -5.4908376000e-04 -5.1615780970e-03  1.5724979700e-04  4.5180253200e-04  2.7930209900e-03  7.2292738000e-05  2.4240155300e-04 -5.3951776000e-05  7.2893886000e-05 -5.0776844000e-05 -1.6558600000e-06 -7.7114785000e-05  1.8111991200e-04 -3.2248764000e-05 -2.0706935000e-05 -7.8760881000e-05 -4.7723407000e-05  4.1881137000e-05 -1.7011646360e-03  5.1447716910e-03 -1.5341689000e-05  1.3048338800e-03 -2.7442850070e-03 -3.6586994000e-05  1.1336415200e-04  2.7709691000e-05  1.3916700000e-06 -1.1894797000e-05  2.1005399000e-05  3.6581690000e-05  3.1453000000e-06 -1.5463520000e-06  4.6578330000e-06  2.7485317000e-05 -7.4758210000e-06 -1.5954470000e-06  1.5665815000e-05 -7.5970990000e-06 -2.5962647000e-05  2.0799475000e-05  1.0576224000e-05 -1.6196198000e-05  5.4146843000e-05  2.2963285000e-05  8.8682070000e-06  1.1350515000e-05  2.7973045000e-05  4.6863000000e-07 -2.2981155000e-05  4.0069000000e-08  3.4477440000e-06 -3.8299190000e-06  7.7943570000e-06

