JOB 0
COORDS  1.6234090000e-01 -1.3383000000e-02  2.7940100000e-02 -5.5427140000e-01 -1.2138039000e+00 -2.9709000000e-01 -1.9723737000e+00 -1.1954083000e+00 -3.1319910000e-01 -2.6756411000e+00  6.5600000000e-03 -5.5404000000e-03 -1.9624911000e+00  1.2013366000e+00  3.0858860000e-01 -5.4434410000e-01  1.2034912000e+00  3.1129450000e-01  1.6719676000e+00 -1.3618200000e-02 -4.0696000000e-03  2.3849297000e+00 -1.0526576000e+00  5.6112730000e-01  2.3544483000e+00  1.0571305000e+00 -5.4680250000e-01 -6.9352000000e-03 -2.1400676000e+00 -5.5994710000e-01 -2.5306669000e+00 -2.1159183000e+00 -5.7286840000e-01 -3.7840177000e+00  1.3447400000e-02 -1.4402500000e-02 -2.5137069000e+00  2.1308044000e+00  5.5098870000e-01  9.9280000000e-03  2.1259652000e+00  5.7257620000e-01  3.4352331000e+00 -1.1162355000e+00  5.1671560000e-01  1.8683409000e+00 -1.8283475000e+00  1.0475379000e+00  3.4052882000e+00  1.1255522000e+00 -5.3982710000e-01  1.8185486000e+00  1.8123378000e+00 -1.0444050000e+00
ENERGY -3.765411374524e+02
GRADIENT -3.2199543600e-04 -8.4174737000e-05  5.2216975450e-03  1.5722809200e-04  7.1025693600e-04 -2.8665809230e-03 -4.9679478000e-05 -8.6144139000e-05  1.7127824000e-05  3.0736837700e-04  2.2616981000e-05  4.7050950000e-06 -1.3738135600e-04  1.5912448700e-04  6.7698312000e-05  9.7206719000e-05  9.0628308000e-05 -4.6881487000e-05 -3.8145246900e-04 -2.1339331250e-03 -5.0488317030e-03  5.5945520600e-04  1.6219092160e-03  2.2655594150e-03 -2.4721640400e-04 -2.6084978700e-04  3.5728169900e-04 -7.6220590000e-06 -3.8271759000e-05 -5.5537464000e-05  3.3687042000e-05 -2.7787644000e-05  5.0613400000e-07  2.6805670000e-05  5.4884260000e-06 -1.3622242000e-05  1.2864337000e-05  1.9873339000e-05  1.9396006000e-05 -2.0297251000e-05  3.3838396000e-05 -2.6073101000e-05  8.8417436000e-05  3.1221004000e-05  9.5251515000e-05 -4.4754350000e-05  7.7437998000e-05  7.7565214000e-05  1.8017131000e-05 -1.1759169900e-04 -2.0026330000e-06 -6.1440959000e-05 -1.3201723000e-05 -6.7621609000e-05

JOB 1
COORDS  1.6619410627e-01 -2.2820070085e-02  3.8253232623e-02 -5.5736420103e-01 -1.2082441551e+00 -3.2480773960e-01 -1.9755412830e+00 -1.1867283974e+00 -3.4198650645e-01 -2.6784886338e+00  7.1181738088e-03 -4.0869021359e-03 -1.9588615140e+00  1.1903495836e+00  3.3751856242e-01 -5.4062068489e-01  1.1890717105e+00  3.4167662731e-01  1.6752041261e+00 -1.9708556928e-02 -1.6739152135e-02  2.3851039976e+00 -1.0272411438e+00  6.0637266722e-01  2.3532267985e+00  1.0363203416e+00 -5.9432868853e-01 -1.3200694491e-02 -2.1281347656e+00 -6.1494225111e-01 -2.5348490351e+00 -2.0988576641e+00 -6.2769374837e-01 -3.7868709423e+00  1.7622010021e-02 -1.3705683990e-02 -2.5066970928e+00  2.1165000262e+00  5.9938506812e-01  1.4695636274e-02  2.1055787951e+00  6.2103769470e-01  3.4354637492e+00 -1.0925290207e+00  5.6886096562e-01  1.8666958508e+00 -1.7781771440e+00  1.1283816889e+00  3.4034499559e+00  1.1134888867e+00 -5.8765465784e-01  1.8134723977e+00  1.7715878394e+00 -1.1168549376e+00
ENERGY -3.765402567027e+02
GRADIENT  2.8685825820e-03 -1.4733872720e-03  9.0087420360e-03 -9.1291187900e-04  1.7504214840e-03 -3.3163383010e-03  4.1178527500e-04 -8.6969843000e-05 -1.4291682600e-04 -9.2916113800e-04  7.1822427000e-05  7.9397774000e-05  4.7164421500e-04 -2.0839353300e-04 -2.8297921400e-04 -5.5501444400e-04 -2.3978982400e-04 -5.0899476900e-04 -5.8537123600e-04 -2.9831608210e-03 -9.3169987550e-03 -9.0341736800e-04  1.2512279420e-03  3.7459169740e-03  6.1514983300e-04  1.1397044730e-03  2.8852108300e-04 -1.1749943400e-04  1.3270021200e-04 -2.2790691100e-04 -1.1071187400e-04  6.3990509000e-05  3.9331288000e-05 -9.8001031000e-05 -2.9576549000e-05  1.0624485000e-05 -6.8283941000e-05 -8.2139266000e-05 -2.0254923000e-05 -7.2460179000e-05 -3.4746303000e-05  4.8066455000e-05 -3.0613075500e-04  3.6152931700e-04  6.0425919000e-05  2.7813306500e-04  2.8557500500e-04  3.6105290600e-04 -2.2290161300e-04  1.6612918900e-04  6.5066270000e-06  2.6687966000e-04 -7.5679810000e-05  1.6509349800e-04

JOB 2
COORDS  1.5876651609e-01 -2.9901910380e-02  4.7377145837e-02 -5.5841803380e-01 -1.2091173865e+00 -3.4639682806e-01 -1.9762846583e+00 -1.1793232576e+00 -3.6838846270e-01 -2.6710371297e+00  1.2963933957e-02 -8.8672861442e-03 -1.9556293252e+00  1.1905314111e+00  3.5999558209e-01 -5.3760063117e-01  1.1833612901e+00  3.6839410895e-01  1.6688546995e+00 -2.7532317317e-02 -1.0158760960e-02  2.3951556322e+00 -1.0037159708e+00  6.4316836801e-01  2.3360448666e+00  1.0125316094e+00 -6.2620590148e-01 -1.3175247101e-02 -2.1244901131e+00 -6.4903757678e-01 -2.5399461225e+00 -2.0821350179e+00 -6.7442434448e-01 -3.7791926568e+00  2.7204580199e-02 -2.3298183107e-02 -2.5030890826e+00  2.1127799174e+00  6.3622308548e-01  2.3437671154e-02  2.0911657635e+00  6.6452662593e-01  3.4458790716e+00 -1.0666009818e+00  6.0151044413e-01  1.8843890292e+00 -1.7466106937e+00  1.1842757780e+00  3.3860557835e+00  1.0962548644e+00 -6.2759675515e-01  1.7880642813e+00  1.7249990108e+00 -1.1718707340e+00
ENERGY -3.765396808887e+02
GRADIENT  5.6218349000e-05 -4.5624522300e-04  9.3549525320e-03  2.2398918400e-04  2.0262760200e-04 -4.4890159350e-03  5.1459035000e-05 -3.6104642200e-04 -9.9526560000e-05  1.5230304390e-03 -1.7425599000e-05  3.8930722000e-05 -3.2163611000e-04  9.9360499000e-04  2.5800137200e-04 -4.8203437000e-05  7.3538523200e-04 -6.1208029500e-04 -2.7780477240e-03 -4.2323976790e-03 -8.9140287190e-03  1.1966618800e-03  2.6628446290e-03  3.1320560530e-03  1.3077119900e-04  3.0520623400e-04  7.2649040700e-04 -1.2469186900e-04 -1.3615697600e-04 -3.2051507600e-04  1.4303530700e-04 -1.2033055700e-04  4.1497100000e-07  9.4827467000e-05  4.3664740000e-05  4.6437720000e-06  7.4413853000e-05  1.2681232200e-04  4.6174364000e-05 -2.1641418200e-04  1.9134446900e-04  1.2595370900e-04 -6.3448725000e-05 -2.0333743900e-04  4.4445819500e-04  1.0261585100e-04  3.8175676600e-04  1.7947881200e-04 -1.1476568300e-04 -1.7142549000e-05  1.4015134900e-04  8.7019513000e-05 -8.3064430000e-05 -2.6703816000e-05

JOB 3
COORDS  1.6060210410e-01 -3.7424965061e-02  5.9509406519e-02 -5.6457737021e-01 -1.1962911759e+00 -3.7532998206e-01 -1.9829627872e+00 -1.1630085227e+00 -4.0404237123e-01 -2.6807533910e+00  1.6984715199e-02 -1.3439304933e-02 -1.9552194266e+00  1.1760596270e+00  3.9140199663e-01 -5.3657518234e-01  1.1673766771e+00  4.0592296222e-01  1.6731573195e+00 -3.4283306445e-02 -5.1632470709e-03  2.4084121703e+00 -9.6816415159e-01  6.9730230403e-01  2.3309277015e+00  9.7769394608e-01 -6.7451663924e-01 -2.1178570260e-02 -2.1057120474e+00 -6.9828780700e-01 -2.5456152222e+00 -2.0555221262e+00 -7.4051604991e-01 -3.7887703791e+00  3.6595609118e-02 -3.2686781106e-02 -2.4990723514e+00  2.0932729666e+00  6.9030895304e-01  2.5530548729e-02  2.0662949024e+00  7.2598371543e-01  3.4594663471e+00 -1.0262649454e+00  6.4779603166e-01  1.9049311962e+00 -1.6953846305e+00  1.2666033085e+00  3.3807454646e+00  1.0669912858e+00 -6.8778700823e-01  1.7746310236e+00  1.6586647316e+00 -1.2517637906e+00
ENERGY -3.765386944793e+02
GRADIENT  2.2791418300e-03 -7.3490670700e-04  1.0574249571e-02 -8.7402546500e-04  2.0921882020e-03 -4.7775682740e-03  4.5510686900e-04  2.6167382000e-04  1.2763881800e-04 -1.3633221040e-03  3.2078538000e-05  2.8474960000e-06  7.6780462900e-04 -9.5643777300e-04 -2.2339987800e-04 -4.1546708500e-04  6.7407234400e-04 -9.9035906300e-04 -2.2640529890e-03 -4.5714910500e-03 -9.4278266620e-03  1.2881244970e-03  2.8873230220e-03  3.5680316000e-03  2.5384285600e-04  8.4524738000e-05  9.9321733900e-04  9.5700050000e-05  1.0625589600e-04 -1.4126979800e-04 -1.1594822200e-04  9.9584995000e-05  5.1722352000e-05 -1.2427257800e-04 -4.4959912000e-05 -4.3529527000e-05 -4.4534904000e-05 -1.2756184100e-04 -4.3235113000e-05  1.2672522300e-04 -5.9127840000e-05  8.1265079000e-05  1.0850986000e-05  1.6721566000e-04  1.0497343600e-04 -1.7938921000e-05  2.7611749900e-04  1.6617724500e-04 -6.6045549000e-05 -3.3899941000e-05  1.6180668100e-04  6.9108470000e-06 -1.5530430200e-04 -1.8487277100e-04

JOB 4
COORDS  1.6006869825e-01 -3.2843110169e-02  5.3197841653e-02 -5.5860504314e-01 -1.1946906431e+00 -3.8227349874e-01 -1.9772677063e+00 -1.1637284136e+00 -4.0915466596e-01 -2.6744716322e+00  1.4510211840e-02 -1.1991415375e-02 -1.9566665279e+00  1.1756447151e+00  4.0051297547e-01 -5.3789207321e-01  1.1671594365e+00  4.1236154649e-01  1.6745751988e+00 -2.5053522142e-02 -4.5546954405e-03  2.3941896100e+00 -9.6180506216e-01  7.0929538491e-01  2.3367750585e+00  9.7566232585e-01 -6.8693767586e-01 -1.2169518593e-02 -2.1026660222e+00 -7.0397185696e-01 -2.5392874647e+00 -2.0558941952e+00 -7.4768982702e-01 -3.7824607820e+00  3.0627062909e-02 -2.9889862326e-02 -2.5031455243e+00  2.0892171740e+00  7.0595750527e-01  2.4323454088e-02  2.0642816266e+00  7.3696819073e-01  3.4447815551e+00 -1.0315039785e+00  6.6286569301e-01  1.8796270285e+00 -1.6870035958e+00  1.2716460524e+00  3.3869898778e+00  1.0614303499e+00 -7.0474327932e-01  1.7816635228e+00  1.6532292778e+00 -1.2694891761e+00
ENERGY -3.765387514643e+02
GRADIENT  9.2663869600e-04 -1.8915283630e-03  9.5997226310e-03 -3.1190861300e-04  1.6624810130e-03 -4.7100552710e-03 -1.6056427300e-04 -1.8800505000e-04 -8.1691690000e-05  5.0439893400e-04 -8.1630314000e-05 -3.9691199000e-05 -2.4851672700e-04  5.2016243400e-04  2.4455411700e-04 -2.2996549100e-04 -4.0916520000e-05 -6.2087056300e-04 -1.7089098100e-04 -2.9678643470e-03 -8.4285958350e-03 -7.9488717500e-04  1.9145907560e-03  4.2240082740e-03  3.3512763800e-04  7.9437032000e-04  4.9240843000e-05  8.7859538000e-05 -1.2124470000e-06  1.2028995700e-04 -4.6905830000e-06 -1.7888159000e-05 -2.2171059000e-05  3.7835818000e-05  2.8995845000e-05  1.9383224000e-05 -2.2861543000e-05  6.2193164000e-05 -1.7672545000e-05  7.3504710000e-06 -9.2411690000e-05  1.3139548500e-04 -9.7815611000e-05  4.1366946900e-04 -2.2085659100e-04  5.5480909000e-05 -8.9390101000e-05  1.4269321500e-04 -7.6418100000e-06  1.1064447600e-04 -1.0351104600e-04  9.1038698000e-05 -1.4194491500e-04 -2.8421682800e-04

JOB 5
COORDS  1.5893945039e-01 -3.0217979907e-02  4.6440561015e-02 -5.5840881005e-01 -1.1927267502e+00 -3.8790584558e-01 -1.9772183596e+00 -1.1622418923e+00 -4.1225462572e-01 -2.6758471515e+00  1.3833906521e-02 -1.1384025374e-02 -1.9562844893e+00  1.1729227245e+00  4.0356290174e-01 -5.3736723202e-01  1.1676438811e+00  4.1435169093e-01  1.6750301113e+00 -2.4181532247e-02 -3.3424059182e-03  2.3958856795e+00 -9.5557544013e-01  7.1550074255e-01  2.3369695166e+00  9.7104364057e-01 -6.9273159499e-01 -1.2259045401e-02 -2.1003851558e+00 -7.1081390329e-01 -2.5387145932e+00 -2.0544935527e+00 -7.5136903703e-01 -3.7838824616e+00  2.9345441743e-02 -2.7201490229e-02 -2.5028973186e+00  2.0848091559e+00  7.1359995545e-01  2.4435405831e-02  2.0644410861e+00  7.4059043964e-01  3.4462650077e+00 -1.0333560859e+00  6.7407905770e-01  1.8773294882e+00 -1.6790797121e+00  1.2762821946e+00  3.3873360278e+00  1.0551834937e+00 -7.1245205880e-01  1.7810370810e+00  1.6499830478e+00 -1.2728876898e+00
ENERGY -3.765387717134e+02
GRADIENT -4.5017066500e-04 -1.2421228120e-03  7.9892801840e-03  4.7631825000e-05  1.3499647380e-03 -4.5604683440e-03  1.6369783500e-04  2.1866777200e-04  1.3352113300e-04 -3.9432423800e-04 -1.3609381000e-05 -6.0539057000e-05  2.8746649800e-04 -3.6923094700e-04 -4.2976495000e-05  3.0610480500e-04  5.1586510900e-04  4.0204520000e-05 -5.0013799000e-04 -3.4147473330e-03 -7.0966074110e-03  4.0851876000e-04  3.1918901960e-03  3.2199807750e-03 -5.4988796000e-05  2.8006235700e-04  2.0161186900e-04  3.5828223000e-05 -4.6738196000e-05  1.3581786900e-04  8.6393580000e-06  2.7731003000e-05 -1.0702876000e-05 -2.8257455000e-05 -7.3491930000e-06  5.0530260000e-06  2.4802208000e-05 -1.8269650000e-05 -3.3300445000e-05  6.4458848000e-05 -1.0811207000e-05  7.0091745000e-05  3.1681620000e-06 -3.8188620000e-04  3.2019338700e-04  1.2787367000e-05  6.1884562000e-05 -2.1911569000e-05  3.8746894000e-05 -5.5261087000e-05 -1.4152721800e-04  2.0751141000e-05 -9.4792560000e-05 -1.4392290900e-04

JOB 6
COORDS  1.5918797493e-01 -3.0668292371e-02  4.3381343308e-02 -5.6043344949e-01 -1.1922857962e+00 -3.8904082049e-01 -1.9792805438e+00 -1.1625534015e+00 -4.1227371530e-01 -2.6760953252e+00  1.4311140188e-02 -1.0609416428e-02 -1.9574849740e+00  1.1742250581e+00  4.0327990637e-01 -5.3851367135e-01  1.1661261333e+00  4.1212359891e-01  1.6755672522e+00 -2.6572534237e-02 -3.4141664850e-03  2.3983868827e+00 -9.5479195353e-01  7.1720819689e-01  2.3376214495e+00  9.6845462599e-01 -6.9221845913e-01 -1.5503275988e-02 -2.0999544285e+00 -7.1388785683e-01 -2.5413312980e+00 -2.0548224276e+00 -7.5050192917e-01 -3.7841127466e+00  2.9858808072e-02 -2.5348072782e-02 -2.5033486212e+00  2.0863762013e+00  7.1397072755e-01  2.3528729169e-02  2.0632990869e+00  7.3675255224e-01  3.4490848772e+00 -1.0254229990e+00  6.7079466762e-01  1.8842929264e+00 -1.6809133660e+00  1.2787721484e+00  3.3879276573e+00  1.0535675142e+00 -7.0866080924e-01  1.7819085071e+00  1.6504379150e+00 -1.2689756926e+00
ENERGY -3.765387748920e+02
GRADIENT  3.1719012800e-04 -8.3182984900e-04  7.5104793540e-03 -2.5188504500e-04  2.0500187440e-03 -4.1458496630e-03 -2.2867161700e-04 -3.5347003100e-04 -6.2748749000e-05  5.2195817800e-04  2.1085400000e-07 -2.7117390000e-05 -3.1257799800e-04  4.9803032000e-04  2.0595815100e-04 -2.6399341800e-04 -5.0057230400e-04 -1.3528162400e-04  2.8367094800e-04 -3.8105903240e-03 -7.1258561410e-03  2.6939691300e-04  3.0352041050e-03  3.5353449400e-03 -2.7090824900e-04 -2.1012943000e-05  3.8140473000e-04 -3.5254207000e-05  2.4560767000e-05  4.6070110000e-05 -1.2793239000e-05 -3.2602460000e-05 -2.1217807000e-05  4.4687884000e-05  1.1276195000e-05  1.1411750000e-06 -3.9329661000e-05  3.4433209000e-05  8.2863860000e-06 -2.8388612000e-05 -5.0182479000e-05 -2.8432587000e-05  5.5469614000e-05  9.2844493000e-05 -8.3420267000e-05 -4.0249794000e-05  6.5324443000e-05  5.0683159000e-05  1.4019413000e-05 -1.8480214300e-04 -6.2810551000e-05 -2.7148805000e-05 -3.6422101000e-05 -4.2880733000e-05

JOB 7
COORDS  1.5924324984e-01 -3.0259775394e-02  4.2837354118e-02 -5.5917403618e-01 -1.1930247134e+00 -3.8884122166e-01 -1.9779964026e+00 -1.1628363313e+00 -4.1093549208e-01 -2.6759806019e+00  1.3370103978e-02 -9.4541313099e-03 -1.9562139263e+00  1.1731710982e+00  4.0269177606e-01 -5.3726065023e-01  1.1674294825e+00  4.1120090355e-01  1.6750677264e+00 -2.5893783018e-02 -5.3659975250e-03  2.3949951587e+00 -9.5554484529e-01  7.1651916025e-01  2.3385001522e+00  9.6950730923e-01 -6.9267808033e-01 -1.4039550738e-02 -2.1002992489e+00 -7.1463707221e-01 -2.5398728276e+00 -2.0554746970e+00 -7.4838977897e-01 -3.7840407954e+00  2.8581603204e-02 -2.3367356434e-02 -2.5022510731e+00  2.0852486707e+00  7.1318688429e-01  2.4461288425e-02  2.0652521812e+00  7.3475783178e-01  3.4456769745e+00 -1.0266260942e+00  6.7138340806e-01  1.8793423594e+00 -1.6818209572e+00  1.2764767406e+00  3.3886532291e+00  1.0567825780e+00 -7.0629589633e-01  1.7832970847e+00  1.6527576981e+00 -1.2684114501e+00
ENERGY -3.765387787933e+02
GRADIENT -6.7408155000e-05 -1.0464193660e-03  7.8382313540e-03  3.4834231000e-05  1.4731282130e-03 -4.2645957090e-03  1.0623119800e-04  1.6639734300e-04  7.0516071000e-05 -1.6539178000e-04  1.5109558000e-05 -1.1031490000e-06  1.0944818000e-04 -2.0083325100e-04 -8.2647170000e-05  1.5754822700e-04  2.2886460700e-04  1.1245039900e-04  9.0732502000e-05 -3.6490510360e-03 -7.5262679430e-03 -1.8838873800e-04  2.7354549610e-03  3.8280094950e-03 -8.4369050000e-05  1.2355318300e-04  2.5230735500e-04 -8.0659400000e-06 -3.6284055000e-05 -1.6142814000e-05  1.4960261000e-05  1.1355847000e-05  1.4355070000e-06 -1.4935228000e-05 -2.7153190000e-06 -2.2012610000e-06  1.3324695000e-05 -1.6563397000e-05 -1.7794500000e-06  8.1419020000e-06  3.1508415000e-05 -2.9543670000e-06  2.7535320000e-06  2.2136901600e-04 -1.5773365900e-04 -7.7339840000e-06  1.1544277000e-05  8.1802210000e-05 -3.5285000000e-06 -4.7095184000e-05 -8.7752721000e-05 -2.7831490000e-06 -2.7457288000e-05 -3.9086090000e-05

JOB 8
COORDS  1.6004350585e-01 -2.9702686992e-02  4.2791135044e-02 -5.5877721639e-01 -1.1924017452e+00 -3.8852952097e-01 -1.9776666762e+00 -1.1634588450e+00 -4.1047329629e-01 -2.6756631130e+00  1.2660658170e-02 -8.7075923963e-03 -1.9565437225e+00  1.1730394469e+00  4.0303076746e-01 -5.3756347470e-01  1.1674137649e+00  4.1084473553e-01  1.6757731880e+00 -2.4520892737e-02 -6.3941379986e-03  2.3945281157e+00 -9.5509837895e-01  7.1578269159e-01  2.3396509573e+00  9.7046458194e-01 -6.9420870538e-01 -1.3271936514e-02 -2.0993282179e+00 -7.1460996279e-01 -2.5392312916e+00 -2.0564017584e+00 -7.4767421232e-01 -3.7837283682e+00  2.7423407225e-02 -2.2220537604e-02 -2.5027941379e+00  2.0850003696e+00  7.1353769565e-01  2.3818148723e-02  2.0655431180e+00  7.3408190552e-01  3.4450221188e+00 -1.0312078174e+00  6.7490191844e-01  1.8754933564e+00 -1.6807543275e+00  1.2733576281e+00  3.3897080822e+00  1.0592413449e+00 -7.0590704547e-01  1.7845810050e+00  1.6541788160e+00 -1.2695100297e+00
ENERGY -3.765387799132e+02
GRADIENT  3.4545095100e-04 -1.1555478810e-03  8.0096170350e-03 -1.3952297300e-04  1.7415341070e-03 -4.1594288340e-03 -7.3769503000e-05 -7.0330310000e-05 -5.0213694000e-05  4.9669821000e-05 -1.2489000000e-06  9.5097910000e-06 -2.6756558000e-05  2.1513216000e-05 -1.4366133000e-05  1.1229338000e-05 -3.7520806000e-05 -2.4326380000e-06 -3.6986446800e-04 -3.5747017430e-03 -7.4817877800e-03  1.1585399400e-04  3.0082196260e-03  3.5585016150e-03  7.3580277000e-05  2.0444021100e-04  9.6969611000e-05 -6.9528230000e-06  8.3239360000e-06 -1.9931080000e-06 -9.1973300000e-06 -2.2333960000e-06 -5.8250700000e-07  4.2606330000e-06 -4.2094290000e-06 -3.9311700000e-07  2.5096000000e-08  2.6619340000e-06  2.5949410000e-06  6.2119400000e-07 -6.6326400000e-06 -4.6522300000e-06 -2.7134555000e-05 -1.5796529600e-04  1.8061915500e-04  2.6832947000e-05  2.7480198000e-05 -2.6626000000e-08  4.6406650000e-06  3.3269494000e-05 -8.6643831000e-05  1.6512623000e-05 -4.4398662000e-05 -5.3299447000e-05

JOB 9
COORDS  1.5968258109e-01 -2.9822962296e-02  4.2523774873e-02 -5.5893269343e-01 -1.1926092514e+00 -3.8882989326e-01 -1.9778062517e+00 -1.1630789981e+00 -4.1067473379e-01 -2.6759063007e+00  1.3007635026e-02 -8.9391417443e-03 -1.9566855352e+00  1.1732450936e+00  4.0300666891e-01 -5.3770486949e-01  1.1673096314e+00  4.1088144218e-01  1.6755659653e+00 -2.4847694190e-02 -5.7105989790e-03  2.3954465137e+00 -9.5442074089e-01  7.1655315973e-01  2.3390606615e+00  9.6950614634e-01 -6.9457359962e-01 -1.3561392134e-02 -2.0996599375e+00 -7.1478157749e-01 -2.5395103580e+00 -2.0559251606e+00 -7.4788787657e-01 -3.7839714067e+00  2.7829648126e-02 -2.2548708611e-02 -2.5027985436e+00  2.0852546308e+00  7.1361064103e-01  2.3829473245e-02  2.0652889996e+00  7.3426379402e-01  3.4459909130e+00 -1.0285854917e+00  6.7294781240e-01  1.8781493174e+00 -1.6812892875e+00  1.2742014897e+00  3.3891295360e+00  1.0582484466e+00 -7.0517701892e-01  1.7840391310e+00  1.6538864814e+00 -1.2691331922e+00
ENERGY -3.765387813306e+02
GRADIENT  1.7317123900e-04 -1.0390394850e-03  7.8468315990e-03 -6.5797963000e-05  1.6041089130e-03 -4.2079309350e-03  8.1391280000e-06  4.1123783000e-05  7.9073480000e-06 -2.3163425000e-05 -6.0183320000e-06  5.5010600000e-07 -1.6719580000e-05  2.7986257000e-05  3.1687700000e-07  1.9175411000e-05 -3.6363485000e-05  1.6322305000e-05 -1.1939792400e-04 -3.6043204000e-03 -7.3514284560e-03  8.7238333000e-05  2.9272436660e-03  3.6533437300e-03 -7.2172836000e-05  1.5345841500e-04  6.1963900000e-05  2.5269000000e-07  1.0291080000e-06 -4.7147310000e-06  2.6714300000e-06  2.2037970000e-06  2.7989900000e-06 -1.7640900000e-06  6.0152710000e-06  6.3678600000e-07 -2.2518730000e-06  1.2171800000e-06  2.0774960000e-06 -2.4686210000e-06 -1.4974650000e-06 -1.0330924000e-05 -2.0576740000e-06 -1.2579383000e-05  3.9041804000e-05  1.9582220000e-06  1.0818061000e-05  8.0053460000e-06  6.5160130000e-06 -5.7931154000e-05 -1.7198695000e-05  2.1004550000e-06 -2.5441373000e-05 -4.5926699000e-05

JOB 10
COORDS  1.5959118799e-01 -2.9596702206e-02  4.2509981346e-02 -5.5914711172e-01 -1.1924312457e+00 -3.8859263172e-01 -1.9780024689e+00 -1.1635172330e+00 -4.1063251772e-01 -2.6756301408e+00  1.2880551725e-02 -9.0315990752e-03 -1.9563798854e+00  1.1731863249e+00  4.0270633347e-01 -5.3740609165e-01  1.1677901193e+00  4.1074627076e-01  1.6754763281e+00 -2.4872162361e-02 -5.6279202844e-03  2.3957716115e+00 -9.5406996447e-01  7.1668313409e-01  2.3389766153e+00  9.6902475290e-01 -6.9503474638e-01 -1.3636767480e-02 -2.0994624779e+00 -7.1435161797e-01 -2.5396832810e+00 -2.0564515718e+00 -7.4767632202e-01 -3.7836906672e+00  2.7862332679e-02 -2.2573408973e-02 -2.5026472107e+00  2.0851639700e+00  7.1311728461e-01  2.4074819443e-02  2.0658458912e+00  7.3403400002e-01  3.4462815977e+00 -1.0277937503e+00  6.7130008976e-01  1.8791891604e+00 -1.6817118379e+00  1.2740061578e+00  3.3888959324e+00  1.0595600954e+00 -7.0484971252e-01  1.7833995793e+00  1.6544749564e+00 -1.2677534393e+00
ENERGY -3.765387814823e+02
GRADIENT  1.1607148900e-04 -1.0219839990e-03  7.8136612280e-03 -1.5074194500e-04  1.7225197160e-03 -4.1661316390e-03 -8.3521964000e-05 -1.3497373700e-04 -5.1359294000e-05  7.9753648000e-05  7.5108310000e-06  5.6978020000e-06  2.0365789000e-05 -6.5617921000e-05 -2.6083709000e-05  1.0726146700e-04  1.0229412100e-04  6.3180234000e-05 -1.5038178700e-04 -3.5602331590e-03 -7.3508725770e-03  5.9303433000e-05  2.9114589300e-03  3.7048275040e-03 -8.5242400000e-07 -7.8621960000e-06  1.1381416800e-04 -2.2213234000e-05  3.0110830000e-06 -6.4528310000e-06 -8.5962300000e-06 -1.0151583000e-05 -1.7833030000e-06  5.9596080000e-06 -1.4243720000e-05 -6.3733220000e-06  1.6512802000e-05  2.6591190000e-06  1.6432640000e-06  8.7419910000e-06  8.9598990000e-06 -8.1136340000e-06  8.1937550000e-06  5.1895805000e-05 -3.3116488000e-05 -9.8742260000e-06  4.7151080000e-06  1.4098462000e-05  9.8410000000e-08  1.5587679000e-05 -5.1066881000e-05 -4.0149000000e-07 -2.3648111000e-05 -1.3423285000e-05

