JOB 0
COORDS  1.6854270000e-01  2.3420000000e-03  1.6186900000e-02 -5.5679760000e-01 -1.2314427000e+00  1.6495210000e-01 -1.9736849000e+00 -1.2253559000e+00  1.6253260000e-01 -2.6845744000e+00  4.8020000000e-04 -1.1706000000e-03 -1.9729837000e+00  1.2261399000e+00 -1.6239030000e-01 -5.5605930000e-01  1.2334814000e+00 -1.5633690000e-01  1.6756099000e+00  1.0953000000e-03 -3.7768000000e-03  2.3857804000e+00 -1.1721238000e+00 -1.8988510000e-01  2.3912819000e+00  1.1670652000e+00  2.0255880000e-01 -2.4093300000e-02 -2.1885505000e+00  3.2600660000e-01 -2.5265592000e+00 -2.1760859000e+00  2.9247920000e-01 -3.7932396000e+00  1.7370000000e-04 -5.5400000000e-03 -2.5254706000e+00  2.1757142000e+00 -3.0195450000e-01 -2.2691100000e-02  2.1899462000e+00 -3.1938440000e-01  3.4376075000e+00 -1.1943977000e+00 -1.9196360000e-01  1.8845569000e+00 -2.0518649000e+00 -4.6702770000e-01  3.4425921000e+00  1.1916619000e+00  1.7583400000e-01  1.8926452000e+00  2.0529019000e+00  4.6404140000e-01
ENERGY -3.765416773994e+02
GRADIENT  7.7524561000e-05  1.4618557500e-04  3.3843483120e-03 -8.9178548000e-05 -5.6557418000e-05 -1.7215992800e-03 -7.9639759000e-05 -1.4145510700e-04  2.1513018000e-05  4.4686202000e-05  4.1998490000e-06 -2.8873780000e-06  3.0895131000e-05 -7.7160879000e-05  1.4440538000e-05  4.8222782000e-05  4.1666045000e-05 -3.2181092000e-05  2.4960432000e-05  3.4106300300e-04 -3.4939737880e-03 -1.6378497000e-05 -2.7775317000e-04  1.8029836960e-03 -2.8682423000e-05  6.9826403000e-05  1.0613547100e-04 -1.4524190000e-05  1.6360739000e-05  6.0476480000e-06 -1.6527850000e-05 -6.2717040000e-06  5.6463320000e-06  2.3314680000e-06 -1.6661444000e-05 -5.1679300000e-07  8.7264490000e-06 -2.5896700000e-07 -1.6844630000e-06  9.7747820000e-06  2.7607120000e-06 -8.1477960000e-06 -1.7525020000e-05 -3.6373283000e-05 -1.4592045000e-05  8.7694800000e-06  1.5522812000e-05 -1.0272358000e-05 -8.2605860000e-06 -3.2211528000e-05 -3.9264928000e-05  5.1956720000e-06  5.5932400000e-06 -1.5639749000e-05

JOB 1
COORDS  1.6897315610e-01  4.0724068473e-03  2.7053933033e-02 -5.5519681527e-01 -1.2346096229e+00  1.3518291284e-01 -1.9720807509e+00 -1.2275826204e+00  1.3224675009e-01 -2.6850812969e+00  9.3353674187e-04  7.8665168906e-04 -1.9745654580e+00  1.2305551371e+00 -1.3173475405e-01 -5.5764990711e-01  1.2368807768e+00 -1.2481913006e-01  1.6755592499e+00  2.8491603855e-03 -1.6240212729e-02  2.3849014650e+00 -1.1790781875e+00 -1.3993721055e-01  2.3927481820e+00  1.1741681205e+00  1.5051089788e-01 -2.2336636526e-02 -2.1961745848e+00  2.6668166124e-01 -2.5243809507e+00 -2.1819264995e+00  2.3513756083e-01 -3.7937472454e+00 -6.3032390937e-04 -4.2385048805e-03 -2.5271728698e+00  2.1828176081e+00 -2.5110136821e-01 -2.4747827913e-02  2.1965134320e+00 -2.6966831658e-01  3.4367548534e+00 -1.2012200518e+00 -1.4054710970e-01  1.8834628773e+00 -2.0721968279e+00 -3.6997319721e-01  3.4441040103e+00  1.1973782260e+00  1.2394443942e-01  1.8947533997e+00  2.0687213556e+00  3.8180900239e-01
ENERGY -3.765411458062e+02
GRADIENT -3.5441738000e-05  3.0147145000e-04  6.9960693220e-03  4.7754574000e-04 -7.8806158500e-04 -2.7577624430e-03  5.2215694000e-05  6.1978853600e-04 -1.8745784700e-04 -1.6774834500e-04 -6.9941704000e-05  4.1255213000e-05 -1.8489191800e-04  3.8117566000e-05 -1.4609419900e-04  4.1933823000e-05 -1.7394630000e-04 -1.6999361400e-04  1.6570648000e-05  6.4772507300e-04 -7.8840625580e-03 -3.8550859300e-04 -2.6591164100e-04  2.8520246940e-03 -2.8140307100e-04 -2.9084962800e-04  6.5530664800e-04  5.3186329200e-04  1.2140517200e-04  4.8319010000e-06  3.7579413000e-05  3.3617304000e-05  7.1933730000e-05  1.3007200000e-07  5.1732536000e-05  6.3371420000e-06 -2.9082764000e-05 -5.0090210000e-06 -1.8814854000e-05  3.0307512400e-04 -1.5790854000e-04 -2.2727980500e-04  6.7576076000e-05 -4.3789033000e-05  2.8447441800e-04 -3.2666599400e-04 -1.4962977700e-04  1.1681507100e-04  9.4238786000e-05  9.4958647000e-05 -1.8676597000e-05 -2.1549496000e-04  3.3756398000e-05  3.8196087400e-04

JOB 2
COORDS  1.6896749720e-01 -1.4224200237e-04  3.3943653135e-02 -5.6553817036e-01 -1.2359440213e+00  1.1246775339e-01 -1.9822127113e+00 -1.2299709698e+00  1.0710654891e-01 -2.6900851011e+00  3.7056373998e-03  7.0949720075e-04 -1.9740049642e+00  1.2326377756e+00 -1.0484413797e-01 -5.5723053523e-01  1.2359172648e+00 -9.7284956487e-02  1.6769084638e+00 -4.2817377939e-03 -1.3849995974e-02  2.4008027691e+00 -1.1812981141e+00 -9.5646231851e-02  2.3908706498e+00  1.1749294506e+00  1.0644937677e-01 -3.9589684768e-02 -2.2037038876e+00  2.2286403000e-01 -2.5362571660e+00 -2.1855843190e+00  1.8674471454e-01 -3.7987398816e+00  6.5623421989e-03 -6.5306057006e-03 -2.5232989633e+00  2.1890318893e+00 -2.0475057324e-01 -2.5059375468e-02  2.1989984675e+00 -2.1966754209e-01  3.4527765000e+00 -1.1848577591e+00 -1.0434104527e-01  1.9133511119e+00 -2.0893078304e+00 -2.9376977473e-01  3.4421012002e+00  1.1969078969e+00  7.8635226677e-02  1.8923562441e+00  2.0785111009e+00  2.9665573874e-01
ENERGY -3.765408485515e+02
GRADIENT  9.8771671100e-04  1.1949007170e-03  7.9401260300e-03 -1.1804025410e-03  1.0393144660e-03 -3.4212393450e-03 -4.2035292900e-04 -8.6755547600e-04 -2.0051068000e-05  2.2621116700e-04  1.1547622200e-04  1.9920480000e-05 -7.5205158000e-05 -2.4364236200e-04 -3.0420097000e-05 -3.1699063700e-04 -2.7130320500e-04 -4.3170218700e-04  1.9655705100e-04 -8.8649132600e-04 -7.9731370290e-03  1.0051676950e-03  2.1986142900e-04  2.8634394010e-03 -4.3179710000e-04 -4.5515267200e-04  5.4392660100e-04 -8.0264053000e-05  2.3399505800e-04  2.4236624500e-04 -1.3841705600e-04 -1.9916825000e-05  6.0025888000e-05  2.6075220000e-05 -8.5928169000e-05  6.9189820000e-06 -3.5233664000e-05 -2.3494730000e-05 -1.1276560000e-05  4.7365447600e-04 -2.7048171200e-04 -2.6037851700e-04  9.0654787000e-05  2.3904141200e-04  3.6366859600e-04 -9.8175313000e-05  2.0075593700e-04 -1.1873587100e-04  8.5286758000e-05 -1.4479180300e-04 -8.7993819000e-05 -3.1229122300e-04  2.1436225000e-05  3.1817400500e-04

JOB 3
COORDS  1.6885620713e-01 -8.2434375152e-04  4.0494070008e-02 -5.6626307319e-01 -1.2393637499e+00  7.3975018621e-02 -1.9825302292e+00 -1.2324441659e+00  6.4225027868e-02 -2.6921440055e+00  2.9152054421e-03 -1.3963145883e-03 -1.9762819703e+00  1.2347331484e+00 -6.2761290807e-02 -5.5991892528e-01  1.2385082477e+00 -5.4248366758e-02  1.6778503068e+00 -2.8992613180e-03 -7.4416664831e-03  2.4010717345e+00 -1.1836377163e+00 -2.0776053016e-02  2.3968930656e+00  1.1794915307e+00  3.6839776428e-02 -4.4705922890e-02 -2.2128812093e+00  1.4862028314e-01 -2.5357753396e+00 -2.1908726484e+00  1.0606475037e-01 -3.8008094534e+00  5.0805117188e-03 -1.1723364570e-02 -2.5255236416e+00  2.1940289751e+00 -1.2942765361e-01 -3.3609040888e-02  2.2089506853e+00 -1.3618611042e-01  3.4526165844e+00 -1.1848246895e+00 -4.6130609230e-02  1.9154168301e+00 -2.1028616958e+00 -1.6180912088e-01  3.4481031185e+00  1.1921340387e+00  1.0937098020e-02  1.9048601939e+00  2.0981858097e+00  1.5491348387e-01
ENERGY -3.765405247877e+02
GRADIENT  8.1417028900e-04  1.4714544700e-04  8.3811075170e-03 -1.2223951960e-03  2.7102940300e-04 -3.8355005220e-03  7.4477947000e-05 -4.1726303400e-04  7.8350964000e-05  7.8156142000e-05  1.3201242400e-04  1.5527710000e-06  2.0890837600e-04 -2.9144897000e-04  1.7118266900e-04 -5.5933393900e-04  3.7760676700e-04 -8.8850996700e-04  4.9222797600e-04 -8.2100765400e-04 -7.2226740720e-03  2.6659683600e-04 -2.6124236700e-04  2.8279043960e-03  7.9396154000e-05  7.0242701400e-04  4.7691979600e-04 -2.1381889200e-04  1.1452570200e-04  4.6639827000e-04 -8.4626465000e-05  2.7303000000e-07  2.7941300000e-06 -8.0781660000e-06 -4.9369806000e-05 -3.3297549000e-05 -2.1616491000e-05 -2.4134525000e-05 -5.1711810000e-06  1.0615429600e-04 -1.2451176500e-04 -4.5037208200e-04 -6.3388908000e-05  4.0572086300e-04  3.6642774900e-04  1.1710267700e-04  2.1172860400e-04 -4.8400884800e-04 -4.1613118000e-05 -2.2868166000e-04 -1.6591398100e-04 -1.1727780000e-05 -1.4609596000e-04  3.1641491300e-04

JOB 4
COORDS  1.6766168546e-01  3.3390881715e-03  2.7941148079e-02 -5.5429708451e-01 -1.2417664458e+00  6.1760657062e-02 -1.9707655722e+00 -1.2335788915e+00  5.3061581450e-02 -2.6855842037e+00 -4.4713462254e-04 -3.6434773701e-03 -1.9773350139e+00  1.2364795375e+00 -5.4502740686e-02 -5.6087579127e-01  1.2435082314e+00 -4.6896270126e-02  1.6754753670e+00  4.5959899546e-03 -4.3439650608e-03  2.3841458726e+00 -1.1852103604e+00 -1.9551790991e-03  2.4001229714e+00  1.1837063942e+00  2.1707523656e-02 -2.6934478736e-02 -2.2132831289e+00  1.2488754446e-01 -2.5219404074e+00 -2.1933616003e+00  8.8960610392e-02 -3.7942513470e+00 -3.4991021365e-03 -1.1810052966e-02 -2.5305677800e+00  2.1943088844e+00 -1.0826056550e-01 -3.6617222218e-02  2.2165970281e+00 -1.0868320773e-01  3.4352882791e+00 -1.2112884454e+00 -3.3788305207e-02  1.8811927877e+00 -2.0988618144e+00 -1.1811501703e-01  3.4515958421e+00  1.1957657266e+00  6.0338182290e-03  1.9097747683e+00  2.1066597963e+00  1.1112809435e-01
ENERGY -3.765406171669e+02
GRADIENT -1.3334111440e-03 -9.6924573200e-04  5.6072670490e-03  1.5356772010e-03 -2.3015663100e-03 -2.5336342120e-03  5.1542284200e-04  1.1954006060e-03  6.3688248000e-05  3.4329490000e-06 -1.0490609400e-04 -2.1643129000e-05 -7.9323190000e-05  3.6925299500e-04  8.0166124000e-05  4.6273651000e-04  8.7800355000e-04 -6.1791148800e-04 -1.0051494470e-03  9.3597190300e-04 -5.3089126260e-03 -1.0969018020e-03 -1.6405362800e-04  2.6184382620e-03  3.2566050200e-04  5.1070866300e-04  2.5735303900e-04  6.7044444800e-04 -7.3194454000e-05  3.2682312500e-04  1.9552220500e-04  1.1645204000e-05 -5.3474679000e-05  1.0691270000e-06  1.1926798100e-04 -3.9446300000e-06  3.9853836000e-05  4.7982423000e-05 -2.0432216000e-05 -6.7879013000e-05  1.0546414000e-04 -1.9864081000e-04  4.9014280000e-06 -6.1106617500e-04  1.0628592600e-04 -2.1778573000e-04 -2.7471928000e-04 -4.7720689700e-04  3.2282230000e-06  3.6635562500e-04 -1.3581006800e-04  4.8200792000e-05 -3.5623367000e-05  3.1402474900e-04

JOB 5
COORDS  1.6896081338e-01  1.3659283157e-03  7.6706153848e-03 -5.6202910953e-01 -1.2377590732e+00  4.1710772231e-02 -1.9790608694e+00 -1.2329074459e+00  3.6195657549e-02 -2.6921716495e+00  1.6147618066e-03 -4.5225530115e-03 -1.9787496157e+00  1.2363032175e+00 -3.7743968838e-02 -5.6177045368e-01  1.2403846114e+00 -3.2817552385e-02  1.6774708031e+00 -1.1995527152e-03  1.5449160023e-03  2.3990131106e+00 -1.1829793345e+00  2.8188279846e-02  2.3984742687e+00  1.1789730137e+00 -7.1154968828e-03 -3.8482813137e-02 -2.2123221608e+00  8.3601030252e-02 -2.5298798707e+00 -2.1932568585e+00  6.2600522907e-02 -3.8008484250e+00  1.5927820123e-03 -8.6001706291e-03 -2.5291384395e+00  2.1967517972e+00 -6.9154658916e-02 -3.8301813673e-02  2.2153979680e+00 -6.1458492758e-02  3.4498748930e+00 -1.2007015123e+00 -1.8643393321e-02  1.9040200786e+00 -2.1053995668e+00 -4.3395476425e-02  3.4500963278e+00  1.1931463516e+00 -5.5266339947e-03  1.9051532752e+00  2.1041405613e+00  2.9698759661e-02
ENERGY -3.765407858940e+02
GRADIENT  3.1605754100e-04  5.7846734100e-04  8.3668889800e-04  5.3444521800e-04  8.4019460300e-04 -5.9043238700e-04 -2.5063440100e-04 -1.0919270000e-04  1.2033855200e-04 -3.0092056500e-04 -5.7146686000e-05 -6.7385946000e-05 -2.4542262900e-04  3.6795893700e-04 -1.1679120000e-05  2.8047013900e-04 -1.0734007560e-03 -4.9933436000e-05 -1.5123951560e-03  3.3884172800e-04 -1.6016741390e-03  9.6384886500e-04  1.1456016200e-03  1.8011015800e-03 -1.2607057200e-04 -1.5260910810e-03 -1.0665045100e-04  1.7051276500e-04  6.0574180000e-05  2.2539176400e-04 -3.2877568000e-05  7.4707930000e-06 -1.2229689600e-04  7.9484480000e-06  2.8542280000e-06  5.3628190000e-05 -5.8426308000e-05 -1.2017110000e-05 -2.5681902000e-05  7.2389523000e-05 -9.2809205000e-05  2.1855792500e-04  2.2791434600e-04 -8.4147717900e-04 -3.0565417700e-04 -3.8768125000e-05 -1.1049372700e-04 -4.7503146600e-04  1.1072558500e-04  3.1700550600e-04 -1.1885183300e-04 -1.2298586700e-04  1.6301054300e-04  2.2078023500e-04

JOB 6
COORDS  1.6800972483e-01  1.2283943369e-03  3.5049965830e-03 -5.6344155098e-01 -1.2389773103e+00  3.5124198443e-02 -1.9800468015e+00 -1.2347414706e+00  3.2179924373e-02 -2.6911898839e+00  7.5465132519e-04 -2.9129853197e-03 -1.9774897160e+00  1.2350853659e+00 -3.3266251046e-02 -5.6091650904e-01  1.2424202407e+00 -3.0456121399e-02  1.6775119449e+00 -4.2256365147e-04  3.4646552608e-03  2.3950863021e+00 -1.1839581131e+00  3.3561789166e-02  2.3999598212e+00  1.1796869894e+00 -1.2378769607e-02 -4.1131822148e-02 -2.2144393307e+00  6.7741384447e-02 -2.5312024364e+00 -2.1949373125e+00  5.7288962830e-02 -3.7998809108e+00  1.7033754200e-03 -5.4235641854e-03 -2.5285161234e+00  2.1952792359e+00 -5.9730372749e-02 -3.8474952191e-02  2.2181580659e+00 -5.5801194499e-02  3.4457215502e+00 -1.1853085171e+00 -1.4514529146e-02  1.9057909207e+00 -2.1102804928e+00 -2.1698769431e-02  3.4514849388e+00  1.1842369501e+00 -2.6905629380e-03  1.9114384128e+00  2.1076434774e+00  7.7586979485e-03
ENERGY -3.765407916846e+02
GRADIENT -2.4002747500e-04 -3.4793301000e-05  1.3110924500e-04 -1.3872113300e-04  2.0819688700e-04 -2.0772011700e-04 -2.9276937100e-04 -4.0309331200e-04  6.2729612000e-05  1.5150959400e-04 -1.8847174000e-05 -5.9150463000e-05  2.2549493300e-04 -4.8604961800e-04  3.6181666000e-05  3.6460482500e-04  4.8937221100e-04 -1.0535098000e-05  1.7780177900e-03  5.3678336100e-04 -6.3840988800e-04 -1.2489519560e-03 -1.5039372640e-03  1.3921404860e-03 -5.1561236600e-04  6.6231476600e-04 -1.7611781100e-04 -1.1591617100e-04 -1.3908532000e-05  5.5350117000e-05 -3.1893032000e-05 -2.6358548000e-05 -2.3245706000e-05  4.2572650000e-06 -6.6396170000e-05  1.4747506000e-05  7.3127202000e-05 -2.0116490000e-06  3.9500460000e-06  6.8421990000e-06  9.5313672000e-05  1.1401153200e-04 -7.8299638000e-05  1.1726098780e-03 -4.1349053000e-04  4.7450515000e-05 -2.1795740100e-04 -3.4408712900e-04 -4.6344089000e-05 -5.2561271600e-04 -3.3484336000e-05  5.3332234000e-05  1.3550139300e-04  9.6124922000e-05

JOB 7
COORDS  1.6826686124e-01 -1.3890050906e-03  3.4151565334e-03 -5.6340427519e-01 -1.2418145402e+00  3.3328375558e-02 -1.9798199175e+00 -1.2326813010e+00  3.2009407983e-02 -2.6914284243e+00  2.6673333717e-03 -9.6886861389e-04 -1.9779389275e+00  1.2368602778e+00 -3.2163199605e-02 -5.6149517592e-01  1.2399255021e+00 -3.0668187381e-02  1.6782142894e+00 -1.6593544153e-03  2.4398308453e-03  2.3995868023e+00 -1.1828301070e+00  3.0002085000e-02  2.3984064643e+00  1.1803209198e+00 -1.2142611346e-02 -4.2963466905e-02 -2.2183694422e+00  6.2632936961e-02 -2.5323355609e+00 -2.1920519864e+00  5.7361725572e-02 -3.8001308087e+00  3.6296366669e-03 -2.5218402368e-03 -2.5276764932e+00  2.1978220858e+00 -5.8417661454e-02 -3.7955438664e-02  2.2149458817e+00 -5.8814844931e-02  3.4503913804e+00 -1.1917404956e+00 -1.0929373298e-02  1.9082420434e+00 -2.1082366681e+00 -1.7640613659e-02  3.4498361938e+00  1.1917494757e+00 -7.2632405010e-04  1.9056394682e+00  2.1058790470e+00  5.4524587419e-03
ENERGY -3.765408239376e+02
GRADIENT -1.0601028400e-04  1.0492227700e-04  4.2947531600e-04 -1.1836023200e-04 -7.7996565800e-04 -2.4946383200e-04  2.5959071700e-04  4.1690677800e-04 -1.1718806000e-05  1.3881567600e-04 -2.7360173000e-05 -2.3624818000e-05 -4.3619186000e-05  1.5332656300e-04  2.0302333000e-05 -3.4217157000e-04  7.7034754000e-05  1.0132587000e-05  2.8292773100e-04 -3.0098036500e-04 -6.5456039400e-04  2.0353247000e-05 -2.4977849400e-04  1.2161675070e-03  1.7935600000e-07  4.1649587300e-04 -1.7672163500e-04 -1.2959677200e-04 -2.8289322000e-05 -1.9391537000e-05  4.7045266000e-05  1.1141359000e-05  3.5082065000e-05 -8.6612980000e-06  4.9906441000e-05 -1.6731417000e-05 -1.0383656000e-05  1.2883275000e-05  1.4560067000e-05 -6.5371983000e-05  3.3039561000e-05 -5.4421300000e-07 -7.3400663000e-05  1.4574569600e-04 -3.2944831700e-04  9.8411119000e-05  7.1096927000e-05 -3.2963800100e-04 -3.3506886000e-05 -5.8002230000e-05  1.8929738000e-05  7.6671075000e-05 -4.9258501000e-05  6.6781156000e-05

JOB 8
COORDS  1.6965749591e-01  2.2261240875e-03  2.1470580569e-03 -5.6277482431e-01 -1.2373260958e+00  3.0142991239e-02 -1.9793273093e+00 -1.2353250024e+00  3.0206258977e-02 -2.6912992261e+00 -8.0314674799e-05  4.0851728381e-04 -1.9775418931e+00  1.2342110856e+00 -3.0324643290e-02 -5.6093820956e-01  1.2427355107e+00 -3.0028277466e-02  1.6792955825e+00  1.1499937727e-03  6.8713526218e-04  2.3964235508e+00 -1.1824268885e+00  2.6026779606e-02  2.4021696278e+00  1.1814173568e+00 -1.2906020377e-02 -3.9625254401e-02 -2.2125868235e+00  5.5569431768e-02 -2.5294956614e+00 -2.1961297669e+00  5.4215796940e-02 -3.7999938608e+00  5.1778761102e-04 -1.0081928803e-04 -2.5290717468e+00  2.1941549015e+00 -5.5287834000e-02 -3.9317320751e-02  2.2187515327e+00 -5.8641537188e-02  3.4473926867e+00 -1.2054821924e+00 -3.5655355626e-03  1.8968406298e+00 -2.1040344293e+00 -7.2469135925e-03  3.4535821723e+00  1.1944099924e+00  2.2859310456e-04  1.9093317780e+00  2.1070086702e+00  7.1097294506e-05
ENERGY -3.765408280557e+02
GRADIENT  4.3846951300e-04 -3.0073034100e-04  5.4546499500e-04 -6.0703917600e-04  7.9577060000e-04 -2.4033165400e-04 -2.8819277600e-04 -7.6509092000e-04 -3.6008511000e-05  6.2064680000e-06  8.9625592000e-05  3.6958660000e-05  3.0357573000e-04 -5.9836677000e-04 -1.3322130000e-06  9.4258829000e-05  5.5706072500e-04  5.6823055000e-05 -8.8721256700e-04  1.0403544600e-04 -7.4707168100e-04  4.1192040100e-04  7.5379119900e-04  9.6536573000e-04  4.9893749700e-04 -8.8813582000e-05 -1.4208353200e-04 -2.5909399000e-05  9.3450125000e-05 -6.3734475000e-05 -8.7273836000e-05 -2.2006310000e-05  4.3309910000e-05 -1.4450920000e-06 -9.4853826000e-05 -1.9136095000e-05  5.0774600000e-05 -2.6813659000e-05  8.3016020000e-06  2.3608050000e-05 -6.8932110000e-06 -6.9265959000e-05 -1.7086096000e-05 -7.7762962500e-04 -2.2646258100e-04 -5.4159000000e-07  8.7702691000e-05 -2.4814532700e-04  1.2319509000e-05  3.3285692300e-04  7.1821140000e-05  6.1112533000e-05 -1.3032845300e-04  6.6003294000e-05

JOB 9
COORDS  1.6924304938e-01  2.3579973900e-04  4.1643056664e-04 -5.6220441691e-01 -1.2393928519e+00  2.6995075605e-02 -1.9788737064e+00 -1.2334880698e+00  2.7873832642e-02 -2.6912949145e+00  1.7555293878e-03  1.3806226711e-03 -1.9777859513e+00  1.2362492747e+00 -2.7592782732e-02 -5.6106218897e-01  1.2407589930e+00 -2.8124609425e-02  1.6785940314e+00 -6.2520289414e-04 -4.3951677843e-04  2.3981686707e+00 -1.1824437484e+00  2.4079053818e-02  2.3996573447e+00  1.1803271730e+00 -1.6032308692e-02 -3.9795714156e-02 -2.2152622561e+00  4.8774072843e-02 -2.5301237341e+00 -2.1936948068e+00  4.9891741365e-02 -3.7999816509e+00  2.2438194992e-03  1.9034089867e-03 -2.5281729418e+00  2.1969407875e+00 -5.0087212688e-02 -3.7875480232e-02  2.2159855967e+00 -5.4373783667e-02  3.4494603237e+00 -1.1981621711e+00  2.5023864004e-03  1.9026134622e+00 -2.1066991855e+00  6.1601468449e-03  3.4510694478e+00  1.1924403985e+00 -1.9648157303e-03  1.9062860906e+00  2.1058296811e+00 -9.9160662858e-03
ENERGY -3.765408501302e+02
GRADIENT  1.9103748700e-04 -1.2098755200e-04  3.3753707600e-04  2.7781340000e-05  3.5432567100e-04 -9.1783465000e-05  1.6714322000e-05 -9.3450388000e-05 -6.9617026000e-05 -1.2457064200e-04  4.8920346000e-05  6.9989945000e-05 -6.6076600000e-05  7.8511465000e-05 -4.8156884000e-05  2.4009327000e-05 -1.8267672000e-04  1.2135249000e-04 -3.9173495100e-04 -7.3956004000e-05 -5.7983207000e-04  2.2271639200e-04  4.6463234200e-04  6.7601514000e-04  6.8684484000e-05 -1.9342227000e-04 -1.3147379000e-04  8.8564347000e-05 -7.6831270000e-06 -6.8589591000e-05 -9.8172970000e-06 -2.9343100000e-07  2.5616809000e-05  2.5115640000e-06 -2.4646800000e-07 -1.3679271000e-05 -1.7910732000e-05 -2.9229100000e-06 -1.2559790000e-06  1.9432687000e-05 -4.6740716000e-05 -7.2529396000e-05  3.7258761000e-05 -2.6228016000e-04 -1.7626850200e-04 -7.1917257000e-05 -4.2629400000e-06 -1.4161458800e-04  1.8660557000e-05  5.0969580000e-05  1.0540250900e-04 -4.9546269000e-05 -8.1879280000e-06  5.8379002000e-05

JOB 10
COORDS  1.6873303351e-01 -7.7882865723e-04 -7.4610184745e-04 -5.6250746551e-01 -1.2409645189e+00  2.2888505344e-02 -1.9791089556e+00 -1.2332495522e+00  2.4173292504e-02 -2.6905250978e+00  2.5120675203e-03  1.5698980202e-03 -1.9768485437e+00  1.2369060291e+00 -2.3516288715e-02 -5.6025679021e-01  1.2407886305e+00 -2.4627535902e-02  1.6784116770e+00 -1.8020795513e-03 -7.6471665881e-04  2.3992391253e+00 -1.1827925020e+00  2.1706022516e-02  2.3987923555e+00  1.1796116548e+00 -2.0522205662e-02 -4.1108032646e-02 -2.2173859573e+00  4.0468812546e-02 -2.5312835473e+00 -2.1929761841e+00  4.3100276649e-02 -3.7992148389e+00  3.5396253231e-03  2.6596361208e-03 -2.5268756085e+00  2.1978791117e+00 -4.2251692484e-02 -3.6540405133e-02  2.2158831128e+00 -4.6335648850e-02  3.4506618569e+00 -1.1929677841e+00  1.2253612896e-02  1.9068094778e+00 -2.1087164781e+00  2.4252380466e-02  3.4501842967e+00  1.1925851832e+00 -8.5885777975e-03  1.9048864506e+00  2.1047865512e+00 -2.4328041331e-02
ENERGY -3.765408585483e+02
GRADIENT -2.6275727100e-04  4.8422406000e-05  1.0875133500e-04  1.1409201000e-04 -2.3322974200e-04  1.1341470000e-06  6.2326912000e-05  1.2284986400e-04 -3.6097303000e-05  5.5741083000e-05  3.9691650000e-06  3.5607877000e-05 -2.7546042000e-05  3.7051895000e-05 -2.8600986000e-05  4.7580663000e-05  1.1100588600e-04  8.4107226000e-05 -9.5527760000e-06 -1.5843712300e-04 -1.6750010500e-04  2.7860600000e-05 -6.9388467000e-05  2.4905314700e-04  4.1132289000e-05 -9.5051502000e-05 -1.5848494900e-04 -2.8922556000e-05 -4.4429379000e-05 -5.7031273000e-05  2.2068675000e-05  7.2542500000e-07  1.3701153000e-05  1.1650050000e-06  8.1405970000e-06 -4.3332050000e-06  4.2338680000e-06  8.2949600000e-06  1.0490510000e-06  1.6732819000e-05  1.2259178000e-05 -6.3685658000e-05 -2.7139131000e-05  1.5416771100e-04 -8.3074980000e-05 -2.1645680000e-06  5.0533362000e-05 -4.3999792000e-05 -9.1191750000e-06  5.2451894000e-05  1.0816029200e-04 -4.0221539000e-05 -1.0729735000e-05  4.0688200000e-05

JOB 11
COORDS  1.7002715761e-01  1.3897175355e-04 -8.6171581293e-04 -5.6153794888e-01 -1.2398690798e+00  2.0383145309e-02 -1.9782087319e+00 -1.2330021909e+00  2.1105022360e-02 -2.6912032537e+00  1.8506589186e-03  7.2470103201e-04 -1.9780134286e+00  1.2365561396e+00 -2.0868579344e-02 -5.6137995540e-01  1.2403240004e+00 -2.1635415764e-02  1.6798575405e+00 -3.7834816771e-04 -6.1317393633e-04  2.3983471074e+00 -1.1828440655e+00  1.9870578431e-02  2.4013219071e+00  1.1803446925e+00 -2.3157175716e-02 -3.9883965109e-02 -2.2161481345e+00  3.6039655602e-02 -2.5295289473e+00 -2.1932635564e+00  3.7490398245e-02 -3.7998980993e+00  2.0127383099e-03  1.5238003756e-03 -2.5282734447e+00  2.1974494964e+00 -3.7063618590e-02 -3.8756527129e-02  2.2160510839e+00 -3.9171998087e-02  3.4497744424e+00 -1.1944833142e+00  1.9911699325e-02  1.9044671853e+00 -2.1078458538e+00  3.6448840321e-02  3.4527812706e+00  1.1893527013e+00 -1.5139479700e-02  1.9098133741e+00  2.1067342067e+00 -3.3563302190e-02
ENERGY -3.765408593005e+02
GRADIENT  2.6739521500e-04 -7.4458009000e-05 -2.3662844000e-05  2.0007518000e-05 -4.0711123000e-05  1.7932698000e-05  7.7784524000e-05  2.4410299700e-04  1.3038400000e-06 -8.5069421000e-05 -4.6618420000e-05  7.3544800000e-07 -8.1030808000e-05  2.4234314200e-04 -1.0286976000e-05 -3.0831146100e-04 -4.3999573500e-04  4.0660711000e-05  6.3834485200e-04  2.8571423000e-05  1.0105135500e-04 -2.9673265700e-04 -3.3530307700e-04 -4.3344727000e-05 -1.1036008400e-04  3.5921414700e-04 -1.7414417200e-04  2.7533284000e-05  2.9883707000e-05 -2.0149249000e-05 -7.3887200000e-07  2.1088871000e-05 -3.8219350000e-06 -9.6961690000e-06  3.3404897000e-05  4.7241800000e-06 -4.6663311000e-05 -1.6360210000e-06  2.6104800000e-07 -8.2044725000e-05 -2.2259003000e-05 -2.6606101000e-05 -5.9348511000e-05  2.1096268000e-04  2.7907200000e-07  2.0478380000e-05  3.7833120000e-06  1.3181231000e-05 -2.8861009000e-05 -2.1189009700e-04  8.6126412000e-05  4.1750504000e-05  4.4185000000e-07  3.5663746000e-05

