JOB 0
COORDS  1.6234090000e-01 -1.3383000000e-02  2.7940100000e-02 -5.5427140000e-01 -1.2138039000e+00 -2.9709000000e-01 -1.9723737000e+00 -1.1954083000e+00 -3.1319910000e-01 -2.6756411000e+00  6.5600000000e-03 -5.5404000000e-03 -1.9624911000e+00  1.2013366000e+00  3.0858860000e-01 -5.4434410000e-01  1.2034912000e+00  3.1129450000e-01  1.6719676000e+00 -1.3618200000e-02 -4.0696000000e-03  2.3849297000e+00 -1.0526576000e+00  5.6112730000e-01  2.3544483000e+00  1.0571305000e+00 -5.4680250000e-01 -6.9352000000e-03 -2.1400676000e+00 -5.5994710000e-01 -2.5306669000e+00 -2.1159183000e+00 -5.7286840000e-01 -3.7840177000e+00  1.3447400000e-02 -1.4402500000e-02 -2.5137069000e+00  2.1308044000e+00  5.5098870000e-01  9.9280000000e-03  2.1259652000e+00  5.7257620000e-01  3.4352331000e+00 -1.1162355000e+00  5.1671560000e-01  1.8683409000e+00 -1.8283475000e+00  1.0475379000e+00  3.4052882000e+00  1.1255522000e+00 -5.3982710000e-01  1.8185486000e+00  1.8123378000e+00 -1.0444050000e+00
ENERGY -3.765411374524e+02
GRADIENT -3.2199543600e-04 -8.4174737000e-05  5.2216975450e-03  1.5722809200e-04  7.1025693600e-04 -2.8665809230e-03 -4.9679478000e-05 -8.6144139000e-05  1.7127824000e-05  3.0736837700e-04  2.2616981000e-05  4.7050950000e-06 -1.3738135600e-04  1.5912448700e-04  6.7698312000e-05  9.7206719000e-05  9.0628308000e-05 -4.6881487000e-05 -3.8145246900e-04 -2.1339331250e-03 -5.0488317030e-03  5.5945520600e-04  1.6219092160e-03  2.2655594150e-03 -2.4721640400e-04 -2.6084978700e-04  3.5728169900e-04 -7.6220590000e-06 -3.8271759000e-05 -5.5537464000e-05  3.3687042000e-05 -2.7787644000e-05  5.0613400000e-07  2.6805670000e-05  5.4884260000e-06 -1.3622242000e-05  1.2864337000e-05  1.9873339000e-05  1.9396006000e-05 -2.0297251000e-05  3.3838396000e-05 -2.6073101000e-05  8.8417436000e-05  3.1221004000e-05  9.5251515000e-05 -4.4754350000e-05  7.7437998000e-05  7.7565214000e-05  1.8017131000e-05 -1.1759169900e-04 -2.0026330000e-06 -6.1440959000e-05 -1.3201723000e-05 -6.7621609000e-05

JOB 1
COORDS  1.6477941493e-01 -9.7971863541e-04  1.5713560334e-02 -5.4837243924e-01 -1.2141436644e+00 -2.6716941300e-01 -1.9667194871e+00 -1.2040426991e+00 -2.8077866794e-01 -2.6777740290e+00  7.0540477039e-04 -3.7258134818e-03 -1.9674826863e+00  1.2046405847e+00  2.8053587367e-01 -5.4928098685e-01  1.2156347664e+00  2.8044923163e-01  1.6747448645e+00  8.8455862876e-04  2.7881894319e-03  2.3686367096e+00 -1.0775439562e+00  5.1547064431e-01  2.3696911243e+00  1.0818590385e+00 -5.0424739155e-01  2.7822610376e-03 -2.1455986113e+00 -5.0192458124e-01 -2.5199656835e+00 -2.1348545849e+00 -5.1303220399e-01 -3.7862320165e+00  1.6978542192e-03 -9.5860846061e-03 -2.5226111588e+00  2.1364450322e+00  5.0419943991e-01 -2.3864828537e-04  2.1461200395e+00  5.2366739879e-01  3.4177362490e+00 -1.1556438974e+00  4.6839838063e-01  1.8385053640e+00 -1.8702858961e+00  9.5781245215e-01  3.4210517725e+00  1.1411236239e+00 -4.9441357976e-01  1.8417619128e+00  1.8591785746e+00 -9.7547119614e-01
ENERGY -3.765416749811e+02
GRADIENT -8.5355955400e-04 -9.4074332600e-04  2.2446502150e-03  2.9381138200e-04  5.7125956500e-04 -1.9133006470e-03 -1.4195984700e-04  5.1665241100e-04  1.1760905700e-04 -7.9067508700e-04 -8.8336934000e-05 -5.8315619000e-05  2.4368159500e-04 -8.4034154300e-04 -7.4660695000e-05  4.7857571500e-04  1.3424178600e-04  5.2189894500e-04  1.5347229210e-03  4.4962867700e-04 -1.5424223510e-03 -1.1948808380e-03  4.8966547900e-04  1.7167252500e-03 -8.8745020000e-06  1.7697920000e-06 -5.4266618900e-04  3.0391026200e-04  4.6759548000e-05  4.0734170200e-04 -3.0907101000e-05  7.0940780000e-05 -2.6137191000e-05 -3.4926583000e-05 -2.1362414000e-05  5.0398730000e-06  1.6265373000e-05 -5.7822125000e-05 -2.7495710000e-05  2.0758415500e-04 -1.0103229700e-04  2.9596600000e-06  8.3154360000e-05  1.3976701000e-05 -1.3014273300e-04 -1.7153516700e-04 -3.7267773700e-04 -1.9411030900e-04  1.6687733700e-04  1.4696528900e-04 -2.3927894800e-04 -8.4182188000e-05 -2.0136263000e-05 -2.6402421400e-04

JOB 2
COORDS  1.6222743396e-01 -4.6723419274e-03  7.3543930296e-03 -5.5482760029e-01 -1.2226290870e+00 -2.4717582633e-01 -1.9726873992e+00 -1.2095406844e+00 -2.5813326900e-01 -2.6767806085e+00  4.6851366323e-03 -4.3378525388e-03 -1.9698233845e+00  1.2160844940e+00  2.5514291064e-01 -5.5195451163e-01  1.2168593598e+00  2.5251971431e-01  1.6716918369e+00 -6.3610864902e-03  4.9919680509e-03  2.3820438218e+00 -1.0922263840e+00  4.7864168653e-01  2.3639122718e+00  1.0931018484e+00 -4.6378674346e-01 -8.5086765303e-03 -2.1601673464e+00 -4.6826888299e-01 -2.5297402145e+00 -2.1430157001e+00 -4.6998491186e-01 -3.7852026802e+00  7.1019328718e-03 -8.6755111902e-03 -2.5226828474e+00  2.1532740901e+00  4.6173049545e-01 -6.7051193426e-04  2.1502269627e+00  4.7885971302e-01  3.4317691601e+00 -1.1553282190e+00  4.2713696993e-01  1.8644723085e+00 -1.9031105629e+00  9.0159788375e-01  3.4148973278e+00  1.1522207891e+00 -4.4425051225e-01  1.8367696986e+00  1.8878428804e+00 -9.0537246260e-01
ENERGY -3.765419073152e+02
GRADIENT -5.3485042200e-04  1.1084592380e-03  3.7126887800e-04  1.8209068000e-05  5.2942994700e-04 -1.1444116580e-03 -7.7201630200e-04 -5.6620740000e-04 -3.0217378000e-05  2.0060769430e-03 -8.8575723000e-05 -5.9016134000e-05 -1.2971633660e-03  1.7194996280e-03  5.0094456800e-04 -6.9355195600e-04 -1.6083746670e-03  1.6825421800e-04  6.6911868400e-04 -1.3862035750e-03 -2.8720435900e-04  1.2224539910e-03  1.5765680300e-03  9.3359066200e-04 -7.3399786700e-04 -8.0457946100e-04 -1.0939853500e-04  6.3107571000e-05  7.4384223000e-05  1.6856007700e-04  5.9219430000e-05 -1.1873098500e-04 -7.3562328000e-05  1.7675495200e-04  8.3467343000e-05  6.0420330000e-06 -7.8190853000e-05  1.5399652400e-04  4.3296880000e-05  6.2457293000e-05 -1.4814984300e-04 -1.4533143600e-04  2.1064977100e-04 -3.3051638600e-04 -5.6405877000e-05 -2.3622547900e-04  2.0757617000e-05 -2.2171326200e-04  1.5264660600e-04 -2.8908460600e-04 -2.4936783000e-05 -2.8053347700e-04  7.7507322000e-05 -3.9434390000e-05

JOB 3
COORDS  1.6230368112e-01  1.3313116697e-03 -4.5235749915e-03 -5.5311726190e-01 -1.2266261193e+00 -2.1589201757e-01 -1.9706807793e+00 -1.2171217340e+00 -2.2099710526e-01 -2.6813551144e+00  1.2855256592e-04 -1.2641142699e-03 -1.9676360170e+00  1.2155323726e+00  2.1955069489e-01 -5.5008703153e-01  1.2293560215e+00  2.1505518121e-01  1.6699827305e+00 -1.3875955123e-03  3.5554798349e-03  2.3709309950e+00 -1.1161387403e+00  4.2179835179e-01  2.3713510298e+00  1.1149147754e+00 -4.1071250997e-01 -7.6210994031e-03 -2.1694955646e+00 -4.1550743952e-01 -2.5248652102e+00 -2.1587377384e+00 -4.0173755268e-01 -3.7899751554e+00  1.1817382926e-03 -5.7754226427e-04 -2.5220508492e+00  2.1564504917e+00  4.0289096358e-01 -4.0113735230e-03  2.1712416859e+00  4.1820562117e-01  3.4204841242e+00 -1.1766080135e+00  3.7094615066e-01  1.8509698750e+00 -1.9425974630e+00  8.0942166629e-01  3.4220730891e+00  1.1673053226e+00 -3.7924481899e-01  1.8526041265e+00  1.9348371975e+00 -8.1356893012e-01
ENERGY -3.765420893733e+02
GRADIENT -2.1818956050e-03  5.4831920200e-04 -1.3695728450e-03  6.9116589100e-04 -8.8239217400e-04 -1.5358198600e-04  4.8748772300e-04  7.8596758000e-04  1.8967070800e-04 -1.6145727410e-03  7.8316959000e-05 -2.3569592000e-05  1.1112377660e-03 -2.0191636290e-03 -3.5751749600e-04  1.3007904490e-03  1.8642372120e-03  9.6011962200e-04  9.5009610500e-04 -3.4348554600e-04  9.0037004200e-04 -2.9418495300e-04  2.2508532800e-04  8.1875797500e-04 -7.4444536300e-04 -1.9401277000e-05 -4.8880888300e-04  1.9869797500e-04 -4.7499030000e-05  1.3739174000e-04  2.0790876000e-05  8.3649824000e-05 -3.9757908000e-05 -1.1916971400e-04 -9.3558664000e-05 -4.5573790000e-06  1.3836214500e-04 -1.3892402600e-04  4.2508350000e-06  4.2972270900e-04  9.1651346000e-05 -9.2663426000e-05  5.7577412000e-05  8.6685463000e-05 -4.0415932100e-04 -2.3355154900e-04 -1.1201509500e-04 -1.9905552500e-04  4.9877366000e-05 -2.0829301100e-04  1.2799959000e-05 -2.3921751400e-04  9.9536776000e-05  1.0788765300e-04

JOB 4
COORDS  1.6692592952e-01 -2.9392986528e-04 -3.0403724438e-03 -5.5496789549e-01 -1.2251984068e+00 -2.1201085995e-01 -1.9725447574e+00 -1.2183915545e+00 -2.1527712175e-01 -2.6831354223e+00 -5.1037165931e-04  1.4690092176e-03 -1.9738351669e+00  1.2182574831e+00  2.1663448997e-01 -5.5625208906e-01  1.2232978463e+00  2.1029131307e-01  1.6745401747e+00  5.4345314929e-04 -2.8647881432e-03  2.3702540840e+00 -1.1191608967e+00  4.1197657167e-01  2.3809234333e+00  1.1187317884e+00 -4.0599972083e-01 -1.2391187030e-02 -2.1691468370e+00 -4.1391225857e-01 -2.5261695194e+00 -2.1610479603e+00 -3.9253769635e-01 -3.7917147146e+00 -1.2323564686e-03  2.9419912619e-03 -2.5272046103e+00  2.1606668875e+00  3.9615606270e-01 -1.3205510273e-02  2.1673197162e+00  4.1029587251e-01  3.4198551378e+00 -1.1808139350e+00  3.6798913461e-01  1.8481168337e+00 -1.9436730463e+00  8.0038107503e-01  3.4313690678e+00  1.1713794795e+00 -3.7008257264e-01  1.8658950866e+00  1.9426195559e+00 -8.0482398320e-01
ENERGY -3.765421158968e+02
GRADIENT  1.8381781720e-03 -6.8345560900e-04 -3.0118825000e-05 -7.4922241800e-04  1.1247849930e-03  2.5756680700e-04 -2.0893500700e-04 -4.4589727900e-04 -1.4582289000e-04  3.2284680000e-04 -1.0295647000e-05  1.0929685000e-05 -4.9631562500e-04  1.0070867070e-03  4.4101761000e-05 -1.0479116990e-03 -1.6846823300e-03  1.2804776000e-04  1.2812972570e-03  1.5739073400e-04 -6.8057444300e-04 -1.0581384380e-03 -1.5711421700e-04  1.0315435160e-03  4.6429035000e-04  4.1307732600e-04 -3.8937333200e-04  5.2626626000e-05  1.9578262600e-04  4.9598906000e-05 -9.5169589000e-05  3.4177220000e-06 -1.1125849000e-05  2.7682971000e-05  4.5309920000e-05  3.0004539000e-05 -1.5042179800e-04  2.1001441000e-05  2.5708933000e-05 -7.3391036000e-05 -2.1424376500e-04 -3.0334082000e-05 -1.2935520600e-04  1.3610030200e-04 -2.9333259400e-04  5.5854520000e-06 -8.3772727000e-05 -1.1457891400e-04 -4.7868598000e-05  2.6905879000e-04 -6.2967757000e-05  7.2660153000e-05 -9.4057045000e-05  1.7907960600e-04

JOB 5
COORDS  1.6301916145e-01 -1.8862511500e-03  3.2329916680e-04 -5.5597144918e-01 -1.2283876187e+00 -2.1126324557e-01 -1.9733434171e+00 -1.2185172111e+00 -2.1525618107e-01 -2.6814924366e+00  9.0226790971e-04  4.4664372715e-04 -1.9716603523e+00  1.2194824171e+00  2.1505631566e-01 -5.5426107193e-01  1.2259877624e+00  2.1036613712e-01  1.6701960546e+00 -2.4477518271e-03 -1.3189209955e-03  2.3746675337e+00 -1.1190259802e+00  4.0816655925e-01  2.3743213590e+00  1.1176719907e+00 -4.0224524505e-01 -1.3839883823e-02 -2.1726449589e+00 -4.1345514480e-01 -2.5285879049e+00 -2.1601728262e+00 -3.9262245111e-01 -3.7900670350e+00  1.6594664864e-03  6.9197859209e-04 -2.5250750603e+00  2.1622458149e+00  3.9235433613e-01 -1.0173255577e-02  2.1696559440e+00  4.0980595619e-01  3.4246905571e+00 -1.1758751445e+00  3.6649773447e-01  1.8577753612e+00 -1.9461076496e+00  7.9800050341e-01  3.4248471799e+00  1.1690695034e+00 -3.6628939402e-01  1.8594169801e+00  1.9416098267e+00 -8.0132604701e-01
ENERGY -3.765421485624e+02
GRADIENT -9.6475287000e-05  3.4204500000e-06  3.4039667200e-04 -3.1137926000e-05 -1.2042106000e-04 -1.4892294000e-04 -2.3071642000e-05 -9.4553531000e-05 -4.7561246000e-05  4.3617178400e-04  9.3825750000e-06  2.3305413000e-05 -1.8074159200e-04  3.2215847500e-04 -5.5170710000e-06 -1.3868781100e-04 -5.4282177000e-05  1.1799173000e-04 -2.5476095200e-04 -4.1230137700e-04 -6.1638225800e-04  3.0158528500e-04  6.1175365300e-04  6.1603404400e-04  1.0665739500e-04 -8.2133200000e-05 -1.8348117900e-04 -5.7034358000e-05 -3.6703256000e-05 -7.9638474000e-05  2.2151937000e-05 -2.4387567000e-05  1.1285341000e-05  3.2787536000e-05  1.7855144000e-05  4.8596400000e-07 -1.8889790000e-06  3.1952476000e-05  2.0701929000e-05 -6.9554416000e-05  3.7298184000e-05 -2.8375642000e-05 -1.5036464000e-05 -2.6574764400e-04 -5.1488824000e-05 -3.6833700000e-07  2.3275592000e-05 -1.5760625200e-04  6.9517440000e-06  3.4696524000e-05  7.0231300000e-05 -2.6251350000e-05 -1.3567700000e-06  1.1770263300e-04

JOB 6
COORDS  1.6304161838e-01 -1.7374132602e-03  2.2842289382e-03 -5.5705484507e-01 -1.2271279649e+00 -2.1099483433e-01 -1.9745551680e+00 -1.2177382806e+00 -2.1603214499e-01 -2.6836701708e+00  1.1032616679e-03 -3.9566178228e-04 -1.9717384018e+00  1.2183720412e+00  2.1518099934e-01 -5.5422185029e-01  1.2259863312e+00  2.1148400148e-01  1.6700852036e+00 -3.1669441719e-03 -3.4487048210e-05  2.3757533978e+00 -1.1200055389e+00  4.0693679998e-01  2.3737465996e+00  1.1169052478e+00 -4.0142504598e-01 -1.4810362553e-02 -2.1714285362e+00 -4.1254011429e-01 -2.5292628276e+00 -2.1595152804e+00 -3.9442332976e-01 -3.7922673638e+00  2.4283364753e-03 -9.8213888838e-04 -2.5248217515e+00  2.1613665157e+00  3.9213475935e-01 -1.0300267303e-02  2.1695801604e+00  4.1174128616e-01  3.4261215701e+00 -1.1704044958e+00  3.6506697316e-01  1.8622676505e+00 -1.9478047580e+00  7.9994375441e-01  3.4244455451e+00  1.1660093733e+00 -3.6758542401e-01  1.8595055065e+00  1.9404935719e+00 -8.0223941384e-01
ENERGY -3.765421514641e+02
GRADIENT  4.3815388000e-05  1.3587858300e-04  4.9189927500e-04 -7.5742225000e-05  2.3403226100e-04 -2.4445566700e-04  4.4364350000e-05  1.5255704000e-05  4.3202630000e-06 -2.9988406500e-04  1.9861723000e-05  1.3681439000e-05  1.4676527100e-04 -2.6931654400e-04 -4.8770554000e-05  7.6440143000e-05  7.2984697000e-05  2.9762024000e-05  1.8049769300e-04 -2.5235810000e-04 -5.7691664200e-04  1.1382568200e-04  1.5240298400e-04  7.2232865600e-04 -1.2469238500e-04 -1.0622561300e-04 -1.9337863500e-04 -2.9046153000e-05  5.8265100000e-06 -4.7264607000e-05 -2.3402864000e-05  1.5003808000e-05  1.7604517000e-05 -2.0824259000e-05 -1.9911028000e-05 -1.1475323000e-05  3.0438260000e-06 -2.7548840000e-05 -2.8744040000e-06  2.4010694000e-05  6.0351810000e-06 -2.6241715000e-05  1.7915115000e-05  1.5362852700e-04 -1.8954584800e-04 -2.3761022000e-05 -5.8966996000e-05 -1.1685815000e-04 -8.9567280000e-06 -1.2688631100e-04  1.1794965700e-04 -3.2348745000e-05  5.0414467000e-05  5.9690095000e-05

JOB 7
COORDS  1.6275247117e-01 -1.2856066160e-03  3.6549184096e-03 -5.5569456969e-01 -1.2272853317e+00 -2.1104069215e-01 -1.9732154221e+00 -1.2179348064e+00 -2.1656772656e-01 -2.6825045001e+00  7.8186943002e-04 -5.2056863130e-04 -1.9718694066e+00  1.2186500693e+00  2.1627643989e-01 -5.5435489134e-01  1.2264126289e+00  2.1288343932e-01  1.6695183819e+00 -2.0978364146e-03 -2.0251560297e-04  2.3727911139e+00 -1.1212203433e+00  4.0489816519e-01  2.3737453561e+00  1.1177287877e+00 -4.0152232981e-01 -1.2433858152e-02 -2.1711354557e+00 -4.1196768902e-01 -2.5277270254e+00 -2.1596634376e+00 -3.9582554689e-01 -3.7910969300e+00  1.5721328188e-03 -1.5998872546e-03 -2.5255026828e+00  2.1613197875e+00  3.9328074402e-01 -1.0334450514e-02  2.1697717214e+00  4.1396646184e-01  3.4232308642e+00 -1.1728416660e+00  3.6642742705e-01  1.8577479941e+00 -1.9465453534e+00  8.0116205157e-01  3.4245583085e+00  1.1666589117e+00 -3.7094890461e-01  1.8595046068e+00  1.9405081600e+00 -8.0402824625e-01
ENERGY -3.765421550717e+02
GRADIENT -1.5632326100e-04 -1.0714126300e-04  7.2828602700e-04  1.9055028800e-04  2.2673039000e-05 -3.8525062100e-04 -1.6080410000e-06  6.0957588000e-05  1.4359209000e-05 -1.0099559200e-04 -1.2225742000e-05 -2.1552560000e-06  3.2489247000e-05 -7.8972746000e-05  1.5692866000e-05  1.9484599500e-04  7.5305253000e-05 -3.5310652000e-05  4.5603593000e-05  7.4866293000e-05 -6.8881239400e-04 -2.1614831300e-04 -4.3884815000e-05  6.5881739800e-04 -1.5889350000e-05 -7.3271051000e-05 -1.6689029900e-04  3.4806100000e-05 -1.4113102000e-05  2.5074952000e-05  1.1626170000e-05 -1.5866430000e-06  7.5766130000e-06 -5.8796350000e-06 -2.4537130000e-06 -3.4289220000e-06  1.6307768000e-05  6.6288000000e-08 -1.2077123000e-05  9.9326100000e-06  1.1016990000e-05  1.6901240000e-06  2.0912050000e-06  1.3287285100e-04 -1.3904723600e-04 -2.2446268000e-05 -1.1164194200e-04 -9.2352520000e-05 -1.8538033000e-05  2.6242820000e-05  4.4521551000e-05  1.1836513000e-05  4.1259992000e-05  2.8872387000e-05

JOB 8
COORDS  1.6290073256e-01 -1.3854918570e-03  4.4306031540e-03 -5.5630189041e-01 -1.2268989579e+00 -2.1133529754e-01 -1.9738053118e+00 -1.2177085093e+00 -2.1730518566e-01 -2.6833151952e+00  7.5568367952e-04 -8.0616926424e-04 -1.9723262078e+00  1.2182158334e+00  2.1694626942e-01 -5.5483357177e-01  1.2259765623e+00  2.1399153476e-01  1.6697370030e+00 -2.0607994004e-03 -7.0332915794e-04  2.3734599206e+00 -1.1217400687e+00  4.0224528528e-01  2.3737119801e+00  1.1184427059e+00 -4.0087667108e-01 -1.3193850329e-02 -2.1707453625e+00 -4.1252803343e-01 -2.5281781739e+00 -2.1593387058e+00 -3.9750201837e-01 -3.7919125376e+00  1.6614969193e-03 -2.1765705191e-03 -2.5258895743e+00  2.1608604071e+00  3.9428744499e-01 -1.1016341535e-02  2.1692462940e+00  4.1602309426e-01  3.4239508770e+00 -1.1755511255e+00  3.6879360945e-01  1.8573743464e+00 -1.9439190891e+00  8.0351103888e-01  3.4246314674e+00  1.1674135778e+00 -3.7346568450e-01  1.8590121886e+00  1.9401455566e+00 -8.0494562714e-01
ENERGY -3.765421567544e+02
GRADIENT  1.2727705900e-04 -8.0816542000e-05  8.4093438400e-04 -9.0231830000e-06  1.2111904100e-04 -4.0015135800e-04  9.7939850000e-06  4.4211372000e-05  1.7132466000e-05 -1.8111696100e-04 -9.0802170000e-06 -8.9106130000e-06  8.4903083000e-05 -1.3554736800e-04  2.6962410000e-06  2.7404207000e-05  2.1093063000e-05 -8.1372378000e-05 -3.8388903300e-04 -6.1525370000e-05 -7.3313622200e-04  1.6618682300e-04  3.5165254400e-04  3.5066618800e-04  1.3361956100e-04 -1.4030389500e-04 -4.9886672000e-05  1.5735948000e-05  1.6176516000e-05  4.4266129000e-05 -8.7430420000e-06  1.1140534000e-05 -5.8994300000e-07 -1.4736039000e-05 -7.5542690000e-06  2.2854730000e-06  1.9588500000e-06 -1.2251313000e-05 -1.8986632000e-05  1.3388920000e-05 -1.0860264000e-05  1.8047455000e-05 -1.7781334000e-05 -2.5056366700e-04  6.1703360000e-05  1.9098375000e-05  1.1477798000e-05 -6.4408399000e-05 -3.6380510000e-06  1.3510323600e-04 -1.3683097000e-05  3.2608588000e-05 -3.3840000000e-06  3.3362021000e-05

JOB 9
COORDS  1.6225431925e-01 -2.0094566699e-03  4.3628105244e-03 -5.5696440963e-01 -1.2274993816e+00 -2.1223937371e-01 -1.9743953814e+00 -1.2176322992e+00 -2.1825914978e-01 -2.6831211991e+00  1.1470255954e-03 -9.8159541845e-04 -1.9725956105e+00  1.2186658921e+00  2.1771105370e-01 -5.5516215516e-01  1.2255332017e+00  2.1484832656e-01  1.6691801094e+00 -2.6298010072e-03 -9.4542994326e-04  2.3734530172e+00 -1.1222713939e+00  4.0098683100e-01  2.3727240487e+00  1.1185149901e+00 -4.0018915928e-01 -1.4159464931e-02 -2.1713473156e+00 -4.1426468203e-01 -2.5292632157e+00 -2.1588341591e+00 -3.9917782732e-01 -3.7917080953e+00  2.2537373240e-03 -2.4347549066e-03 -2.5260375965e+00  2.1612612993e+00  3.9575007857e-01 -1.0954290540e-02  2.1684256865e+00  4.1760678119e-01  3.4242066175e+00 -1.1719878754e+00  3.6968125391e-01  1.8592067730e+00 -1.9435031469e+00  8.0655349493e-01  3.4237770687e+00  1.1655937739e+00 -3.7416540803e-01  1.8584757081e+00  1.9396165641e+00 -8.0608764197e-01
ENERGY -3.765421584831e+02
GRADIENT  7.8120468000e-05 -5.6573451000e-05  8.3346992500e-04 -5.4799795000e-05 -1.0006637000e-05 -4.0328666200e-04 -1.3940947000e-05 -1.4477403000e-05  1.1039375000e-05  1.2624938100e-04 -8.5727720000e-06 -1.2109961000e-05 -3.8891136000e-05  8.3160198000e-05  2.1000693000e-05 -8.9442584000e-05 -1.3882769000e-05 -7.4162394000e-05  6.9125410000e-06 -1.7631610000e-04 -7.6781327700e-04 -9.7919200000e-07  1.5411108500e-04  3.7710949600e-04  1.6140100000e-07  5.4647442000e-05 -6.9462469000e-05 -1.9367229000e-05 -7.1730120000e-06  2.2004573000e-05  7.2992110000e-06 -5.2057960000e-06 -7.3036820000e-06  7.0861060000e-06  5.6288080000e-06  7.0820340000e-06 -1.0414090000e-06  1.1447679000e-05 -9.8394610000e-06 -1.7338269000e-05  2.7629980000e-06  2.3056041000e-05 -2.4328142000e-05 -3.5460104000e-05  5.8248580000e-06  2.5534050000e-05  2.1196037000e-05 -1.1948579000e-05  1.1395480000e-06 -1.5087438000e-05  2.7442032000e-05  2.1882632000e-05  1.0315718000e-05  2.8171799000e-05

JOB 10
COORDS  1.6194811300e-01 -1.9666722087e-03  3.8695535508e-03 -5.5723073196e-01 -1.2272327129e+00 -2.1331284103e-01 -1.9746927376e+00 -1.2173501262e+00 -2.1918019475e-01 -2.6834911387e+00  1.2435693581e-03 -9.3448187062e-04 -1.9726586889e+00  1.2184692783e+00  2.1854398633e-01 -5.5518804380e-01  1.2254532477e+00  2.1549091170e-01  1.6688603029e+00 -2.9077178170e-03 -6.0985446773e-04  2.3731883537e+00 -1.1224686415e+00  4.0142790864e-01  2.3723418276e+00  1.1180949938e+00 -4.0020434852e-01 -1.4284443086e-02 -2.1708665990e+00 -4.1602476419e-01 -2.5295745882e+00 -2.1584514594e+00 -4.0057950492e-01 -3.7920778620e+00  2.4193382564e-03 -2.2577955178e-03 -2.5260266453e+00  2.1609321441e+00  3.9749595225e-01 -1.0778841703e-02  2.1681343441e+00  4.1867079700e-01  3.4240726042e+00 -1.1707665539e+00  3.7115319706e-01  1.8593465022e+00 -1.9433225989e+00  8.0839926621e-01  3.4234057930e+00  1.1657218050e+00 -3.7536039900e-01  1.8576275754e+00  1.9380742923e+00 -8.0783186133e-01
ENERGY -3.765421588304e+02
GRADIENT -3.7406420000e-06 -3.4383068000e-05  7.2708333400e-04  4.7476400000e-07  5.4043276000e-05 -3.7968918400e-04  9.3311840000e-06  4.2115110000e-06  1.4410864000e-05  8.2919580000e-06  1.4674270000e-06 -9.0177690000e-06 -4.7353670000e-06  1.3948637000e-05  9.0157380000e-06 -9.0843100000e-06  1.9373240000e-06 -3.7355360000e-05 -2.2126709000e-05 -1.3978293600e-04 -6.8614305800e-04 -1.5075068000e-05  1.0509642300e-04  3.5725103700e-04  4.1160153000e-05 -7.7391249000e-05 -1.6342340000e-06 -1.7297600000e-07 -7.9484850000e-06  1.2733505000e-05  3.6809710000e-06 -1.3734850000e-06 -6.8047300000e-07  1.8786960000e-06  1.8125630000e-06  1.6615070000e-06 -1.4840300000e-07  1.7680030000e-06 -4.7357870000e-06  4.1130300000e-07 -1.5305640000e-06  7.2317240000e-06  4.9163080000e-06  4.0279269000e-05 -1.6388909000e-05 -1.1410890000e-06 -3.0939230000e-06  5.7224300000e-06  3.4863100000e-07  4.5186066000e-05 -1.1078075000e-05  2.7026800000e-07 -3.6798140000e-06  1.1854992000e-05

