JOB 0
COORDS  1.6272580000e-01 -1.3871400000e-02 -2.5166900000e-02 -5.5453560000e-01 -1.2030431000e+00  3.3825380000e-01 -1.9726692000e+00 -1.1829401000e+00  3.5254950000e-01 -2.6762878000e+00  7.6817000000e-03  4.4125000000e-03 -1.9624000000e+00  1.1909733000e+00 -3.4892210000e-01 -5.4427390000e-01  1.1922471000e+00 -3.5058870000e-01  1.6725837000e+00 -1.2827400000e-02  6.0039000000e-03  2.3801010000e+00 -1.0720616000e+00 -5.2770550000e-01  2.3578484000e+00  1.0739271000e+00  5.1292440000e-01 -8.1206000000e-03 -2.1203569000e+00  6.3237810000e-01 -2.5313547000e+00 -2.0941932000e+00  6.4224460000e-01 -3.7846829000e+00  1.4814000000e-02  1.2058000000e-02 -2.5129425000e+00  2.1120187000e+00 -6.2295000000e-01  1.0204400000e-02  2.1053732000e+00 -6.4249070000e-01  3.4295630000e+00 -1.1423581000e+00 -4.7526570000e-01  1.8586780000e+00 -1.8669711000e+00 -9.7639200000e-01  3.4085067000e+00  1.1434551000e+00  4.9762030000e-01  1.8232528000e+00  1.8497451000e+00  9.7909090000e-01
ENERGY -3.765411435643e+02
GRADIENT -1.7524146800e-04 -5.4908376000e-04 -5.1615780970e-03  1.5724979700e-04  4.5180253200e-04  2.7930209900e-03  7.2292738000e-05  2.4240155300e-04 -5.3951776000e-05  7.2893886000e-05 -5.0776844000e-05 -1.6558600000e-06 -7.7114785000e-05  1.8111991200e-04 -3.2248764000e-05 -2.0706935000e-05 -7.8760881000e-05 -4.7723407000e-05  4.1881137000e-05 -1.7011646360e-03  5.1447716910e-03 -1.5341689000e-05  1.3048338800e-03 -2.7442850070e-03 -3.6586994000e-05  1.1336415200e-04  2.7709691000e-05  1.3916700000e-06 -1.1894797000e-05  2.1005399000e-05  3.6581690000e-05  3.1453000000e-06 -1.5463520000e-06  4.6578330000e-06  2.7485317000e-05 -7.4758210000e-06 -1.5954470000e-06  1.5665815000e-05 -7.5970990000e-06 -2.5962647000e-05  2.0799475000e-05  1.0576224000e-05 -1.6196198000e-05  5.4146843000e-05  2.2963285000e-05  8.8682070000e-06  1.1350515000e-05  2.7973045000e-05  4.6863000000e-07 -2.2981155000e-05  4.0069000000e-08  3.4477440000e-06 -3.8299190000e-06  7.7943570000e-06

JOB 1
COORDS  1.6419538184e-01 -2.4532981693e-02 -3.7023568516e-02 -5.6120891569e-01 -1.1960244128e+00  3.6556458861e-01 -1.9792974425e+00 -1.1740502772e+00  3.8294025896e-01 -2.6783311859e+00  1.0049928109e-02  5.0637671465e-03 -1.9578134694e+00  1.1806224741e+00 -3.7617030137e-01 -5.3959601668e-01  1.1782709757e+00 -3.8083490805e-01  1.6734108393e+00 -2.3169466885e-02  1.5605601150e-02  2.3888070317e+00 -1.0477459204e+00 -5.7255054681e-01  2.3505333964e+00  1.0513938538e+00  5.5802539801e-01 -1.7941216795e-02 -2.1061705814e+00  6.8647495577e-01 -2.5399287353e+00 -2.0753247486e+00  6.9901801656e-01 -3.7866652264e+00  2.2993382830e-02  1.4395962428e-02 -2.5049423365e+00  2.0979556644e+00 -6.6875139832e-01  1.7038271741e-02  2.0841146266e+00 -6.9076255940e-01  3.4388071091e+00 -1.1136840195e+00 -5.2488353800e-01  1.8726960720e+00 -1.8218585621e+00 -1.0619649022e+00  3.4005723746e+00  1.1301436195e+00  5.4480395696e-01  1.8099574951e+00  1.8071765776e+00  1.0495241413e+00
ENERGY -3.765402782641e+02
GRADIENT  2.5007967030e-03 -1.0733019890e-03 -8.5179761900e-03 -1.1284002230e-03  2.3424363400e-03  3.0912512560e-03 -3.3828938000e-05 -8.6641436200e-04  3.5579465300e-04 -2.0837552300e-04  1.2149764400e-04 -9.6943433000e-05  3.7819749400e-04 -2.0364479800e-04  2.3612362600e-04 -3.8095484300e-04  5.9307954000e-05  4.6237394000e-04 -1.1811426750e-03 -3.2056242310e-03  8.9746040650e-03  1.8961057500e-04  1.8803208920e-03 -3.5696269230e-03  3.7299856300e-04  5.2329445400e-04 -4.9845213800e-04 -2.1813185300e-04  1.4489751000e-04  2.8310086400e-04 -1.3130024800e-04 -1.1719485000e-05 -2.5272742000e-05 -3.9216406000e-05 -8.7604213000e-05  2.2725330000e-05 -1.4099060000e-05 -5.0475316000e-05  2.6120590000e-06 -5.0536394000e-05  4.8133970000e-06 -1.3474220000e-05 -1.9481706600e-04  9.7971878000e-05 -1.2763569200e-04  1.9338333200e-04  3.3179858900e-04 -2.5894240000e-04 -1.9238805900e-04  4.9992582000e-05 -1.0234897300e-04  1.6898479800e-04 -4.4821613000e-05 -2.1342445000e-04

JOB 2
COORDS  1.5853721094e-01 -3.2662445100e-02 -4.4925900668e-02 -5.5650758381e-01 -1.1987490903e+00  3.8858218428e-01 -1.9743265804e+00 -1.1616235533e+00  4.0730148178e-01 -2.6727962098e+00  1.5913856649e-02  8.0544600636e-03 -1.9562253491e+00  1.1793486057e+00 -4.0069465329e-01 -5.3813002194e-01  1.1686705703e+00 -4.0770586515e-01  1.6685123420e+00 -2.7384908489e-02  1.1754617918e-02  2.3902537336e+00 -1.0269255855e+00 -6.1056798480e-01  2.3373559378e+00  1.0315070806e+00  5.9303329597e-01 -1.2525670372e-02 -2.1042428258e+00  7.2203815617e-01 -2.5388213939e+00 -2.0529821992e+00  7.4360237073e-01 -3.7809971001e+00  2.9924937534e-02  2.2263994034e-02 -2.5022304264e+00  2.0923483578e+00 -7.0870483570e-01  2.3879210214e-02  2.0651957962e+00 -7.3467450557e-01  3.4406429154e+00 -1.0913472169e+00 -5.6234943780e-01  1.8772681583e+00 -1.7911785900e+00 -1.1190928671e+00  3.3872461425e+00  1.1166538811e+00  5.8821124313e-01  1.7899268525e+00  1.7643521195e+00  1.1116189802e+00
ENERGY -3.765396755624e+02
GRADIENT -4.4807724700e-04 -1.2385209310e-03 -9.3581250590e-03  1.1973580570e-03 -1.1246806700e-03  4.9653127090e-03  1.1926169920e-03  1.4983303290e-03 -5.4175930200e-04  1.9953194000e-04 -7.0079817000e-05  5.6200110000e-06 -2.8887017900e-04  1.0589577950e-03 -2.9783560900e-04 -1.4404168300e-04  4.4676192600e-04  6.3384102500e-04 -2.2787098620e-03 -3.5623145210e-03  9.2317398670e-03  3.4815462200e-04  2.0750995180e-03 -3.7319755610e-03  1.5667117600e-04  4.6509503800e-04 -4.7375664700e-04  1.0495367000e-04 -2.4044863200e-04  3.1121559100e-04  2.7391811500e-04  5.4098460000e-06 -4.4418199000e-05 -6.7161940000e-06  1.9616675100e-04 -5.8496755000e-05 -1.7063974000e-05  7.3944316000e-05 -3.1120133000e-05 -2.6859718600e-04  1.7561922200e-04 -1.4415482500e-04 -8.3934158000e-05  8.0679289000e-05 -1.7120362800e-04  9.7503039000e-05  1.7544668800e-04 -1.8695432200e-04 -1.2444002700e-04  5.6081086000e-05 -1.4322374000e-04  1.0828987700e-04 -5.4830974000e-05  4.4992446000e-05

JOB 3
COORDS  1.5961954822e-01 -3.8133374552e-02 -5.7889972333e-02 -5.6409864067e-01 -1.1822617737e+00  4.1656023362e-01 -1.9824695851e+00 -1.1495278342e+00  4.4452864033e-01 -2.6770828605e+00  1.7910605007e-02  1.2616632730e-02 -1.9544507453e+00  1.1639349526e+00 -4.3277468972e-01 -5.3588588423e-01  1.1546946336e+00 -4.4656050915e-01  1.6719726232e+00 -3.2707332986e-02  7.6956267468e-03  2.4008674284e+00 -9.9360345818e-01 -6.6444701091e-01  2.3325717338e+00  9.9914035714e-01  6.4345478158e-01 -1.9565123359e-02 -2.0796692112e+00  7.6982541601e-01 -2.5457276454e+00 -2.0296569334e+00  8.1135181824e-01 -3.7850551739e+00  3.8158589075e-02  3.0920662133e-02 -2.4992312523e+00  2.0697012087e+00 -7.6333522446e-01  2.6794575651e-02  2.0415289174e+00 -7.9780837322e-01  3.4515233339e+00 -1.0574339550e+00 -6.1329336246e-01  1.8919977798e+00 -1.7398552685e+00 -1.2036539010e+00  3.3824389919e+00  1.0885491516e+00  6.5235874594e-01  1.7775220587e+00  1.7011749240e+00  1.1961520448e+00
ENERGY -3.765387161808e+02
GRADIENT  1.9695823910e-03 -1.6562203510e-03 -1.0757344625e-02 -8.3665744400e-04  2.4082587970e-03  4.6373374550e-03 -1.6627023700e-04 -5.5469562700e-04  2.2298485400e-04  3.7393563000e-05  1.5183183000e-05 -2.9872276000e-05  3.2515066100e-04 -3.4942589300e-04  5.5244383000e-05 -2.1088825700e-04  8.2317480800e-04  9.0686916900e-04 -2.1350849500e-03 -3.6612288480e-03  9.7148316930e-03  6.2224932500e-04  2.4867333840e-03 -3.9252476100e-03  4.1649386800e-04  3.1470810000e-04 -6.7987927900e-04  3.8694115000e-05  6.3094144000e-05  9.4312026000e-05 -8.9556018000e-05 -6.0113620000e-06 -9.4001710000e-06 -1.3795753000e-05 -6.3708298000e-05  4.0786981000e-05  1.8414281000e-05 -1.9204792000e-05  1.4429646000e-05  6.0147341000e-05 -3.1338220000e-05 -1.3721611100e-04 -4.2712616000e-05  1.3858671100e-04 -1.0034342600e-04  2.3480277000e-05  1.4044883200e-04 -1.5399959400e-04 -6.6186414000e-05  9.5964338000e-05 -1.0639670500e-04  4.8064074000e-05 -1.4640069200e-04  2.1382310100e-04

JOB 4
COORDS  1.5946111047e-01 -3.5670476062e-02 -5.1735309851e-02 -5.6182566408e-01 -1.1803194273e+00  4.2314387840e-01 -1.9804650807e+00 -1.1464520658e+00  4.4896012366e-01 -2.6777649446e+00  1.7731836721e-02  1.2434315459e-02 -1.9565982285e+00  1.1622411822e+00 -4.3889300049e-01 -5.3780741174e-01  1.1519714138e+00 -4.5102141863e-01  1.6741443440e+00 -2.8692174058e-02  4.9152858700e-03  2.3982025339e+00 -9.8738131569e-01 -6.7457227373e-01  2.3355228718e+00  9.9527632984e-01  6.5209519991e-01 -1.7207049254e-02 -2.0776412255e+00  7.7620877054e-01 -2.5431570464e+00 -2.0260577190e+00  8.1784424948e-01 -3.7857577806e+00  3.6038505112e-02  2.9932157988e-02 -2.5014969937e+00  2.0658515251e+00 -7.7516122554e-01  2.4905207482e-02  2.0371739416e+00 -8.0605743037e-01  3.4486697940e+00 -1.0570337551e+00 -6.2463954804e-01  1.8848913178e+00 -1.7322493737e+00 -1.2116506816e+00  3.3857386507e+00  1.0813640876e+00  6.6585621660e-01  1.7801950121e+00  1.6950163662e+00  1.2075261838e+00
ENERGY -3.765387631321e+02
GRADIENT  1.0547653690e-03 -1.6740252730e-03 -9.2558420850e-03 -3.7570180300e-04  1.9200792340e-03  4.6251484510e-03  1.3427059500e-04  8.0900574000e-05 -6.8832853000e-05 -3.0463344800e-04 -4.8594496000e-05  5.2576836000e-05  8.7662889000e-05  1.1502121900e-04 -1.3438058700e-04 -3.2456210000e-04 -2.1940477000e-05  6.4911577400e-04 -7.3246865800e-04 -3.2427065870e-03  8.2805702910e-03  2.5677751300e-04  2.4950865720e-03 -3.8143814330e-03  1.5144200500e-04  4.3281048500e-04 -2.8983957100e-04  9.0172763000e-05  3.8153708000e-05 -8.5059465000e-05 -3.7406403000e-05  3.5753677000e-05 -3.0582210000e-06 -2.5267183000e-05  2.0050722000e-05 -6.6106720000e-06 -5.2607924000e-05 -6.0467230000e-06  3.2484542000e-05  3.7766803000e-05 -1.0489886200e-04 -9.0602145000e-05 -3.0616261000e-05  3.9761196000e-05 -4.8151113000e-05  2.4631013000e-05  4.8897982000e-05 -7.1189162000e-05 -9.6535300000e-06 -1.4558700000e-05  1.5574101000e-05  5.2010059000e-05 -1.2000713100e-04  2.1078594200e-04

JOB 5
COORDS  1.5649177599e-01 -3.0770586074e-02 -4.2599319463e-02 -5.6032963789e-01 -1.1781098838e+00  4.3105561016e-01 -1.9790446526e+00 -1.1480072825e+00  4.5429906585e-01 -2.6731317344e+00  1.5464837586e-02  1.1177418685e-02 -1.9545219176e+00  1.1597823058e+00 -4.4446689087e-01 -5.3567911121e-01  1.1548195758e+00 -4.5499076264e-01  1.6728967237e+00 -2.5895980351e-02  4.1143959001e-03  2.3919840081e+00 -9.8063926692e-01 -6.8480583686e-01  2.3364915027e+00  9.8976768539e-01  6.6084244435e-01 -1.4165629580e-02 -2.0738812150e+00  7.8556830093e-01 -2.5417181116e+00 -2.0273766972e+00  8.2386718771e-01 -3.7811130223e+00  3.2678202647e-02  2.5474116598e-02 -2.5014442467e+00  2.0597677516e+00 -7.8702111416e-01  2.7250569604e-02  2.0390888327e+00 -8.1214865375e-01  3.4423557039e+00 -1.0553178877e+00 -6.3702816485e-01  1.8741819975e+00 -1.7237117402e+00 -1.2202269481e+00  3.3869315643e+00  1.0738259858e+00  6.7726021362e-01  1.7810980194e+00  1.6905822176e+00  1.2149306797e+00
ENERGY -3.765387630695e+02
GRADIENT -1.3812177670e-03 -1.3503605850e-03 -7.4316386880e-03  5.2899470000e-05  1.6749625610e-03  4.3026755940e-03 -4.4206629100e-04 -6.8458291900e-04  2.1016172500e-04  8.4292732200e-04  2.3159996000e-05  2.5694135000e-05  1.3719545500e-04 -3.3025252800e-04  6.4653837000e-05  8.2891559800e-04  1.0853984240e-03 -4.7567544300e-04 -3.0660874000e-05 -3.1080161460e-03  7.0133063280e-03 -1.4948023000e-05  2.8543739230e-03 -3.6101486020e-03 -2.0029970900e-04  7.9252692000e-05 -2.4859660300e-04 -1.2128051200e-04 -1.1693026100e-04 -8.8899417000e-05  2.8997428000e-05 -8.4116378000e-05  5.3836714000e-05  6.6332809000e-05 -7.6706447000e-05  1.9588373000e-05  1.4060717700e-04  5.1747049000e-05 -5.5482300000e-07  4.3535598000e-05  1.0259062400e-04 -7.6105787000e-05  3.1459847000e-05 -3.7322144000e-05  1.7810376000e-05 -1.9108301000e-05  1.3028510000e-05 -3.5729822000e-05  4.0519603000e-05 -7.0883444000e-05  1.7756746900e-04 -9.5322680000e-06 -3.5410629000e-05  7.8159096000e-05

JOB 6
COORDS  1.5883013050e-01 -3.1967045944e-02 -4.0690240810e-02 -5.6079884181e-01 -1.1780912824e+00  4.3107049680e-01 -1.9796431401e+00 -1.1457273043e+00  4.5209279054e-01 -2.6772502532e+00  1.5919642410e-02  9.6939124700e-03 -1.9566272466e+00  1.1596880938e+00 -4.4354461658e-01 -5.3761868595e-01  1.1516935471e+00 -4.5169825622e-01  1.6751207375e+00 -2.7022665604e-02  5.8631148461e-03  2.3944617965e+00 -9.8093259926e-01 -6.8398838714e-01  2.3390315099e+00  9.8996248028e-01  6.6008259974e-01 -1.6619927626e-02 -2.0742825857e+00  7.8761014117e-01 -2.5420963543e+00 -2.0255775661e+00  8.2072875446e-01 -3.7852924211e+00  3.2327857059e-02  2.3234264096e-02 -2.5017678502e+00  2.0607085163e+00 -7.8624657965e-01  2.4822609334e-02  2.0369551036e+00 -8.0696883022e-01  3.4450002905e+00 -1.0538242216e+00 -6.3758756439e-01  1.8770233633e+00 -1.7249273332e+00 -1.2184447859e+00  3.3893179662e+00  1.0760927995e+00  6.7274204478e-01  1.7838806813e+00  1.6926973159e+00  1.2119288318e+00
ENERGY -3.765387789498e+02
GRADIENT  1.0164942000e-05 -1.2711092450e-03 -7.4895798520e-03  1.3079406000e-05  1.7361317970e-03  4.1686713790e-03  1.4898087000e-04  2.5386431900e-04 -1.3560328700e-04 -2.2999717500e-04  1.2905753000e-05  2.3318766000e-05  5.0022460000e-06 -4.9674908000e-05  1.1336450000e-05 -9.7817760000e-06 -1.2801165800e-04 -5.9227330000e-05  1.3086504600e-04 -3.4433918220e-03  7.3279122670e-03  6.5737145000e-05  2.9410090630e-03 -3.6410322560e-03 -1.2664269400e-04 -3.1047980000e-06 -3.1713992900e-04  8.2310080000e-06 -2.1421839000e-05 -3.5377419000e-05  8.0487600000e-06  2.3618007000e-05  1.0225640000e-06 -1.6267201000e-05  1.6147592000e-05 -7.0330350000e-06 -2.6476803000e-05 -2.0001847000e-05  8.8193460000e-06  5.9601740000e-06 -1.3042995000e-05  1.9155352000e-05  2.4541737000e-05 -1.2688350000e-06  5.5869230000e-06 -1.6127353000e-05  4.3867331000e-05 -4.3403654000e-05  1.4288919000e-05 -5.4486043000e-05  1.3747986000e-04 -1.4449393000e-05 -3.0981690000e-05  2.2263462000e-05

JOB 7
COORDS  1.5919577663e-01 -3.1948988383e-02 -4.1816079793e-02 -5.6053556384e-01 -1.1783385016e+00  4.2974334077e-01 -1.9793824764e+00 -1.1471774673e+00  4.5102975103e-01 -2.6760156279e+00  1.5275799463e-02  9.0417804401e-03 -1.9565607582e+00  1.1603481498e+00 -4.4303103332e-01 -5.3760833564e-01  1.1522950809e+00 -4.5083274312e-01  1.6749999142e+00 -2.6218944438e-02  7.1129682489e-03  2.3929893697e+00 -9.8190024226e-01 -6.8221539755e-01  2.3395211127e+00  9.9160401539e-01  6.5998689689e-01 -1.5826156314e-02 -2.0740846212e+00  7.8657805135e-01 -2.5418544155e+00 -2.0272846158e+00  8.1906989622e-01 -3.7840539252e+00  3.1504718751e-02  2.2445497903e-02 -2.5020402841e+00  2.0615809555e+00 -7.8469525732e-01  2.4708509285e-02  2.0379889935e+00 -8.0521569131e-01  3.4434685404e+00 -1.0553986636e+00 -6.3661060137e-01  1.8746483022e+00 -1.7263810849e+00 -1.2150988989e+00  3.3897740703e+00  1.0782533672e+00  6.6900793717e-01  1.7854851465e+00  1.6951572355e+00  1.2118967523e+00
ENERGY -3.765387796439e+02
GRADIENT  3.9114664300e-04 -1.4655910790e-03 -7.9694752090e-03 -1.4181724700e-04  1.9099857180e-03  4.1198559430e-03 -1.3835334800e-04 -1.6663350200e-04  7.7502084000e-05  3.0610060200e-04 -1.1758728000e-05 -3.3468500000e-07 -1.8057177100e-04  3.0038623100e-04 -9.6017068000e-05 -9.9777914000e-05 -2.2224310700e-04  8.1833925000e-05  6.5426912000e-05 -3.2818355270e-03  7.6331550760e-03 -1.3325471800e-04  2.6414879360e-03 -3.8548581390e-03 -6.2025357000e-05  3.4281073900e-04 -3.2394385000e-05 -1.2746333000e-05  8.3629890000e-06 -1.3618553000e-05 -8.6275200000e-07 -1.7349232000e-05  9.6629370000e-06  2.4594950000e-05  9.1649410000e-06 -5.9780810000e-06 -1.3067477000e-05  2.6326448000e-05 -8.2471720000e-06 -2.4399864000e-05 -2.1727906000e-05  1.3502000000e-06 -3.1281647000e-05  4.2064746000e-05 -6.1239830000e-06  2.5491317000e-05  1.5700020000e-06 -3.7716417000e-05 -5.9995100000e-07 -7.4936165000e-05  3.2245245000e-05  2.1355260000e-05 -2.7673160000e-05  6.7278967000e-05

