JOB 0
COORDS  1.6272580000e-01 -1.3871400000e-02 -2.5166900000e-02 -5.5453560000e-01 -1.2030431000e+00  3.3825380000e-01 -1.9726692000e+00 -1.1829401000e+00  3.5254950000e-01 -2.6762878000e+00  7.6817000000e-03  4.4125000000e-03 -1.9624000000e+00  1.1909733000e+00 -3.4892210000e-01 -5.4427390000e-01  1.1922471000e+00 -3.5058870000e-01  1.6725837000e+00 -1.2827400000e-02  6.0039000000e-03  2.3801010000e+00 -1.0720616000e+00 -5.2770550000e-01  2.3578484000e+00  1.0739271000e+00  5.1292440000e-01 -8.1206000000e-03 -2.1203569000e+00  6.3237810000e-01 -2.5313547000e+00 -2.0941932000e+00  6.4224460000e-01 -3.7846829000e+00  1.4814000000e-02  1.2058000000e-02 -2.5129425000e+00  2.1120187000e+00 -6.2295000000e-01  1.0204400000e-02  2.1053732000e+00 -6.4249070000e-01  3.4295630000e+00 -1.1423581000e+00 -4.7526570000e-01  1.8586780000e+00 -1.8669711000e+00 -9.7639200000e-01  3.4085067000e+00  1.1434551000e+00  4.9762030000e-01  1.8232528000e+00  1.8497451000e+00  9.7909090000e-01
ENERGY -3.765411435643e+02
GRADIENT -1.7524146800e-04 -5.4908376000e-04 -5.1615780970e-03  1.5724979700e-04  4.5180253200e-04  2.7930209900e-03  7.2292738000e-05  2.4240155300e-04 -5.3951776000e-05  7.2893886000e-05 -5.0776844000e-05 -1.6558600000e-06 -7.7114785000e-05  1.8111991200e-04 -3.2248764000e-05 -2.0706935000e-05 -7.8760881000e-05 -4.7723407000e-05  4.1881137000e-05 -1.7011646360e-03  5.1447716910e-03 -1.5341689000e-05  1.3048338800e-03 -2.7442850070e-03 -3.6586994000e-05  1.1336415200e-04  2.7709691000e-05  1.3916700000e-06 -1.1894797000e-05  2.1005399000e-05  3.6581690000e-05  3.1453000000e-06 -1.5463520000e-06  4.6578330000e-06  2.7485317000e-05 -7.4758210000e-06 -1.5954470000e-06  1.5665815000e-05 -7.5970990000e-06 -2.5962647000e-05  2.0799475000e-05  1.0576224000e-05 -1.6196198000e-05  5.4146843000e-05  2.2963285000e-05  8.8682070000e-06  1.1350515000e-05  2.7973045000e-05  4.6863000000e-07 -2.2981155000e-05  4.0069000000e-08  3.4477440000e-06 -3.8299190000e-06  7.7943570000e-06

JOB 1
COORDS  1.6286295733e-01 -2.1169474628e-03 -1.5028812342e-02 -5.5240818141e-01 -1.2038953262e+00  3.0838696609e-01 -1.9706703578e+00 -1.1933988014e+00  3.2228733281e-01 -2.6776815913e+00  3.6888998952e-03  4.7394191610e-03 -1.9663029181e+00  1.1967838314e+00 -3.1986712620e-01 -5.4811370666e-01  1.2067114545e+00 -3.2048193653e-01  1.6729640668e+00 -3.4407109428e-03 -4.3384898430e-03  2.3724770300e+00 -1.0950011387e+00 -4.8040741890e-01  2.3669644195e+00  1.0937624492e+00  4.6675740470e-01 -2.3074604612e-03 -2.1275046424e+00  5.7451361208e-01 -2.5253638976e+00 -2.1150795636e+00  5.8558969168e-01 -3.7861102569e+00  7.0950999448e-03  1.0527034655e-02 -2.5205826935e+00  2.1210836866e+00 -5.7461717130e-01  2.3581852921e-03  2.1276861488e+00 -5.9477592472e-01  3.4212044266e+00 -1.1723724897e+00 -4.2292123958e-01  1.8445690333e+00 -1.9075454702e+00 -8.8812321768e-01  3.4181652947e+00  1.1543864374e+00  4.5064406146e-01  1.8382690769e+00  1.8893172149e+00  9.0559073862e-01
ENERGY -3.765416795286e+02
GRADIENT -1.1617898010e-03 -2.7456512400e-04 -1.8263028130e-03  4.7589816000e-05  1.1438616610e-03  1.7482870600e-03 -5.7536113000e-04 -2.8853390700e-04  3.3358797000e-05 -7.7218971000e-05 -1.9895399000e-05  4.8462316000e-05  1.4186994100e-04 -8.3866205100e-04  5.3039151000e-05  6.4215086700e-04  3.8055661400e-04 -5.6105587200e-04  9.0722279000e-04 -6.2744898000e-05  1.1494071190e-03 -5.8576362000e-05  1.1763830480e-03 -1.6022512130e-03 -2.7076732800e-04 -6.0028161500e-04  4.1554825200e-04  1.9087255600e-04  3.7364506000e-05 -3.3694765500e-04 -5.2407957000e-05 -3.2041690000e-06  3.7331512000e-05  2.3221997000e-05 -8.0647063000e-05  2.4964474000e-05  6.7989067000e-05 -2.5022831000e-05  1.0555529000e-05  2.3788188100e-04 -6.5804340000e-05  3.6796767000e-05  1.9240698100e-04 -2.4452985600e-04  9.4537196000e-05 -2.4357133500e-04 -2.8889892100e-04  3.0851112000e-04  1.9474120600e-04  3.2131021000e-05  1.5129148300e-04 -1.8919447900e-04  2.3354234000e-05  2.1192436800e-04

JOB 2
COORDS  1.6328440354e-01 -6.4535026629e-03 -5.5521433669e-03 -5.5258312796e-01 -1.2159138124e+00  2.8843090246e-01 -1.9704275598e+00 -1.1955224955e+00  2.9620334864e-01 -2.6794305109e+00  7.0511816412e-03  2.7754677549e-03 -1.9710357164e+00  1.2084194989e+00 -2.9560930819e-01 -5.5312098146e-01  1.2051491618e+00 -2.9132252351e-01  1.6723439747e+00 -6.1871743841e-03 -1.6529725435e-03  2.3756582368e+00 -1.1111200972e+00 -4.4039836712e-01  2.3673450225e+00  1.1080880343e+00  4.2704150494e-01 -8.2512529237e-03 -2.1465632112e+00  5.4167865130e-01 -2.5280693750e+00 -2.1211934944e+00  5.3816634327e-01 -3.7879169052e+00  8.3401412963e-03  6.5440394912e-03 -2.5220866233e+00  2.1392315375e+00 -5.3351962494e-01 -1.5380715438e-03  2.1304184260e+00 -5.4794848563e-01  3.4249324970e+00 -1.1752431130e+00 -3.8261205452e-01  1.8548208011e+00 -1.9370179388e+00 -8.2904994623e-01  3.4181390639e+00  1.1666340346e+00  4.0021418015e-01  1.8420076925e+00  1.9212626614e+00  8.3582764887e-01
ENERGY -3.765418990009e+02
GRADIENT -3.1413790600e-04  2.8500604000e-04 -7.0118313000e-04  8.7955892000e-04 -9.4087770700e-04  1.4080984340e-03  5.2324672500e-04  1.5561146480e-03 -4.3745102000e-04  4.3776714600e-04 -1.7921185200e-04  9.0332130000e-05 -1.2536618720e-03  1.9699649670e-03 -5.5362519000e-04 -1.1339046700e-03 -2.3311571000e-03 -1.9784210000e-06  1.4650671920e-03 -8.9563160900e-04  9.7266640100e-04 -1.2697235500e-04  6.9205114000e-04 -1.5861170670e-03 -5.7012035300e-04 -1.9759638900e-04  4.1480890500e-04  3.2352913100e-04 -9.1970840000e-06 -1.8163416600e-04  1.7490228600e-04  4.2532859000e-05  3.3810805000e-05  4.9436108000e-05  2.6652460500e-04 -6.3021676000e-05 -2.1721302100e-04  8.5686896000e-05 -3.1326197000e-05 -4.4839852000e-05 -1.8924870500e-04  1.3696863200e-04  1.0470672000e-04  1.3471190800e-04  3.2229819200e-04 -1.9611013100e-04 -1.6630718800e-04  1.9200371800e-04  8.4610922000e-05 -2.0815669500e-04  9.1281810000e-06 -1.7441960500e-04  8.7573506000e-05 -2.3907480000e-05

JOB 3
COORDS  1.6279144604e-01  1.4916795837e-03  5.2026590306e-03 -5.5530784227e-01 -1.2176096041e+00  2.5637142908e-01 -1.9728085502e+00 -1.2103267733e+00  2.6065902009e-01 -2.6798407740e+00  1.0610197361e-03  3.6022327497e-04 -1.9675973244e+00  1.2096349741e+00 -2.5952481926e-01 -5.5010982155e-01  1.2215017805e+00 -2.5460974820e-01  1.6702351013e+00 -2.0640206673e-03 -1.7652275369e-04  2.3669590185e+00 -1.1330657033e+00 -3.8031244990e-01  2.3741778681e+00  1.1277325140e+00  3.7181859041e-01 -1.0644182311e-02 -2.1534434604e+00  4.8839615426e-01 -2.5277081844e+00 -2.1452196985e+00  4.7185308411e-01 -3.7884252567e+00  2.8249730001e-03 -1.2100117508e-03 -2.5217984756e+00  2.1442033284e+00 -4.7363181199e-01 -3.8491595390e-03  2.1561633517e+00 -4.8821000583e-01  3.4160840014e+00 -1.1957595933e+00 -3.2558396811e-01  1.8442105279e+00 -1.9717603499e+00 -7.3641563261e-01  3.4247262452e+00  1.1785568317e+00  3.3470644954e-01  1.8570956264e+00  1.9646686227e+00  7.4011059872e-01
ENERGY -3.765421052095e+02
GRADIENT -1.1522508530e-03  1.6943249900e-04  1.0227955420e-03  7.4944819000e-05  9.6249757000e-05 -1.0847769100e-04 -2.5464420200e-04 -5.2562250600e-04  1.0550327400e-04 -1.8088705400e-04  1.0224637800e-04  3.8490700000e-07  5.6630349100e-04 -1.0997144550e-03  2.9364910100e-04  9.2245587300e-04  1.2193598370e-03 -8.8356963100e-04  1.2066072250e-03 -1.5039545700e-04 -2.8852628300e-04 -8.0190117000e-04 -6.7461504000e-05 -1.0806058170e-03 -4.9855717500e-04  3.4837625400e-04  5.5791646000e-04  5.9955387000e-05  2.5074163000e-05 -1.2762041900e-04 -3.4980015000e-05 -2.2016155000e-05  6.1561789000e-05 -1.2227273000e-05 -1.2518474500e-04  3.5866970000e-06  1.3135919500e-04 -4.1676937000e-05 -1.9005131000e-05  3.4236873400e-04  5.2333729000e-05  7.4063321000e-05 -5.1533696000e-05  1.4681242200e-04  4.3863782300e-04 -1.4936946700e-04 -1.0440204700e-04  1.6826212800e-04 -1.9121680000e-06 -1.0893204400e-04 -1.0553605000e-05 -1.5821416500e-04  8.4567803000e-05 -2.0584817100e-04

JOB 4
COORDS  1.6474759921e-01 -1.7131969277e-03  1.7403698309e-03 -5.6028725815e-01 -1.2168568140e+00  2.5365135236e-01 -1.9778186659e+00 -1.2082590478e+00  2.5775302247e-01 -2.6858420798e+00  3.0293548172e-03  2.1804940832e-04 -1.9720365173e+00  1.2111596751e+00 -2.5624857573e-01 -5.5446296817e-01  1.2165984819e+00 -2.5157307574e-01  1.6724962754e+00 -5.1886113788e-03  9.3324742531e-04  2.3780652970e+00 -1.1334384190e+00 -3.7249830433e-01  2.3766280945e+00  1.1269752018e+00  3.6576613664e-01 -1.9720838042e-02 -2.1544747263e+00  4.8788102246e-01 -2.5329429058e+00 -2.1433281518e+00  4.6753301168e-01 -3.7944343078e+00  5.4295636508e-03 -4.8737109052e-04 -2.5237600183e+00  2.1480204943e+00 -4.6692053266e-01 -1.0127662120e-02  2.1525420092e+00 -4.8376155602e-01  3.4277143779e+00 -1.1922175540e+00 -3.2404975912e-01  1.8602337167e+00 -1.9740285060e+00 -7.3079605924e-01  3.4269868735e+00  1.1798114723e+00  3.2697112568e-01  1.8600742166e+00  1.9643259285e+00  7.3344490856e-01
ENERGY -3.765421235702e+02
GRADIENT  1.3201261110e-03  4.1035572600e-04  1.6308702700e-04 -9.4654157500e-04  1.3084479130e-03 -2.3689243900e-04 -1.7651471400e-04 -5.6680494600e-04  1.1944204000e-04 -2.0086041700e-04  7.4934803000e-05 -2.2138337000e-05  1.9870138000e-05  1.9643410000e-05  6.2126507000e-05 -6.7155402900e-04 -7.9209170100e-04 -8.5782982000e-05 -1.8804099100e-04 -7.6857609500e-04  2.8375900200e-04  9.5942797200e-04  1.1201300670e-03 -5.5867519700e-04  2.3331623300e-04 -5.2642640700e-04  9.7965872000e-05 -8.1582504000e-05  1.7568422700e-04  5.9499270000e-05 -1.3711157800e-04  1.9939841000e-05 -1.1671360000e-06 -1.1797528000e-05 -4.1718062000e-05  8.0366570000e-06 -8.8821942000e-05 -4.8350540000e-05 -1.8542457000e-05  5.0454907000e-05 -1.4379146200e-04  7.5329361000e-05  1.0239096000e-05 -4.9285401900e-04  5.8473674000e-05 -2.5689712000e-05  1.6515922600e-04  1.8566728800e-04  1.4168063000e-05  1.6936773200e-04 -4.0173290000e-06 -6.9470720000e-05 -8.3037313000e-05 -1.8526756100e-04

JOB 5
COORDS  1.6220160290e-01 -2.7067591462e-03 -1.4749157470e-03 -5.5642657366e-01 -1.2212808508e+00  2.5274911840e-01 -1.9737561854e+00 -1.2079547797e+00  2.5585512712e-01 -2.6825062850e+00  3.1930017789e-03 -7.2150693661e-04 -1.9723068732e+00  1.2135626130e+00 -2.5625023291e-01 -5.5493323449e-01  1.2179197276e+00 -2.5174755161e-01  1.6691945700e+00 -3.5642213548e-03  2.1409844719e-03  2.3720643623e+00 -1.1352860524e+00 -3.6686404719e-01  2.3754523137e+00  1.1286800664e+00  3.6351500409e-01 -1.5363789689e-02 -2.1586887740e+00  4.8744393851e-01 -2.5298125094e+00 -2.1425548521e+00  4.6496182922e-01 -3.7910891236e+00  4.0855094788e-03 -6.3047463900e-04 -2.5248228082e+00  2.1504448495e+00 -4.6481489722e-01 -1.0655055056e-02  2.1541002422e+00 -4.8322631146e-01  3.4221058179e+00 -1.1900679270e+00 -3.2279971800e-01  1.8550245266e+00 -1.9760192466e+00 -7.2620487479e-01  3.4259926733e+00  1.1769559858e+00  3.2411702011e-01  1.8626219043e+00  1.9674492580e+00  7.3322821564e-01
ENERGY -3.765421442888e+02
GRADIENT -2.1258702900e-04 -2.8988306400e-04 -7.1465996100e-04  3.5032600900e-04 -7.4192669900e-04  3.6336991600e-04  3.5635962300e-04  6.1162231000e-04 -9.3432489000e-05  1.7829573400e-04 -4.6077314000e-05 -1.6024993000e-05 -2.5527051000e-04  5.5752876900e-04 -6.0056526000e-05 -2.8814002200e-04 -2.0505717900e-04  4.8972248000e-05 -2.4501618800e-04 -1.6215022800e-04  8.3124146300e-04  1.1459419000e-05  3.5142430500e-04 -7.1197993900e-04  2.0888017500e-04 -2.6252120000e-05  2.4967737900e-04  2.8668588000e-05 -1.0531409000e-04  1.0058083300e-04  8.4706749000e-05  1.0155562000e-05 -3.6252470000e-05  1.2729143000e-05  9.0862606000e-05 -1.0896089000e-05 -3.6657983000e-05  3.2181388000e-05 -1.8769763000e-05 -1.9793788700e-04  5.4858469000e-05 -8.7335420000e-06 -4.4811240000e-06 -8.1773542000e-05  9.6657112000e-05 -5.8191710000e-06 -6.5931687000e-05  1.8028035600e-04  1.6581710000e-06  3.1729361000e-05 -1.1859183400e-04  2.4257785000e-05 -1.6022230000e-05 -8.0411476000e-05

JOB 6
COORDS  1.6240080399e-01 -2.1893565724e-03 -1.9676121904e-03 -5.5794990009e-01 -1.2194504765e+00  2.5301909950e-01 -1.9754226456e+00 -1.2086714157e+00  2.5740750216e-01 -2.6830847450e+00  2.9536342231e-03  1.5729882697e-04 -1.9713562616e+00  1.2123055912e+00 -2.5675049496e-01 -5.5386024406e-01  1.2182803418e+00 -2.5294282774e-01  1.6693180463e+00 -4.1683979043e-03  1.2503935299e-03  2.3725134679e+00 -1.1359353318e+00 -3.6705402426e-01  2.3743997507e+00  1.1283701043e+00  3.6356819558e-01 -1.6308209692e-02 -2.1566505453e+00  4.8675992907e-01 -2.5310661447e+00 -2.1432966543e+00  4.6767761307e-01 -3.7916707358e+00  4.8848289890e-03  5.3938009882e-04 -2.5238767731e+00  2.1490772137e+00 -4.6570472777e-01 -9.0552435486e-03  2.1540083555e+00 -4.8516888087e-01  3.4227285455e+00 -1.1868590990e+00 -3.2264676941e-01  1.8574458451e+00 -1.9763913050e+00 -7.2998007078e-01  3.4250840491e+00  1.1754356638e+00  3.2695855436e-01  1.8611713093e+00  1.9666744685e+00  7.3400373396e-01
ENERGY -3.765421513513e+02
GRADIENT  3.7791400000e-06 -5.7493085000e-05 -6.0969377900e-04  3.2050686000e-05  1.1892328500e-04  2.6439317800e-04 -4.7553480000e-05 -6.9189927000e-05  2.4873356000e-05  8.6494418000e-05 -7.4395820000e-06 -1.0622840000e-05 -5.1699389000e-05  7.5604939000e-05 -9.3773620000e-06  5.4391205000e-05 -6.8474445000e-05  8.3658330000e-06  2.7431790100e-04 -6.6084798000e-05  7.1501415500e-04 -1.7647714200e-04 -7.2413262000e-05 -8.2865978700e-04 -8.7342215000e-05  6.7431980000e-05  2.7197798300e-04 -2.5354652000e-05 -8.6443430000e-06  3.2552059000e-05  1.3052860000e-06 -1.1535704000e-05 -1.2773016000e-05  7.8118470000e-06 -2.0523600000e-07  5.0916940000e-06  4.9694570000e-06  1.0433209000e-05  4.2166000000e-07 -1.4537920000e-05  1.7686007000e-05  1.3115364000e-05 -1.1797407000e-05  2.1522794500e-04  2.0909394500e-04 -9.1778140000e-06 -9.9364073000e-05  1.2040894900e-04 -2.3813648000e-05 -1.1050723200e-04 -1.2136401600e-04 -5.8158750000e-06  6.6126496000e-05 -7.2207262000e-05

JOB 7
COORDS  1.6244828256e-01 -1.8816768708e-03 -2.6226356470e-03 -5.5796576784e-01 -1.2188136461e+00  2.5351043597e-01 -1.9754816515e+00 -1.2084074883e+00  2.5864500976e-01 -2.6835303965e+00  2.8397605670e-03  7.1234996855e-04 -1.9709134626e+00  1.2114027606e+00 -2.5768467893e-01 -5.5338398255e-01  1.2184898188e+00 -2.5445783404e-01  1.6693160571e+00 -4.1127337485e-03  1.0296147743e-03  2.3726128377e+00 -1.1363264400e+00 -3.6580433931e-01  2.3737997238e+00  1.1286864809e+00  3.6364993196e-01 -1.5836906390e-02 -2.1558173340e+00  4.8675349926e-01 -2.5308172538e+00 -2.1429373606e+00  4.7014849539e-01 -3.7921283963e+00  5.0206630610e-03  1.4557811774e-03 -2.5235264633e+00  2.1479678263e+00 -4.6723110372e-01 -8.3967452360e-03  2.1538592267e+00 -4.8776220075e-01  3.4228231357e+00 -1.1907910316e+00 -3.2541689649e-01  1.8558195496e+00 -1.9738276479e+00 -7.3300393079e-01  3.4245544040e+00  1.1778089482e+00  3.3132067952e-01  1.8589041241e+00  1.9652626463e+00  7.3567728366e-01
ENERGY -3.765421539526e+02
GRADIENT -6.1888846000e-05  3.2815437000e-05 -5.9706054500e-04  2.2815677000e-05  1.8043297400e-04  3.1229902900e-04 -2.0112852000e-05 -3.6139467000e-05  3.5980690000e-06 -2.6126522700e-04  8.9017180000e-06 -8.8894600000e-07  1.6654276300e-04 -3.1420808800e-04  4.3713342000e-05  2.2150469000e-04  1.7305835900e-04 -3.1065474000e-05 -3.8170263400e-04 -1.0269066400e-04  6.3377453100e-04  2.1824515900e-04  3.5327374300e-04 -5.2540368200e-04  7.4772811000e-05 -2.2518687300e-04  1.0035904000e-04 -2.5554930000e-06  1.8160365000e-05 -2.7754581000e-05 -1.6071815000e-05  7.8775980000e-06 -1.5627200000e-07 -1.9685954000e-05 -2.7986225000e-05  4.9501060000e-06  2.2226263000e-05 -2.0931717000e-05  1.7020748000e-05  7.2724428000e-05  3.6356630000e-06  1.1750887000e-05 -1.0152442000e-05 -2.1384055900e-04  2.7873271000e-05  1.0847690000e-06 -2.9432940000e-06  1.0338453600e-04 -1.0669205000e-05  1.4269454100e-04 -7.8204000000e-08 -4.0533890000e-06  2.3131274000e-05 -7.6032121000e-05

JOB 8
COORDS  1.6218339443e-01 -1.9354508728e-03 -3.4181865713e-03 -5.5829122975e-01 -1.2186607641e+00  2.5395009661e-01 -1.9757593066e+00 -1.2085673875e+00  2.5942671638e-01 -2.6832480116e+00  2.8524906883e-03  8.4225606194e-04 -1.9717211700e+00  1.2117852123e+00 -2.5864299652e-01 -5.5423983826e-01  1.2181826559e+00 -2.5563202424e-01  1.6691130301e+00 -3.9266652990e-03  1.2825674323e-03  2.3720296410e+00 -1.1369838674e+00 -3.6360118380e-01  2.3739045594e+00  1.1289874299e+00  3.6309195595e-01 -1.6017535402e-02 -2.1554642055e+00  4.8766908568e-01 -2.5311482441e+00 -2.1428868413e+00  4.7175630971e-01 -3.7918312840e+00  4.8924955593e-03  1.8782422138e-03 -2.5245443831e+00  2.1481497227e+00 -4.6861131070e-01 -9.4156907702e-03  2.1533749336e+00 -4.8990536404e-01  3.4224708157e+00 -1.1894449589e+00 -3.2670439489e-01  1.8558263565e+00 -1.9728485901e+00 -7.3535615997e-01  3.4248428322e+00  1.1758934665e+00  3.3298433255e-01  1.8599355146e+00  1.9649697679e+00  7.3771272979e-01
ENERGY -3.765421569573e+02
GRADIENT  1.3663124600e-04 -8.6061329000e-05 -7.2806096700e-04 -1.1561875000e-04  2.9281828800e-04  3.2347028500e-04 -1.5733014900e-04 -2.5270509400e-04  4.6174943000e-05  1.9448869000e-04  8.8224960000e-06  4.3745270000e-06 -4.2565436000e-05  3.5876667000e-05 -2.4737755000e-05 -3.3680340000e-06 -1.4525385000e-05  4.9380675000e-05 -1.1975550000e-04 -8.0540633000e-05  6.9046181800e-04  6.7851558000e-05  2.6084662100e-04 -4.4350136700e-04  4.7197660000e-05 -8.8178017000e-05  1.0182014000e-04 -2.0013105000e-05  1.5508680000e-05 -3.4571748000e-05 -1.2427309000e-05 -1.8670623000e-05  8.2259660000e-06  1.4316916000e-05 -1.6565589000e-05 -8.5567200000e-07  9.2094330000e-06  1.2739329000e-05  1.0444280000e-05  2.5041780000e-06 -1.2435408000e-05 -1.1559290000e-05 -1.5249548000e-05 -1.2538267300e-04  9.9308040000e-06  9.9028590000e-06  2.4574020000e-06  6.5554493000e-05 -1.6371820000e-06  6.1436618000e-05 -1.7622289000e-05  1.8809974000e-05  4.6782970000e-06 -4.8873436000e-05

JOB 9
COORDS  1.6137418411e-01 -2.9434406122e-03 -4.3532034610e-03 -5.5916492345e-01 -1.2191731424e+00  2.5550575685e-01 -1.9765892466e+00 -1.2066799064e+00  2.6100862851e-01 -2.6854346317e+00  3.6665095588e-03  1.2183272303e-03 -1.9726093573e+00  1.2113600507e+00 -2.6006449605e-01 -5.5515572901e-01  1.2171060100e+00 -2.5758352201e-01  1.6683514185e+00 -4.9438442605e-03  1.2729152571e-03  2.3726205681e+00 -1.1382370869e+00 -3.6026639968e-01  2.3726995446e+00  1.1287955171e+00  3.6140498108e-01 -1.7580729990e-02 -2.1560276563e+00  4.9078971281e-01 -2.5322415261e+00 -2.1404324426e+00  4.7498054746e-01 -3.7940363424e+00  5.8833996018e-03  2.7652264604e-03 -2.5248193085e+00  2.1478201644e+00 -4.7116606032e-01 -1.0284782670e-02  2.1518555005e+00 -4.9349727528e-01  3.4236344296e+00 -1.1827748348e+00 -3.2916151592e-01  1.8600290197e+00 -1.9723613970e+00 -7.4095659803e-01  3.4239160903e+00  1.1722133225e+00  3.3528369844e-01  1.8597655613e+00  1.9631148936e+00  7.4120659258e-01
ENERGY -3.765421565447e+02
GRADIENT  4.4774302000e-05 -6.6681158000e-05 -8.6618581600e-04  1.7366589000e-05 -1.8096336900e-04  4.7521542800e-04  2.9427939600e-04  4.3771098200e-04 -1.2227454300e-04 -4.6606438800e-04  7.3439500000e-07  1.5710671000e-05  1.6332630800e-04 -2.1215039200e-04  3.9363235000e-05 -1.1704047400e-04  9.3829444000e-05  8.1356025000e-05  3.3057086900e-04 -1.9789076000e-04  7.4843271100e-04 -1.1461056100e-04 -4.9932790000e-05 -3.7725009600e-04 -1.0442397800e-04  7.9103556000e-05  5.8237321000e-05  1.7674409000e-05 -2.8624064000e-05  4.9994600000e-07  1.0217979000e-05  4.2221056000e-05 -7.9962010000e-06 -3.7984767000e-05  1.8656407000e-05 -6.1616290000e-06 -1.9599239000e-05 -3.1624684000e-05  1.3478745000e-05 -2.3655858000e-05 -4.6994200000e-07 -2.7010375000e-05 -4.0734740000e-06  2.3692504900e-04  5.4715602000e-05  9.2419410000e-06  2.0237990000e-06 -1.9300034000e-05  1.2920440000e-06 -1.4465778800e-04 -6.3805586000e-05  1.4046043000e-05  2.6394320000e-06  2.5686990000e-06

