JOB 0
COORDS  1.5393880000e-01 -3.5850300000e-02 -3.2587700000e-02 -5.6375910000e-01 -1.1299351000e+00  5.4654540000e-01 -1.9836586000e+00 -1.0954340000e+00  5.6034290000e-01 -2.6789283000e+00  1.7726000000e-02  6.3250000000e-03 -1.9568314000e+00  1.1107117000e+00 -5.5423790000e-01 -5.3672870000e-01  1.1006934000e+00 -5.6159800000e-01  1.6791594000e+00 -2.8740200000e-02  7.2718000000e-03  2.3968926000e+00 -8.4927120000e-01 -8.3568850000e-01  2.3389461000e+00  8.6013600000e-01  8.2773250000e-01 -2.0315200000e-02 -1.9904196000e+00  9.8270840000e-01 -2.5466673000e+00 -1.9371879000e+00  1.0084489000e+00 -3.7867205000e+00  3.6236800000e-02  1.6156200000e-02 -2.4995279000e+00  1.9762280000e+00 -9.8174700000e-01  2.7600200000e-02  1.9498518000e+00 -9.9332160000e-01  3.4499464000e+00 -9.1010400000e-01 -8.2219300000e-01  1.8778869000e+00 -1.5097813000e+00 -1.4702575000e+00  3.3895188000e+00  9.4815480000e-01  8.5955400000e-01  1.7772189000e+00  1.4759306000e+00  1.4705707000e+00
ENERGY -3.765360491734e+02
GRADIENT  2.7408981500e-04 -1.3845420590e-03 -6.1831198740e-03 -1.3086197500e-04  1.8675462100e-03  3.3327013820e-03  7.8652840000e-06  2.1932750000e-05 -2.5022070000e-06 -3.0067713000e-05 -2.4002590000e-06 -1.9013250000e-06 -7.8332290000e-06 -1.4633000000e-06  7.5624860000e-06 -5.1229948000e-05 -6.1362737000e-05  2.8954000000e-06 -1.9504980000e-05 -3.3604646420e-03  5.6953840520e-03 -8.7263601000e-05  2.8344452610e-03 -2.9829388870e-03  6.6477468000e-05  3.9631419000e-05 -1.0016308300e-04  4.0481180000e-06  8.0975990000e-06  4.7596890000e-06 -2.1123820000e-06  4.3072110000e-06 -1.5861850000e-06 -1.6109070000e-06  1.0466070000e-06 -1.1444050000e-06 -5.3996310000e-06 -3.8924630000e-06 -1.0731570000e-06  3.3372750000e-06 -4.3702290000e-06  8.7355510000e-06  2.5725070000e-06  9.4169949000e-05  1.4883989500e-04 -2.2489750000e-06 -3.8220060000e-05 -2.5069100000e-06 -3.5020540000e-06  1.8381354000e-05  5.8740066000e-05  5.5003770000e-06 -1.9929990000e-05  1.5109265000e-05

JOB 1
COORDS  1.5255855282e-01 -1.9215644135e-02 -2.1285808742e-02 -5.5843272390e-01 -1.1365904846e+00  5.2035289651e-01 -1.9785135292e+00 -1.1105295958e+00  5.3067717615e-01 -2.6780637534e+00  1.3096696347e-02  3.7056289094e-03 -1.9617583490e+00  1.1234812105e+00 -5.2958588877e-01 -5.4163599186e-01  1.1228781175e+00 -5.3335618391e-01  1.6780997998e+00 -1.4242798084e-02  1.3840128104e-03  2.3869607475e+00 -8.8621940108e-01 -7.9626790673e-01  2.3479629586e+00  8.9300305020e-01  7.9300840864e-01 -1.0560612830e-02 -2.0065755270e+00  9.3141949274e-01 -2.5381611330e+00 -1.9675555580e+00  9.5333092495e-01 -3.7859695931e+00  2.4624467749e-02  1.0382562035e-02 -2.5090260970e+00  1.9943973670e+00 -9.3995544440e-01  1.9135401995e-02  1.9830738138e+00 -9.4753249254e-01  3.4390284642e+00 -9.6200370595e-01 -7.8137966427e-01  1.8587354847e+00 -1.5708400183e+00 -1.3966944711e+00  3.3995984986e+00  9.6834648227e-01  8.2220256885e-01  1.7937732276e+00  1.5373571241e+00  1.4140394683e+00
ENERGY -3.765369220851e+02
GRADIENT -2.0142229220e-03 -1.0845695880e-03 -3.1241868100e-03  3.7821525400e-04  1.4964413560e-03  3.2754483480e-03 -2.5911563000e-04  1.2149208600e-04 -1.7735428700e-04  2.2600237000e-04 -2.6145929000e-05  6.9189083000e-05 -1.3256824700e-04 -3.2165170600e-04  4.5552884000e-05  6.8507845500e-04 -7.5003829000e-05 -1.1035194230e-03  6.7707757700e-04 -1.2250250910e-03  2.3189981540e-03  4.0360382000e-04  2.8960464610e-03 -2.0549544310e-03 -2.8664045400e-04 -8.8093130000e-04  4.7338646400e-04 -1.9865468000e-05 -1.1530997600e-04 -1.6628343100e-04  4.5068377000e-05 -2.1369127000e-05 -1.1552342000e-05  4.2808331000e-05  5.4405700000e-07  5.7965710000e-06  7.0596867000e-05  4.4319491000e-05  3.0041878000e-05 -1.2211967000e-05  2.1886032000e-05 -4.7636727000e-05  1.8144172200e-04 -2.7128422400e-04 -2.2356387000e-04 -8.0471380000e-05 -2.9782351700e-04  2.6479269500e-04  1.7652456600e-04 -2.1050664300e-04  1.9138273200e-04 -8.9983957000e-05 -6.0130664000e-05  2.2459504700e-04

JOB 2
COORDS  1.5470705223e-01 -1.5083977725e-02 -1.5674795506e-02 -5.5748832831e-01 -1.1449736874e+00  4.9803229019e-01 -1.9775852375e+00 -1.1218046010e+00  5.0645856012e-01 -2.6789939533e+00  1.0764564881e-02  1.1138709105e-03 -1.9633948830e+00  1.1329728170e+00 -5.0805637610e-01 -5.4327864075e-01  1.1337420088e+00 -5.0758843299e-01  1.6790541865e+00 -1.1509839804e-02  4.3643538007e-03  2.3812107985e+00 -9.1523523123e-01 -7.6343462643e-01  2.3537202012e+00  9.1961875041e-01  7.6388776965e-01 -9.4451155971e-03 -2.0222659382e+00  8.9298094166e-01 -2.5362708202e+00 -1.9884891629e+00  9.1031106498e-01 -3.7869776461e+00  1.9738531105e-02  5.4319368689e-03 -2.5110633866e+00  2.0106774419e+00 -9.0317534193e-01  1.6385821640e-02  2.0029587685e+00 -9.0398566536e-01  3.4327506610e+00 -9.9541419897e-01 -7.4696153214e-01  1.8487520394e+00 -1.6136316443e+00 -1.3437336307e+00  3.4054462994e+00  9.9433976579e-01  7.8487053045e-01  1.8033636462e+00  1.5889451520e+00  1.3612575277e+00
ENERGY -3.765375400140e+02
GRADIENT -1.5947767290e-03 -1.0452463480e-03 -2.6543480830e-03  3.3266439900e-04  1.8740249120e-03  2.9653977140e-03 -3.4340305800e-04  1.7964351800e-04 -1.4781779700e-04  1.2300850800e-04 -2.3620273000e-05  5.4585379000e-05 -3.9603073100e-04 -5.8164177000e-05 -4.1141707000e-05  4.1911214300e-04 -9.9759181900e-04 -1.1985751720e-03  1.7542685890e-03 -1.0117677700e-03  2.2595723170e-03 -1.8026620200e-04  2.6806138080e-03 -2.2602947590e-03 -3.8082670700e-04 -9.1310078200e-04  8.1933932500e-04 -1.5287780000e-06 -4.6508964000e-05 -2.2224610800e-04  1.8494272000e-05 -1.2607808000e-05 -1.1668266000e-05  4.1628291000e-05  1.4831485000e-05 -7.7467750000e-06  5.2091040000e-06  3.7907758000e-05  3.9909658000e-05 -2.2500225000e-05 -4.6485488000e-05  3.6213002000e-05  1.5853926600e-04 -1.6535423000e-04 -1.6530947500e-04 -6.5508912000e-05 -2.8949765800e-04  1.7021112000e-04  1.8794154700e-04 -2.3532841500e-04  2.2088812000e-04 -7.5849697000e-05  4.5909820000e-05  1.3013800900e-04

JOB 3
COORDS  1.5397893297e-01 -9.8377459427e-03 -1.0770354111e-02 -5.5423370820e-01 -1.1601548218e+00  4.6284325472e-01 -1.9740340113e+00 -1.1395200775e+00  4.7041573829e-01 -2.6754279567e+00  8.4545658314e-03 -1.7585901667e-04 -1.9613488871e+00  1.1481720002e+00 -4.7246927698e-01 -5.4158324520e-01  1.1543101875e+00 -4.6983544992e-01  1.6758768660e+00 -9.3805313696e-03  4.7676872564e-03  2.3733485614e+00 -9.5829767587e-01 -7.1149953703e-01  2.3546742230e+00  9.5868280966e-01  7.1321032015e-01 -4.1674591270e-03 -2.0475374118e+00  8.3177199997e-01 -2.5324598542e+00 -2.0192385232e+00  8.4543609740e-01 -3.7835014842e+00  1.5415043969e-02  1.9922391522e-03 -2.5111701678e+00  2.0356101754e+00 -8.4196876678e-01  1.7626446654e-02  2.0358730780e+00 -8.3894191569e-01  3.4243698593e+00 -1.0397736223e+00 -6.8568702709e-01  1.8397485579e+00 -1.6818995259e+00 -1.2586109268e+00  3.4061140551e+00  1.0361963478e+00  7.2405693376e-01  1.8068586886e+00  1.6606265260e+00  1.2740195481e+00
ENERGY -3.765385044283e+02
GRADIENT -3.9234679430e-03 -6.3262084000e-04 -1.9401806760e-03  1.2292287670e-03  1.0444231970e-03  3.1025187750e-03 -3.5912242800e-04  2.0382888500e-04 -1.1990385000e-04  1.2145205300e-04  1.8644453000e-05  3.6633828000e-05 -7.2261365000e-05 -6.3510508500e-04  2.0517460500e-04  1.5520404990e-03  2.0065027000e-05 -2.0608933350e-03  2.3729008080e-03 -7.3675220800e-04  1.8957407750e-03 -8.1922893000e-04  2.1567509300e-03 -2.6167583910e-03 -6.0443986200e-04 -1.2382996800e-03  9.7939095200e-04 -4.5624146000e-05 -1.5619685300e-04 -1.7693455400e-04  1.0524533400e-04 -4.8294382000e-05 -1.9584900000e-07  4.9260304000e-05 -3.2127797000e-05  7.1939690000e-06  1.5114909000e-04  3.8169723000e-05  2.1396073000e-05  8.4948290000e-06  1.2696817300e-04  6.6467046000e-05  2.3190910500e-04  1.6793041300e-04  1.0692889300e-04 -1.1692360600e-04 -3.3854856600e-04  1.0145704600e-04  2.0853314700e-04 -9.7883674000e-05  3.2721195800e-04 -1.0849373500e-04  1.2911382900e-04  5.6432294000e-05

JOB 4
COORDS  1.5495702084e-01 -2.1162372285e-02 -1.8645773686e-02 -5.5828149469e-01 -1.1720835180e+00  4.4855540656e-01 -1.9775176116e+00 -1.1458940605e+00  4.5889435980e-01 -2.6736487527e+00  1.0694149493e-02  7.5603270537e-04 -1.9543972973e+00  1.1540452910e+00 -4.5568058356e-01 -5.3503939272e-01  1.1562299475e+00 -4.5377748642e-01  1.6731746139e+00 -2.2911801177e-02  1.5174704758e-02  2.3786375147e+00 -9.7359096940e-01 -6.9158763175e-01  2.3457213242e+00  9.7273036452e-01  6.9127905401e-01 -1.1526173745e-02 -2.0627767986e+00  8.1467024609e-01 -2.5396184584e+00 -2.0260923765e+00  8.2727044037e-01 -3.7817696446e+00  2.2799925891e-02  3.7763507190e-03 -2.5012982875e+00  2.0485698969e+00 -8.1213092722e-01  2.7465756801e-02  2.0420100023e+00 -8.0782276175e-01  3.4300791261e+00 -1.0422209751e+00 -6.5924364529e-01  1.8542320999e+00 -1.7027183366e+00 -1.2397942815e+00  3.3955788125e+00  1.0663595268e+00  6.8911373428e-01  1.7930161177e+00  1.6868614735e+00  1.2310132594e+00
ENERGY -3.765386804822e+02
GRADIENT -3.1513185070e-03 -3.5181299600e-04 -5.0311837140e-03  1.1900193300e-03  8.1913672400e-04  3.4368025500e-03 -1.3041429300e-04 -3.2400911000e-05  1.4764327900e-04 -2.6443210000e-06  1.2034329000e-04 -8.9948549000e-05  3.4881793800e-04 -9.0631340000e-04  4.6505630000e-04  1.6645652250e-03  9.8831599400e-04 -1.7659680160e-03  1.4548726190e-03 -2.9638911950e-03  5.9529077340e-03 -1.2514447390e-03  2.0300997540e-03 -3.7345217000e-03 -3.9492584600e-04 -8.5847281700e-04  3.1652510500e-04 -1.1406337400e-04 -1.2239902800e-04  1.2941247600e-04  1.1770045700e-04 -6.7865749000e-05  1.6009513000e-05  1.0271579000e-05 -9.0280499000e-05  2.4617652000e-05  2.1410328000e-04 -1.3284772000e-05 -3.8348335000e-05  5.7342530000e-05  2.8667752200e-04  1.8470025900e-04  9.3778173000e-05  7.0336866700e-04  4.1207351400e-04 -8.1288763000e-05  2.1068110000e-06 -2.7604334200e-04  1.8808151000e-05  1.9910898300e-04  1.7325245600e-04 -5.6533769000e-05  2.4722885800e-04 -3.2756514500e-04

JOB 5
COORDS  1.5580114656e-01 -2.8442728479e-02 -2.9789408079e-02 -5.5926397937e-01 -1.1783990832e+00  4.3877016541e-01 -1.9781813947e+00 -1.1465603076e+00  4.5315874052e-01 -2.6735668498e+00  1.4184664950e-02  3.9906622261e-03 -1.9538387345e+00  1.1595417933e+00 -4.4698360612e-01 -5.3476168300e-01  1.1553289103e+00 -4.4821689534e-01  1.6723546761e+00 -2.7395304565e-02  1.4463852995e-02  2.3888146838e+00 -9.7911465970e-01 -6.8104472275e-01  2.3376365635e+00  9.8097522574e-01  6.7963356234e-01 -1.3960212545e-02 -2.0716123579e+00  8.0110218675e-01 -2.5420279053e+00 -2.0262967399e+00  8.1989967035e-01 -3.7816707642e+00  2.8827096750e-02  1.1399718306e-02 -2.4992242817e+00  2.0584837210e+00 -7.9467146291e-01  2.9046188082e-02  2.0420269668e+00 -7.9783045846e-01  3.4400904564e+00 -1.0467471088e+00 -6.4456327862e-01  1.8696918945e+00 -1.7159081930e+00 -1.2236989899e+00  3.3866918453e+00  1.0819590267e+00  6.7344529572e-01  1.7808639854e+00  1.6941917650e+00  1.2162404192e+00
ENERGY -3.765387421872e+02
GRADIENT -2.2888953150e-03 -3.3928659300e-04 -6.8755199910e-03  1.1599538620e-03  4.9453843400e-04  4.1214118440e-03  1.9172502600e-04  3.1608014300e-04 -2.4346526000e-05  9.2550959000e-05  5.2543855000e-05 -6.6618056000e-05  1.0296691000e-04 -1.6356045300e-04  1.4988999100e-04  1.0045914770e-03  6.1386300600e-04 -8.2527897000e-04 -5.8714322000e-05 -3.7181452400e-03  6.9869804820e-03 -5.7550218000e-05  2.5718767090e-03 -3.5193833240e-03 -3.3977394600e-04 -6.3701972500e-04  2.0994895900e-04 -2.0840383000e-05 -1.0143149100e-04  1.9905936100e-04  1.4802884200e-04 -3.9993747000e-05 -3.4338270000e-06  1.3800131000e-05  5.4116030000e-06  3.1814970000e-06  1.2583341200e-04  1.0253062000e-05 -7.6668493000e-05 -2.7364207000e-05  2.4082599300e-04  1.8216873400e-04  7.5591185000e-05  2.0171297500e-04 -4.7990046000e-05 -5.7906517000e-05  1.2067689500e-04 -1.2547258100e-04 -7.6254550000e-06  2.0546196500e-04 -7.4585228000e-05 -6.3451028000e-05  1.5653819900e-04 -2.1614578400e-04

JOB 6
COORDS  1.6086206328e-01 -3.1705679000e-02 -4.5553527101e-02 -5.6385635876e-01 -1.1764082139e+00  4.2380792902e-01 -1.9827655821e+00 -1.1497935088e+00  4.4712622436e-01 -2.6782180295e+00  1.4655263428e-02  8.6412292090e-03 -1.9540770746e+00  1.1596066834e+00 -4.3686346310e-01 -5.3507585865e-01  1.1558138697e+00 -4.4565526131e-01  1.6759616523e+00 -2.6498013447e-02  1.2408921117e-02  2.3969511091e+00 -9.8436848710e-01 -6.7102074791e-01  2.3375008707e+00  9.9119300670e-01  6.6878441449e-01 -1.8952919661e-02 -2.0723486853e+00  7.7968963492e-01 -2.5446019414e+00 -2.0312203386e+00  8.1308370046e-01 -3.7862780904e+00  3.2935440475e-02  2.1196841509e-02 -2.4992323628e+00  2.0625590162e+00 -7.7433319673e-01  2.6023112961e-02  2.0444648047e+00 -7.9461070150e-01  3.4475050706e+00 -1.0515622302e+00 -6.2011592802e-01  1.8832537971e+00 -1.7306135756e+00 -1.2058342115e+00  3.3864422366e+00  1.0923467176e+00  6.6357553411e-01  1.7795623425e+00  1.7029154375e+00  1.2059554676e+00
ENERGY -3.765387440181e+02
GRADIENT  1.2591458170e-03 -1.5763458130e-03 -9.1992330780e-03 -1.1215850990e-03  3.3407451480e-03  3.7965387910e-03 -5.3846571700e-04 -1.1425498790e-03  5.3133941100e-04 -4.4908517700e-04  8.7453023000e-05 -7.7648435000e-05  6.6771814800e-04 -1.0299367070e-03  4.5047505600e-04  4.0617314700e-04  5.6103522600e-04  1.0791924300e-04  3.6361091600e-04 -2.9625753040e-03  8.0621149070e-03 -5.3223529600e-04  1.9393276550e-03 -4.2059771470e-03  1.1758939600e-04  1.7406445300e-04  5.1955975300e-04 -7.6730643000e-05  1.7537985100e-04  9.2122240000e-06 -2.0558531000e-04  9.3204090000e-06  4.9661000000e-07 -3.5640518000e-05 -1.5683264900e-04  6.0015952000e-05  6.3978449000e-05 -7.9454616000e-05 -9.0797930000e-06  1.4092515700e-04 -1.3293826000e-05  6.8204818000e-05 -7.6533505000e-05  4.8902915000e-04  2.1001701100e-04  2.6296826000e-05 -1.3697410000e-05 -7.3049990000e-05 -3.8459691000e-05  1.9082014200e-04 -2.2748835500e-04  2.6612752000e-05  2.4485520000e-06 -2.2704953000e-05

JOB 7
COORDS  1.5933975515e-01 -3.2447113771e-02 -4.0688204189e-02 -5.6055449446e-01 -1.1795319201e+00  4.2931429942e-01 -1.9793198441e+00 -1.1463099372e+00  4.4873710620e-01 -2.6766033236e+00  1.6334726816e-02  8.0985937456e-03 -1.9567845838e+00  1.1621128286e+00 -4.4138116374e-01 -5.3781619704e-01  1.1524451712e+00 -4.4746475584e-01  1.6750301477e+00 -2.5250201164e-02  1.1881546712e-02  2.3959097762e+00 -9.8010369585e-01 -6.7541745805e-01  2.3373385800e+00  9.8919932029e-01  6.7197266183e-01 -1.6475302704e-02 -2.0759040099e+00  7.8563003800e-01 -2.5425245709e+00 -2.0265895614e+00  8.1520140331e-01 -3.7846674724e+00  3.2310626345e-02  2.0833518448e-02 -2.5014776426e+00  2.0642673563e+00 -7.8188073536e-01  2.4775331119e-02  2.0387343278e+00 -7.9990885935e-01  3.4465198318e+00 -1.0489446616e+00 -6.2641640898e-01  1.8812103426e+00 -1.7248668980e+00 -1.2114372878e+00  3.3866286780e+00  1.0871891692e+00  6.7082018934e-01  1.7798796870e+00  1.6993618172e+00  1.2117453025e+00
ENERGY -3.765387742542e+02
GRADIENT  4.5556971300e-04 -1.5307825660e-03 -8.2303073970e-03 -5.4754163000e-05  1.4483827370e-03  4.3711528800e-03  2.2324188000e-04  3.4540968000e-04 -1.2331229400e-04  6.1610998000e-05 -5.1610660000e-05  7.0956490000e-06 -2.8124214100e-04  5.3465636300e-04 -1.6499489900e-04 -2.7975764300e-04 -4.9161504900e-04  2.7025197200e-04  1.7770574600e-04 -3.0629259120e-03  7.5547380860e-03 -3.2203030700e-04  2.3781664380e-03 -3.8788872060e-03  8.9361415000e-05 -6.7237392000e-05  3.4988796100e-04  6.3443681000e-05 -4.8884130000e-06 -1.0493295000e-05  2.5971810000e-05  1.8902808000e-05 -1.1941560000e-06  2.6065850000e-06  6.8442476000e-05 -2.7969299000e-05 -5.8517246000e-05  2.0680481000e-05 -5.9574020000e-06 -7.1629820000e-05 -2.9306369000e-05 -1.0475380000e-06 -2.8348191000e-05  3.0073868200e-04  1.2953695700e-04 -5.5729410000e-06 -1.9350145000e-05 -6.7936561000e-05 -1.1684577000e-05  1.2129012200e-04 -1.1387218300e-04  1.0138697000e-05  1.3350102000e-05 -5.8051735000e-05

JOB 8
COORDS  1.5794834671e-01 -2.9535302877e-02 -3.7258685266e-02 -5.6123874298e-01 -1.1769987971e+00  4.3253747645e-01 -1.9800710543e+00 -1.1469481382e+00  4.5137260849e-01 -2.6763031503e+00  1.5128275668e-02  7.9379282926e-03 -1.9558453355e+00  1.1598721992e+00 -4.4323996152e-01 -5.3684925037e-01  1.1547615107e+00 -4.4929659060e-01  1.6739961140e+00 -2.4799301708e-02  1.1305325035e-02  2.3971968444e+00 -9.7666006044e-01 -6.7772204582e-01  2.3367615521e+00  9.8724811059e-01  6.7390857433e-01 -1.6308802183e-02 -2.0724546670e+00  7.8980642319e-01 -2.5426272551e+00 -2.0274678738e+00  8.1830366813e-01 -3.7843706862e+00  3.1073105283e-02  1.9209225385e-02 -2.5015325390e+00  2.0603873662e+00 -7.8635243945e-01  2.5360680685e-02  2.0406417175e+00 -8.0354592778e-01  3.4477041989e+00 -1.0517791150e+00 -6.3418768832e-01  1.8797363774e+00 -1.7186207106e+00 -1.2148551155e+00  3.3864286105e+00  1.0813523307e+00  6.7607402586e-01  1.7799923793e+00  1.6970746576e+00  1.2149287455e+00
ENERGY -3.765387710340e+02
GRADIENT -3.3286485000e-04 -9.6416463300e-04 -7.3124959200e-03 -9.7362926000e-05  1.7092464490e-03  4.1322831930e-03 -6.2091184000e-05 -1.3763980700e-04  2.0812748000e-05  6.0166832000e-05  3.7350105000e-05 -6.6716300000e-06  1.4260165700e-04 -3.3341693400e-04  9.1421623000e-05  3.0566493800e-04  4.7158556600e-04 -2.4213131000e-04 -9.8888108900e-04 -3.4508342940e-03  6.8175494010e-03  1.0183694240e-03  3.4875074100e-03 -2.9937145610e-03 -9.2779814000e-05 -4.8698198400e-04  3.9530287000e-05 -3.8599334000e-05 -3.3472011000e-05  7.0645980000e-06  4.7845560000e-06 -1.7825345000e-05  6.6085740000e-06  3.9849170000e-06 -3.5884607000e-05  1.9453910000e-05  5.1454249000e-05 -8.1646940000e-06  6.1159650000e-06  2.0918406000e-05  5.7306472000e-05 -1.9519195000e-05  5.7852969000e-05 -4.7825209700e-04 -4.2993975300e-04 -2.9421986000e-05  1.3899843800e-04  3.7082497000e-05  2.4868647000e-05 -1.8299763000e-05 -7.7598372000e-05 -5.3843864000e-05  5.3198039000e-05 -9.8871081000e-05

JOB 9
COORDS  1.5903608770e-01 -3.0476867877e-02 -3.8887267176e-02 -5.6082066164e-01 -1.1776616269e+00  4.3062664691e-01 -1.9796776034e+00 -1.1469581162e+00  4.4972364037e-01 -2.6766379215e+00  1.5292983449e-02  7.7508087552e-03 -1.9562620833e+00  1.1605743128e+00 -4.4222116748e-01 -5.3727994955e-01  1.1539487988e+00 -4.4812765273e-01  1.6747697375e+00 -2.4370153979e-02  1.1836436175e-02  2.3958440371e+00 -9.7815761999e-01 -6.7690709446e-01  2.3376360955e+00  9.8946144365e-01  6.7213551882e-01 -1.6178315001e-02 -2.0734624552e+00  7.8746384833e-01 -2.5422072149e+00 -2.0276769600e+00  8.1619591089e-01 -3.7847107039e+00  3.1119854978e-02  1.9490655069e-02 -2.5015864772e+00  2.0618264432e+00 -7.8403246423e-01  2.4874471286e-02  2.0402533061e+00 -8.0130896888e-01  3.4463364782e+00 -1.0503039689e+00 -6.2937187271e-01  1.8796756516e+00 -1.7223696178e+00 -1.2122371073e+00  3.3872436005e+00  1.0839506883e+00  6.7368751980e-01  1.7811224150e+00  1.6988757144e+00  1.2139306715e+00
ENERGY -3.765387805386e+02
GRADIENT  2.4776891300e-04 -1.3513568800e-03 -7.8264038850e-03 -1.4946566600e-04  1.7862128130e-03  4.1711788970e-03  1.1426916000e-05 -4.1857570000e-06 -4.7890540000e-06 -2.2778541000e-05  1.1721612000e-05 -6.4771300000e-07  1.2837362000e-05 -2.8424669000e-05  5.3489760000e-06  3.6081313000e-05  2.4609308000e-05  1.0805815000e-05 -2.3388311700e-04 -3.1673532650e-03  7.3066873360e-03  1.2243757300e-04  2.7273442590e-03 -3.6650711050e-03 -1.8685187000e-05 -1.0242884600e-04  2.3116976500e-04  4.0766370000e-06 -6.1451100000e-07 -6.7016600000e-06 -2.6105110000e-06  1.6402100000e-06 -2.8339100000e-07 -1.8032210000e-06 -8.9672400000e-07  2.1345640000e-06  1.2098870000e-06 -1.0416810000e-06  1.7351810000e-06 -2.4526630000e-06  1.7253650000e-06 -9.8272110000e-06 -4.8028230000e-06  1.0843661000e-05 -5.3542103000e-05  8.2437320000e-06  2.6987023000e-05 -2.4246674000e-05 -5.9491500000e-06  1.5321375000e-05 -8.7587177000e-05 -6.0850650000e-06  4.1595190000e-05 -5.1828237000e-05

JOB 10
COORDS  1.5912588928e-01 -3.0443276583e-02 -3.9040354253e-02 -5.6074661694e-01 -1.1776653328e+00  4.3038033025e-01 -1.9796061406e+00 -1.1470392440e+00  4.4957612425e-01 -2.6765287466e+00  1.5289848236e-02  7.7752940969e-03 -1.9563891198e+00  1.1607667382e+00 -4.4209377304e-01 -5.3741934630e-01  1.1539756139e+00 -4.4801255554e-01  1.6748533182e+00 -2.4183462158e-02  1.1671140456e-02  2.3961519774e+00 -9.7779374363e-01 -6.7708274295e-01  2.3376597027e+00  9.9034952179e-01  6.7097982064e-01 -1.6098896308e-02 -2.0734948007e+00  7.8713386225e-01 -2.5421045703e+00 -2.0278105685e+00  8.1597465945e-01 -3.7846000550e+00  3.1052039355e-02  1.9585467931e-02 -2.5017639664e+00  2.0620654248e+00 -7.8371158758e-01  2.4732883781e-02  2.0403163742e+00 -8.0109257703e-01  3.4465988986e+00 -1.0499886256e+00 -6.2840935881e-01  1.8802604462e+00 -1.7229429898e+00 -1.2114002526e+00  3.3872824804e+00  1.0846666149e+00  6.7417812180e-01  1.7808999655e+00  1.6987248437e+00  1.2138620382e+00
ENERGY -3.765387811995e+02
GRADIENT  3.0528376500e-04 -1.3627900970e-03 -7.8409974880e-03 -1.7163044500e-04  1.8157659700e-03  4.1593240140e-03 -2.2648402000e-05 -3.3906624000e-05  9.7285950000e-06  5.8370620000e-05  1.1990960000e-06  8.9464100000e-07 -3.2512901000e-05  5.2405936000e-05 -2.4480883000e-05 -1.9808231000e-05 -3.5270114000e-05  3.8142315000e-05 -2.6828965600e-04 -3.1833023800e-03  7.3679995170e-03  1.0752244600e-04  2.7545382140e-03 -3.7083752670e-03  5.4745444000e-05 -1.4624640500e-04  1.1283208000e-04  1.1964670000e-06  2.7236990000e-06 -6.2331710000e-06 -2.6307230000e-06 -2.9978590000e-06  1.9881560000e-06  4.0242830000e-06  1.9136710000e-06  4.3766800000e-07 -3.6019590000e-06  5.1643540000e-06  9.4947500000e-07 -7.8281870000e-06 -5.6508290000e-06 -7.9670360000e-06 -2.1936200000e-07  3.0645805000e-05 -1.8833474000e-05  6.5964100000e-07  1.5450929000e-05 -1.7667933000e-05 -4.0621660000e-06  6.5802915000e-05 -2.5421125000e-05 -2.7818200000e-06  1.6306313000e-05 -4.4102302000e-05

