JOB 0
COORDS  1.8000000000e-01  0.0000000000e+00 -0.0000000000e+00 -5.2600000000e-01 -1.1970000000e+00 -2.4600000000e-01 -1.9200000000e+00 -1.1900000000e+00 -2.4700000000e-01 -2.6180000000e+00 -0.0000000000e+00  0.0000000000e+00 -1.9200000000e+00  1.1900000000e+00  2.4700000000e-01 -5.2600000000e-01  1.1970000000e+00  2.4500000000e-01  1.6470000000e+00 -0.0000000000e+00 -0.0000000000e+00  2.3160000000e+00 -1.0630000000e+00  4.5600000000e-01  2.3170000000e+00  1.0630000000e+00 -4.5600000000e-01  5.0000000000e-03 -2.1120000000e+00 -4.8400000000e-01 -2.4620000000e+00 -2.1060000000e+00 -4.5200000000e-01 -3.7020000000e+00 -0.0000000000e+00  0.0000000000e+00 -2.4620000000e+00  2.1050000000e+00  4.5200000000e-01  5.0000000000e-03  2.1120000000e+00  4.8300000000e-01  3.3210000000e+00 -1.1540000000e+00  3.8000000000e-01  1.8240000000e+00 -1.8090000000e+00  9.2500000000e-01  3.3210000000e+00  1.1540000000e+00 -3.7900000000e-01  1.8240000000e+00  1.8090000000e+00 -9.2500000000e-01
ENERGY -3.765243747157e+02
GRADIENT  6.4962870050e-03  4.5781208000e-05  1.5805328600e-04 -2.4615585910e-03  6.0540907190e-03  5.0550420100e-04  3.1386434960e-03  5.5139605080e-03  1.5260685740e-03  5.6124736950e-03  1.8723548000e-05 -2.2764932000e-05  2.8472483860e-03 -4.8561332620e-03 -1.2787468770e-03 -2.4138995530e-03 -6.1860580150e-03 -7.1882454400e-04  2.3476575857e-02 -3.8559984900e-04  1.5812271300e-04 -9.1924685640e-03  9.7271453320e-03 -2.5447182650e-03 -7.3640892760e-03 -9.5368251440e-03  2.6888103450e-03 -9.2980473950e-03  1.5220229195e-02  3.1483305250e-03  9.2813762100e-03  1.5700276498e-02  3.4413742010e-03  1.9368228188e-02  2.0711690000e-06 -1.5951622000e-05  9.5866440910e-03 -1.6338580273e-02 -3.5691047210e-03 -9.2999580870e-03 -1.5229288114e-02 -3.1408266830e-03 -4.0036028589e-02  2.7452462990e-03  1.9888001450e-03  2.0857697278e-02  3.0783884703e-02 -1.7999110352e-02 -4.1046849755e-02 -2.8685167190e-03 -2.0679190380e-03  2.0460050548e-02 -3.0410339190e-02  1.7742881351e-02

JOB 1
COORDS  1.7200763861e-01  2.1361144961e-03 -4.6044428012e-03 -5.5305003568e-01 -1.2252605369e+00 -2.1979706456e-01 -1.9753256120e+00 -1.2200407665e+00 -2.2566368145e-01 -2.6881624688e+00  2.8190441470e-04 -1.4657396204e-03 -1.9762314562e+00  1.2207920420e+00  2.2460069737e-01 -5.5396346933e-01  1.2273979294e+00  2.1924205146e-01  1.6871209862e+00  7.5204902661e-04  6.0672678334e-03  2.3868319750e+00 -1.1201857428e+00  4.2525024599e-01  2.3852286492e+00  1.1185156064e+00 -4.2421294551e-01 -6.0063530474e-03 -2.1709574527e+00 -4.2345698521e-01 -2.5301391497e+00 -2.1655828478e+00 -4.0916366661e-01 -3.8010199441e+00 -1.5843172880e-04 -1.2736207875e-03 -2.5320771719e+00  2.1653592824e+00  4.1082551262e-01 -7.9926613051e-03  2.1725532746e+00  4.2829872440e-01  3.4418252196e+00 -1.1913092194e+00  3.7619134548e-01  1.8676578347e+00 -1.9403161971e+00  8.4272815396e-01  3.4403883282e+00  1.1902574147e+00 -3.7740190667e-01  1.8645597421e+00  1.9347525063e+00 -8.4715981329e-01
ENERGY -3.765416563169e+02
GRADIENT  2.2636106660e-03  6.1936923700e-04 -1.7522917300e-03 -5.7055033300e-04  5.6428175300e-04  2.4429263500e-04 -1.3334541270e-03 -1.7669692810e-03 -3.3960835800e-04 -8.3509119800e-04 -1.2122996000e-05 -3.4402815000e-05 -1.1869630240e-03  1.6563075340e-03  4.4367749800e-04 -5.9594710600e-04 -6.9268414000e-04  3.0045119000e-04  2.9878294860e-03 -3.8315979000e-05  2.0933330300e-03 -1.5534760700e-03  1.0514341400e-03 -3.7200869600e-04 -2.4157208850e-03 -1.0984278370e-03 -4.0630323600e-04  1.5460505260e-03 -2.2093286570e-03 -4.1699006500e-04 -1.6175227980e-03 -2.5262500900e-03 -4.8329924800e-04 -3.1078020600e-03 -3.5918870000e-06  1.6490360000e-06 -1.6883822120e-03  2.6050120240e-03  4.8262079900e-04  1.5028781160e-03  2.2048432540e-03  5.2750835800e-04  4.9260783990e-03 -1.4415413000e-03 -2.6499621200e-04 -1.6711082520e-03 -4.5137869620e-03  2.1759575460e-03  5.0108665650e-03  1.2562058970e-03  1.9784862400e-04 -1.6489689500e-03  4.3439498890e-03 -2.3981856350e-03

JOB 2
COORDS  1.5995419164e-01 -1.5504874495e-03 -2.5694462834e-03 -5.4755140340e-01 -1.2346462502e+00 -2.1602083354e-01 -1.9650788232e+00 -1.2181094477e+00 -2.1994845079e-01 -2.6730297334e+00  1.4078813364e-03 -9.1842488348e-04 -1.9626520245e+00  1.2194307788e+00  2.1829415375e-01 -5.4506424956e-01  1.2323152494e+00  2.1452518494e-01  1.6682156551e+00 -2.9850483193e-03  8.0724168887e-04  2.3748128735e+00 -1.1173251923e+00  4.1337634065e-01  2.3684259075e+00  1.1154313229e+00 -4.1268722716e-01 -1.4236217037e-03 -2.1773592896e+00 -4.1772915302e-01 -2.5223863486e+00 -2.1585174979e+00 -3.9951550402e-01 -3.7820448506e+00  2.5018397168e-03 -6.7841455114e-04 -2.5178267111e+00  2.1609349814e+00  3.9887927268e-01  3.2844738648e-03  2.1737039318e+00  4.1650270349e-01  3.4266601534e+00 -1.1642121083e+00  3.6978214062e-01  1.8642842974e+00 -1.9404068806e+00  8.2341103900e-01  3.4198057252e+00  1.1722084180e+00 -3.6811893006e-01  1.8511643096e+00  1.9364373063e+00 -8.1826137362e-01
ENERGY -3.765420003945e+02
GRADIENT -5.7416018230e-03  5.8310761700e-04 -6.6292078600e-04  2.2984697350e-03 -3.8585156350e-03 -6.8804709800e-04  9.4705250100e-04  1.8040235090e-03  2.8960525000e-04 -6.8979311900e-04  9.3960970000e-06  5.6086000000e-06  8.5627121200e-04 -1.7047490820e-03 -3.1611659100e-04  2.3115270420e-03  3.6532123870e-03  1.0351372570e-03  4.1900616400e-04 -8.0090737100e-04  4.6654259000e-04 -9.0075933200e-04  2.7500390800e-04  3.9124675200e-04 -1.3986577130e-03 -2.0864103800e-04 -4.7346754600e-04  3.0067943400e-04 -6.8438137500e-04 -1.0872002600e-04  1.7970391900e-04 -2.4262915900e-04 -4.5745787000e-05 -3.7017482500e-04  7.1102060000e-06  7.0192640000e-06  1.5427765800e-04  2.5842321000e-04  4.5264916000e-05  3.7486690700e-04  6.8831777500e-04  1.8672033000e-05  1.1725291070e-03  3.3867307200e-04 -4.6256567100e-04 -5.3378076300e-04 -1.0074295440e-03  4.7789403300e-04  1.2054104000e-03 -1.5208974000e-04  3.7478335100e-04 -5.7017250700e-04  1.0433611050e-03 -3.5365758100e-04

JOB 3
COORDS  1.7047105445e-01 -6.7947854288e-04 -4.1539772973e-04 -5.5534797187e-01 -1.2202679352e+00 -2.1044878751e-01 -1.9710257750e+00 -1.2179338753e+00 -2.1520897880e-01 -2.6783300874e+00 -4.5392525531e-04  4.9841834987e-04 -1.9700971957e+00  1.2166881522e+00  2.1501768695e-01 -5.5440016944e-01  1.2195255952e+00  2.0958319189e-01  1.6758446771e+00 -6.6642096365e-04 -3.4983888371e-03  2.3804716306e+00 -1.1151276861e+00  4.0423645513e-01  2.3820712134e+00  1.1151249572e+00 -4.0636352756e-01 -1.3647652440e-02 -2.1625540762e+00 -4.1168776850e-01 -2.5233106526e+00 -2.1592715929e+00 -3.9244343182e-01 -3.7849091075e+00 -1.4869013476e-04  1.0834905991e-03 -2.5219911638e+00  2.1581145638e+00  3.9259177781e-01 -1.2594671456e-02  2.1621974616e+00  4.0869771574e-01  3.4290369133e+00 -1.1637223190e+00  3.7153619359e-01  1.8657977565e+00 -1.9344146685e+00  8.0716128308e-01  3.4303935499e+00  1.1650410693e+00 -3.6818295944e-01  1.8679479298e+00  1.9377492072e+00 -8.0304494458e-01
ENERGY -3.765420042763e+02
GRADIENT  2.8759943440e-03 -2.1641466900e-04  3.7303890700e-04 -2.1707187020e-03  3.9250984540e-03  4.8857522700e-04 -7.4341198600e-04 -1.4511286020e-03 -3.1472465900e-04  1.8088010060e-03  2.5781601000e-05  2.7051730000e-05 -7.0153973700e-04  1.2606532090e-03  1.1745006500e-04 -1.9975920440e-03 -3.6618202300e-03 -3.3187647300e-04  3.3466197900e-04 -3.9850118300e-04 -6.6718354200e-04  7.0049386700e-04  7.5883088200e-04  3.5121164800e-04  1.2345769270e-03 -3.3398652200e-04 -2.3488552800e-04 -7.4171232800e-04  1.5901414390e-03  2.6433761300e-04  4.3145759000e-04  1.1032817100e-03  2.1074458500e-04  1.5733109770e-03 -1.6567732000e-05  7.3774100000e-06  4.8674462400e-04 -1.1459421710e-03 -2.0226998400e-04 -7.2617553600e-04 -1.5664888700e-03 -3.0163794700e-04 -1.8726988580e-03  2.5004810800e-04 -2.6599428000e-05  6.9209249500e-04  1.8910405110e-03 -8.1607647500e-04 -1.8556463910e-03 -1.5492977300e-04  6.3135774000e-05  6.8290065200e-04 -1.8584482960e-03  9.9292759800e-04

JOB 4
COORDS  1.6848583844e-01  3.9760719155e-04  3.4925617389e-04 -5.4956878773e-01 -1.2262019034e+00 -2.1213132591e-01 -1.9671348924e+00 -1.2174867744e+00 -2.1597664803e-01 -2.6799576208e+00 -9.6720555164e-04  7.0694649178e-04 -1.9686560953e+00  1.2165512775e+00  2.1664168539e-01 -5.5109794870e-01  1.2263412649e+00  2.1184499117e-01  1.6755484319e+00  1.3750072783e-03 -2.1442099886e-03  2.3755833764e+00 -1.1181622002e+00  4.0688446389e-01  2.3802170552e+00  1.1189131785e+00 -4.0906605784e-01 -5.6899427689e-03 -2.1695354410e+00 -4.1374566835e-01 -2.5203756618e+00 -2.1600973406e+00 -3.9431156035e-01 -3.7885614546e+00 -1.6777899295e-03  1.0118509234e-03 -2.5227698013e+00  2.1586289097e+00  3.9510263943e-01 -8.3742310697e-03  2.1705925581e+00  4.1214273611e-01  3.4258399013e+00 -1.1755214819e+00  3.7438029681e-01  1.8564177669e+00 -1.9374111493e+00  8.1006032602e-01  3.4305534281e+00  1.1718688089e+00 -3.7206990217e-01  1.8651013379e+00  1.9414587141e+00 -8.1065759468e-01
ENERGY -3.765421465165e+02
GRADIENT  1.8669526700e-04 -4.0946962900e-04  4.1069946600e-04  1.0217620500e-04 -1.7539459000e-04 -2.6594306900e-04  4.3278479500e-04  6.9196119500e-04  9.1399563000e-05 -1.0970095690e-03 -1.0459821000e-05  6.8873400000e-06  3.6926774400e-04 -5.4350171800e-04 -1.3750033200e-04  2.5184687000e-05  8.3653894000e-05  1.9311826400e-04  1.3446104800e-04  2.0044705100e-04 -4.3635795800e-04 -2.9844382700e-04  1.9699008900e-04  3.5952247200e-04  2.3213520600e-04  6.2710107000e-05 -4.1653855500e-04  1.1861004100e-04  3.7138156000e-05  4.0260315000e-05 -1.8987419000e-05  9.3480520000e-05  2.8076433000e-05 -6.9657707000e-05  1.2520754000e-05  4.7505660000e-06 -2.7222248000e-05 -8.9455033000e-05 -1.0450482000e-05  3.3833747000e-05 -3.1542196000e-05 -1.8740523000e-05 -1.1995855200e-04 -2.4284061100e-04  3.3865110000e-05  4.8477156000e-05  2.0103376000e-05 -6.6417145000e-05 -9.7757217000e-05  1.5954158200e-04  7.2870416000e-05  5.6936393000e-05 -5.6090664000e-05  1.1044793900e-04

JOB 5
COORDS  1.6443269365e-01 -2.0223319921e-03  2.1007446667e-03 -5.5307207855e-01 -1.2293814152e+00 -2.1221855879e-01 -1.9707512226e+00 -1.2210420352e+00 -2.1790905178e-01 -2.6740392512e+00  1.4708359828e-03 -1.0676410027e-03 -1.9675346860e+00  1.2220914713e+00  2.1614399228e-01 -5.4982764807e-01  1.2278499460e+00  2.1228351684e-01  1.6719064049e+00 -3.5560716597e-03  6.1632827536e-04  2.3815186150e+00 -1.1185776514e+00  4.0700471129e-01  2.3724215274e+00  1.1169025908e+00 -4.0573529205e-01 -9.1479873063e-03 -2.1731052923e+00 -4.1373916258e-01 -2.5272755792e+00 -2.1620592909e+00 -3.9704373523e-01 -3.7829081931e+00  3.0259218506e-03 -1.9237132896e-03 -2.5220804982e+00  2.1646053910e+00  3.9354349137e-01 -3.8093948130e-03  2.1706067193e+00  4.1277371985e-01  3.4328237036e+00 -1.1627128636e+00  3.7091634076e-01  1.8718631892e+00 -1.9434014951e+00  8.1225405270e-01  3.4233521823e+00  1.1696297367e+00 -3.7101474557e-01  1.8555728703e+00  1.9387587568e+00 -8.0796727565e-01
ENERGY -3.765421249855e+02
GRADIENT -7.8019191700e-04  5.7079246200e-04  2.8043272100e-04  7.5880397000e-05  7.9352597000e-05 -2.9132714200e-04 -9.6523606900e-04 -1.4478699000e-03 -2.2798297300e-04  2.3050989010e-03  3.4106178000e-05  7.1111210000e-06 -8.9513822700e-04  1.2025603100e-03  2.4562714900e-04  2.2803223400e-04  1.6376004200e-04  3.9421672000e-05  3.4001777000e-05 -5.7282781300e-04 -2.0910704300e-04  3.6543464500e-04  1.9250600300e-04  4.2014745900e-04 -5.2620796200e-04 -3.1852695600e-04 -2.1168457100e-04 -7.0764093000e-05 -2.8913098200e-04 -1.2530744500e-04 -5.4962001000e-05 -3.9655002900e-04 -6.5279686000e-05 -8.1046470000e-05 -1.9419476000e-05 -1.6657904000e-05 -4.1110507000e-05  3.8759356000e-04  7.7027121000e-05  5.7829542000e-05  3.0076706500e-04 -6.2190650000e-06  4.0657849700e-04  1.3157192500e-04 -1.2692989800e-04 -1.6794557300e-04 -3.0872978700e-04  1.1988626100e-04  3.5449220000e-04 -1.2505277700e-04  1.6705196700e-04 -2.3029615000e-04  4.1653380900e-04 -7.5544104000e-05

JOB 6
COORDS  1.6683081421e-01 -1.2389139693e-03  2.1878981397e-03 -5.5218644568e-01 -1.2272134787e+00 -2.1143090974e-01 -1.9696756804e+00 -1.2178654799e+00 -2.1657368148e-01 -2.6793990025e+00  5.8198302423e-04 -5.2745580865e-04 -1.9683840057e+00  1.2182559996e+00  2.1571880212e-01 -5.5088324500e-01  1.2261339681e+00  2.1197366758e-01  1.6739011787e+00 -1.7084635037e-03 -6.4544392101e-04  2.3799565412e+00 -1.1185694706e+00  4.0569458936e-01  2.3764724447e+00  1.1177593958e+00 -4.0561010757e-01 -9.1307959310e-03 -2.1710784885e+00 -4.1281997857e-01 -2.5241252233e+00 -2.1596987138e+00 -3.9550111103e-01 -3.7880014800e+00  1.2792863251e-03 -1.1947565806e-03 -2.5219384919e+00  2.1609102259e+00  3.9308300380e-01 -7.0159467607e-03  2.1697158311e+00  4.1249340801e-01  3.4307701481e+00 -1.1659502873e+00  3.7164194696e-01  1.8672678840e+00 -1.9414195064e+00  8.1004686237e-01  3.4270962302e+00  1.1692840771e+00 -3.7195850992e-01  1.8606830102e+00  1.9398248344e+00 -8.0759723818e-01
ENERGY -3.765421555240e+02
GRADIENT -3.0790267000e-05  1.2987562700e-04  4.7647736300e-04 -2.1272402000e-05  4.1616575000e-05 -2.9961900900e-04  1.0271265900e-04  1.2543287000e-04  2.7272092000e-05 -2.5270878400e-04  1.2520918000e-05  7.7367690000e-06  9.9166875000e-05 -1.6644519500e-04 -3.4699696000e-05  1.7113180000e-05  3.6854923000e-05  5.0641590000e-05  1.0089102600e-04 -2.4361708300e-04 -4.6075547300e-04  1.0291065200e-04  1.1550429800e-04  4.5083041300e-04 -6.6466956000e-05 -1.7324061100e-04 -2.3477244100e-04 -3.1334230000e-06 -1.6106240000e-06 -2.7654585000e-05 -9.5066230000e-06  1.2360579000e-05  6.9378450000e-06 -2.3679062000e-05 -3.4325070000e-06 -4.2330620000e-06 -6.9553590000e-06 -1.5202358000e-05 -1.2560150000e-06  2.8237367000e-05  5.8774440000e-06 -2.4706251000e-05  2.6803402000e-05  1.2064340800e-04 -8.6547854000e-05 -2.0742080000e-05 -1.0351778000e-05 -2.6573625000e-05  7.9266930000e-06 -2.8319470000e-05  1.0460022400e-04 -3.7349043000e-05  4.2382005000e-05  7.6772302000e-05

JOB 7
COORDS  1.6719751801e-01  1.2222960829e-04  2.3457850871e-03 -5.5018576598e-01 -1.2266990135e+00 -2.1121936342e-01 -1.9675943575e+00 -1.2190323309e+00 -2.1615084316e-01 -2.6774121367e+00 -7.5538411078e-04  1.6121880229e-04 -1.9688599744e+00  1.2182649494e+00  2.1652685311e-01 -5.5146886751e-01  1.2268266423e+00  2.1242342894e-01  1.6740118530e+00  1.0240431174e-03 -1.9720380910e-03  2.3750253701e+00 -1.1189314075e+00  4.0443202907e-01  2.3785511637e+00  1.1197900224e+00 -4.0581834645e-01 -5.9199765853e-03 -2.1698352076e+00 -4.1238307459e-01 -2.5213715481e+00 -2.1612153152e+00 -3.9493792374e-01 -3.7859248268e+00 -1.2282449509e-03 -2.6390473985e-04 -2.5234897055e+00  2.1601928259e+00  3.9402707055e-01 -8.3474687845e-03  2.1707041252e+00  4.1310148663e-01  3.4254600729e+00 -1.1737145881e+00  3.7352696794e-01  1.8570489069e+00 -1.9387859219e+00  8.0787256380e-01  3.4291878449e+00  1.1702175384e+00 -3.7402821247e-01  1.8638003265e+00  1.9418918885e+00 -8.0874996102e-01
ENERGY -3.765421537733e+02
GRADIENT  6.1802601000e-05 -3.9736488300e-04  6.9533716500e-04  2.1555404000e-05  9.3807660000e-05 -2.9043989600e-04 -1.0187719100e-04 -1.2226470500e-04 -4.8485124000e-05  3.2164694800e-04 -1.3664446000e-05  4.4720750000e-06 -1.2507240800e-04  2.1665900200e-04  1.2573814000e-05 -3.2997164000e-05 -1.1348125900e-04  3.2798761000e-05 -4.1692028000e-05  1.8887460800e-04 -6.7850153500e-04 -2.8423874400e-04  1.3891773400e-04  3.8001235300e-04  2.1370737400e-04  6.6744881000e-05 -2.7409616500e-04  1.0192555000e-05  4.0752812000e-05  4.9082426000e-05  3.1370863000e-05  1.9911710000e-05  7.2257080000e-06  7.2585572000e-05  7.7212380000e-06  7.5243030000e-06  2.7939021000e-05 -1.4645287000e-05 -7.1552150000e-06 -6.6793709000e-05 -3.7976169000e-05  5.0805850000e-06 -1.1069468400e-04 -1.5989576400e-04  4.8686056000e-05  3.6294706000e-05  2.6076450000e-05 -7.2671149000e-05 -8.3695010000e-05  1.2744370600e-04  2.8225648000e-05  6.2428048000e-05 -6.7692899000e-05  1.0029369600e-04

JOB 8
COORDS  1.6672406944e-01 -7.6693081452e-04  2.7595892970e-03 -5.5164344012e-01 -1.2270310723e+00 -2.1132744397e-01 -1.9691130617e+00 -1.2183253397e+00 -2.1661439899e-01 -2.6787467895e+00  1.3971140710e-04 -4.4486435821e-04 -1.9687422525e+00  1.2183416282e+00  2.1614598520e-01 -5.5127459074e-01  1.2264494916e+00  2.1248838804e-01  1.6736804983e+00 -7.3393891693e-04 -1.0185268857e-03  2.3782553111e+00 -1.1188554356e+00  4.0451869224e-01  2.3767771436e+00  1.1189867906e+00 -4.0459531108e-01 -8.1169533194e-03 -2.1706238429e+00 -4.1263503920e-01 -2.5233333140e+00 -2.1602419603e+00 -3.9575014052e-01 -3.7873270630e+00  4.4941509499e-04 -1.2279541294e-03 -2.5227424490e+00  2.1607241693e+00  3.9350504244e-01 -7.6644691421e-03  2.1700848580e+00  4.1334621951e-01  3.4289621324e+00 -1.1692424162e+00  3.7247042708e-01  1.8635914855e+00 -1.9403840271e+00  8.0897677139e-01  3.4275203702e+00  1.1692798291e+00 -3.7360627858e-01  1.8614511397e+00  1.9405637575e+00 -8.0810986935e-01
ENERGY -3.765421575082e+02
GRADIENT -6.8337770000e-06 -3.3431913000e-05  6.1763534600e-04  3.0553410000e-06  5.9985978000e-05 -3.2272563500e-04 -3.0267800000e-07 -4.0415880000e-06 -1.2057380000e-06  1.1234564000e-05  2.0342500000e-06  1.8569420000e-06 -1.7474600000e-06  1.1806850000e-06 -3.8650490000e-06  6.8707010000e-06 -2.8636070000e-06  1.2299719000e-05 -6.6761283000e-05 -1.2652860800e-04 -5.7423111000e-04  6.7884970000e-05  2.0734467000e-04  3.7253207700e-04  2.0179943000e-05 -7.8171700000e-05 -1.9367783900e-04 -2.3056160000e-06  3.7660190000e-06  1.4680750000e-06  3.5026020000e-06  3.0546470000e-06  4.3961690000e-06  7.0272030000e-06 -4.8273800000e-07 -1.3186200000e-07  4.4358960000e-06 -3.7545270000e-06 -3.1199690000e-06 -5.6548080000e-06 -1.3179400000e-07 -6.5215940000e-06 -1.3027655000e-05 -6.6088459000e-05  6.2828730000e-06  1.9032070000e-06  8.9334230000e-06 -3.8391121000e-05 -1.4141010000e-05  1.9566539000e-05  6.0442116000e-05 -2.1060860000e-06  1.0079153000e-05  6.7208988000e-05

JOB 9
COORDS  1.6650017101e-01 -9.1216906346e-04  3.0590888848e-03 -5.5198728466e-01 -1.2270552609e+00 -2.1146071742e-01 -1.9694712535e+00 -1.2181987958e+00 -2.1691429251e-01 -2.6790822590e+00  2.6838089650e-04 -5.9994696627e-04 -1.9689621035e+00  1.2183599599e+00  2.1633797317e-01 -5.5148000807e-01  1.2263215587e+00  2.1285407921e-01  1.6734668748e+00 -9.2971217840e-04 -8.4342385047e-04  2.3780849344e+00 -1.1192193426e+00  4.0417797203e-01  2.3765175321e+00  1.1191429191e+00 -4.0362110236e-01 -8.5386546204e-03 -2.1706824743e+00 -4.1288414766e-01 -2.5237450641e+00 -2.1600417039e+00 -3.9634722381e-01 -3.7876767398e+00  6.7205658710e-04 -1.5399181028e-03 -2.5228936808e+00  2.1607825571e+00  3.9378428317e-01 -7.7956006451e-03  2.1698635818e+00  4.1401297716e-01  3.4289056703e+00 -1.1675176400e+00  3.7203808421e-01  1.8643823032e+00 -1.9410223122e+00  8.0938439725e-01  3.4273635672e+00  1.1686455856e+00 -3.7417463887e-01  1.8613708717e+00  1.9402209831e+00 -8.0844700891e-01
ENERGY -3.765421579936e+02
GRADIENT  1.0150053000e-05 -4.3067424000e-05  6.5200534000e-04 -1.0630140000e-06  6.0441801000e-05 -3.3506222600e-04  3.8624660000e-06  3.7256350000e-06  3.0666190000e-06 -8.0927410000e-06 -1.6977300000e-07 -9.7560000000e-08 -1.4881880000e-06  3.0235460000e-06 -1.5827030000e-06  3.3628670000e-06 -1.0492499000e-05 -2.3290680000e-06  1.1815471800e-04 -9.5991031000e-05 -6.2652213300e-04 -8.7887338000e-05  2.8579939000e-05  4.4947537400e-04 -6.9505450000e-06 -4.2131194000e-05 -1.5809129500e-04 -4.3240900000e-07 -6.2431170000e-06 -6.7403100000e-07 -1.4005180000e-06 -3.5082480000e-06  2.4688160000e-06 -4.2437740000e-06  4.8495300000e-07  1.3790500000e-07 -1.9705430000e-06  4.2882180000e-06 -2.7611930000e-06 -5.1364700000e-07  5.7646570000e-06 -1.7307480000e-06  3.3116530000e-06  9.6691349000e-05 -5.5925495000e-05 -5.6687210000e-06 -2.7166699000e-05 -1.8152251000e-05 -1.0046630000e-06  1.6844790000e-06  4.9938248000e-05 -4.5349010000e-06  2.4637312000e-05  4.6074816000e-05

