JOB 0
COORDS  1.5919580000e-01 -3.1949000000e-02 -4.1816100000e-02 -5.6053560000e-01 -1.1783385000e+00  4.2974330000e-01 -1.9793825000e+00 -1.1471775000e+00  4.5102980000e-01 -2.6760156000e+00  1.5275800000e-02  9.0418000000e-03 -1.9565608000e+00  1.1603481000e+00 -4.4303100000e-01 -5.3760830000e-01  1.1522951000e+00 -4.5083270000e-01  1.6749999000e+00 -2.6218900000e-02  7.1130000000e-03  2.3929894000e+00 -9.8190020000e-01 -6.8221540000e-01  2.3395211000e+00  9.9160400000e-01  6.5998690000e-01 -1.5826200000e-02 -2.0740846000e+00  7.8657810000e-01 -2.5418544000e+00 -2.0272846000e+00  8.1906990000e-01 -3.7840539000e+00  3.1504700000e-02  2.2445500000e-02 -2.5020403000e+00  2.0615810000e+00 -7.8469530000e-01  2.4708500000e-02  2.0379890000e+00 -8.0521570000e-01  3.4434685000e+00 -1.0553987000e+00 -6.3661060000e-01  1.8746483000e+00 -1.7263811000e+00 -1.2150989000e+00  3.3897741000e+00  1.0782534000e+00  6.6900790000e-01  1.7854851000e+00  1.6951572000e+00  1.2118968000e+00
ENERGY -3.765387796439e+02
GRADIENT  3.9106999300e-04 -1.4656098480e-03 -7.9694553350e-03 -1.4176039200e-04  1.9100126640e-03  4.1198491640e-03 -1.3816814600e-04 -1.6669773400e-04  7.7525105000e-05  3.0605444700e-04 -1.1806304000e-05 -3.1319900000e-07 -1.8055832900e-04  3.0036853000e-04 -9.6009198000e-05 -9.9621084000e-05 -2.2236173100e-04  8.1866234000e-05  6.5284376000e-05 -3.2818915200e-03  7.6331618270e-03 -1.3327945700e-04  2.6414967760e-03 -3.8548428810e-03 -6.2027297000e-05  3.4279496900e-04 -3.2406533000e-05 -1.2831797000e-05  8.4901370000e-06 -1.3668949000e-05 -8.2634700000e-07 -1.7237376000e-05  9.6174070000e-06  2.4611231000e-05  9.1961620000e-06 -5.9915870000e-06 -1.3072465000e-05  2.6330201000e-05 -8.2484900000e-06 -2.4447718000e-05 -2.1725923000e-05  1.3526590000e-06 -3.1356859000e-05  4.2071912000e-05 -6.1283030000e-06  2.5555453000e-05  1.6433860000e-06 -3.7667444000e-05 -6.7428000000e-07 -7.4941369000e-05  3.2244245000e-05  2.1405977000e-05 -2.7721590000e-05  6.7235965000e-05

JOB 1
COORDS  1.5986362840e-01 -4.7336292234e-02 -5.3251879498e-02 -5.6647155288e-01 -1.1729282534e+00  4.5705065356e-01 -1.9850413652e+00 -1.1330955614e+00  4.8106392804e-01 -2.6786630004e+00  2.0006019622e-02  1.1150876565e-02 -1.9505278734e+00  1.1482636028e+00 -4.6823837974e-01 -5.3163923185e-01  1.1337838434e+00 -4.8009314634e-01  1.6749591461e+00 -4.0779556572e-02  1.3621630675e-02  2.4053922709e+00 -9.4955779802e-01 -7.2432759976e-01  2.3282967231e+00  9.6187234699e-01  6.9995021494e-01 -2.6339134270e-02 -2.0606917004e+00  8.3992946565e-01 -2.5505635314e+00 -1.9998316466e+00  8.7515627901e-01 -3.7865781505e+00  4.3413315661e-02  2.7169134816e-02 -2.4910838922e+00  2.0454294260e+00 -8.2780405010e-01  3.4055324635e-02  2.0099694988e+00 -8.5243158078e-01  3.4567661457e+00 -1.0124643896e+00 -6.8261008887e-01  1.8961469884e+00 -1.6721667580e+00 -1.2947553474e+00  3.3773121223e+00  1.0622804196e+00  7.1107742787e-01  1.7659129334e+00  1.6405543514e+00  1.2740977777e+00
ENERGY -3.765375696262e+02
GRADIENT  2.3793572710e-03 -1.5459014690e-03 -1.0900347385e-02 -5.9422168800e-04  2.1816058190e-03  4.5858337250e-03  5.8870590600e-04  1.9460618500e-04 -2.2524734000e-05 -1.0472810840e-03  7.7437620000e-05 -6.4098847000e-05  6.4250069200e-04 -4.5317475100e-04  3.0448160800e-04 -3.8595406800e-04  4.6132998100e-04  6.6924255400e-04 -1.7729632370e-03 -5.4443147170e-03  1.0898934039e-02  2.6024167800e-04  3.3713566080e-03 -4.2863074360e-03  2.6743179400e-04  5.9046413700e-04 -8.6030758700e-04  2.6735770000e-06  9.3985104000e-05  2.2851292400e-04 -5.8025484000e-05  6.4457187000e-05 -3.1956690000e-05 -1.1111472700e-04 -2.7165810000e-05  1.2243214000e-05 -3.6749931000e-05 -1.0355675300e-04  8.4076990000e-06  4.3778848000e-05  2.1321513000e-05  4.9053000000e-08 -1.7816671300e-04  6.0445344000e-05 -6.8526813000e-05  8.6087978000e-05  3.7569142200e-04 -2.2412750000e-04 -1.9531457500e-04  9.5943532000e-05 -9.7491197000e-05  1.0012199700e-04 -4.7592868000e-05 -1.7994177300e-04

JOB 2
COORDS  1.5593926488e-01 -5.3348810157e-02 -5.9160197339e-02 -5.6696289480e-01 -1.1673712273e+00  4.8003188246e-01 -1.9853744152e+00 -1.1232748887e+00  5.0739288418e-01 -2.6724426110e+00  2.4013343868e-02  1.4461807641e-02 -1.9494874612e+00  1.1434147889e+00 -4.9243224661e-01 -5.3075609961e-01  1.1225785282e+00 -5.0712091332e-01  1.6729262977e+00 -4.3761122776e-02  8.8927957690e-03  2.4114809646e+00 -9.2012601553e-01 -7.5949347916e-01  2.3191850443e+00  9.3587332108e-01  7.3383124892e-01 -2.6188646299e-02 -2.0484570549e+00  8.7719562676e-01 -2.5533752289e+00 -1.9792422214e+00  9.2106296793e-01 -3.7800936806e+00  5.0323919843e-02  3.3967283971e-02 -2.4900538780e+00  2.0341966397e+00 -8.6773503683e-01  3.7938286685e-02  1.9887327782e+00 -8.9781921570e-01  3.4633731182e+00 -9.7771438354e-01 -7.1649438311e-01  1.9082747178e+00 -1.6313130195e+00 -1.3497104657e+00  3.3679684428e+00  1.0400201537e+00  7.5286948202e-01  1.7516289082e+00  1.5890977777e+00  1.3323024816e+00
ENERGY -3.765368737940e+02
GRADIENT  1.4451421710e-03 -1.6139738780e-03 -1.1106702667e-02 -3.8422289800e-04  1.8586045490e-03  5.0001377800e-03 -1.7995371100e-04 -7.4428580600e-04  3.4164542500e-04  1.6177376150e-03 -4.6188828000e-05 -3.5657021000e-05 -3.8289052400e-04  1.1694300900e-03 -4.7356745800e-04 -5.2257955600e-04  4.5806437800e-04  1.0992482220e-03 -2.3991386050e-03 -5.6596513940e-03  1.0412201141e-02  7.2258400400e-04  3.4850462330e-03 -4.2299567310e-03  2.4866631100e-04  7.0742374500e-04 -8.2484451600e-04 -5.9691966000e-05 -1.4884186000e-05  2.3093303300e-04  5.8641169000e-05 -1.0923229400e-04  4.6704803000e-05  9.9739291000e-05  2.8617934000e-05 -6.8980510000e-06  1.6201636000e-05  1.1104688800e-04 -7.7107207000e-05 -1.2746675700e-04  6.2755116000e-05 -9.9512818000e-05 -1.1349229700e-04  5.7597077000e-05 -1.2132343000e-05  3.5825543000e-05  2.6979333600e-04 -1.1669599700e-04 -1.4755424000e-04  5.6481651000e-05 -1.8349940700e-04  6.9134836000e-05 -1.1121286400e-04  8.6598000000e-08

JOB 3
COORDS  1.5483466968e-01 -5.7650004313e-02 -6.5140788997e-02 -5.6897909259e-01 -1.1486253680e+00  5.1662208077e-01 -1.9877900308e+00 -1.1005369177e+00  5.4744888591e-01 -2.6777864393e+00  2.8038998493e-02  1.8653889935e-02 -1.9513581989e+00  1.1245782533e+00 -5.3008379265e-01 -5.3219217848e-01  1.1023766162e+00 -5.5051865394e-01  1.6762913791e+00 -4.2703429554e-02  5.6096071964e-04  2.4229695424e+00 -8.6732807666e-01 -8.1524015567e-01  2.3158098745e+00  8.8989431158e-01  7.9016217448e-01 -2.8641667462e-02 -2.0192233272e+00  9.3667993484e-01 -2.5544804170e+00 -1.9412790179e+00  9.9280297716e-01 -3.7852100089e+00  5.7712434541e-02  4.2100044228e-02 -2.4907341983e+00  2.0037287355e+00 -9.3336532143e-01  3.6116742532e-02  1.9539309551e+00 -9.7245676128e-01  3.4755213620e+00 -9.2075241479e-01 -7.7123631792e-01  1.9259654319e+00 -1.5584328238e+00 -1.4346428734e+00  3.3647201299e+00  9.9361287231e-01  8.2478146739e-01  1.7424494945e+00  1.5008043411e+00  1.4272387164e+00
ENERGY -3.765358989067e+02
GRADIENT  1.6217172100e-03 -2.1655371100e-03 -1.0643543409e-02 -8.6409113600e-04  2.1505324240e-03  5.0379033610e-03  7.8605866000e-05  1.5483963000e-05 -5.5386000000e-05  1.7019415800e-04 -9.4770003000e-05  6.4090027000e-05  1.5468828500e-04  1.9160300000e-06 -1.7890322200e-04 -6.2980517500e-04  9.8021411100e-04  1.4110446340e-03 -2.3615579740e-03 -5.0006041660e-03  8.6298478200e-03  1.2760028920e-03  3.6653150620e-03 -3.7476356610e-03  5.1916245500e-04  7.3320427700e-04 -7.2725531800e-04  8.7811625000e-05 -1.0571122000e-05 -3.8213070000e-06 -3.5284177000e-05  3.5862185000e-05  1.9807183000e-05 -5.5369400000e-06  2.1914158000e-05  1.3433296000e-05 -2.6575413000e-05  7.0230500000e-07 -6.4307850000e-06  5.3012130000e-05 -7.8277537000e-05 -1.4883315100e-04  1.5023473000e-05 -3.1647821000e-05  1.2936679500e-04 -5.1993636000e-05 -3.2782549000e-05  8.5331848000e-05  5.0431800000e-06  6.8080740000e-05 -1.7613146400e-04 -6.8068000000e-06 -2.6216106300e-04  2.8555967100e-04

JOB 4
COORDS  1.5594005592e-01 -4.8363361081e-02 -5.0969779276e-02 -5.6327013309e-01 -1.1423968247e+00  5.2814168813e-01 -1.9826020463e+00 -1.1007467959e+00  5.5060293837e-01 -2.6754753498e+00  2.1903436263e-02  1.2483314128e-02 -1.9508444658e+00  1.1179610626e+00 -5.3982968909e-01 -5.3125560962e-01  1.1027707713e+00 -5.5467796579e-01  1.6784206999e+00 -3.3154810844e-02  7.5654136936e-03  2.4044976503e+00 -8.5970110934e-01 -8.2363552792e-01  2.3269477455e+00  8.8579507130e-01  8.0530795404e-01 -2.0962413801e-02 -2.0093110749e+00  9.5304109308e-01 -2.5474840720e+00 -1.9428605078e+00  9.9566899678e-01 -3.7831365905e+00  4.6222261665e-02  2.9508661093e-02 -2.4923280051e+00  1.9914125672e+00 -9.5249102671e-01  3.5430236078e-02  1.9534421093e+00 -9.8046459317e-01  3.4568770038e+00 -9.2552259609e-01 -7.9615987110e-01  1.8912443851e+00 -1.5383662627e+00 -1.4435570029e+00  3.3766747417e+00  9.8016793732e-01  8.4161892002e-01  1.7589068544e+00  1.4994898016e+00  1.4444143444e+00
ENERGY -3.765359777398e+02
GRADIENT  5.3008633200e-04 -2.7789354310e-03 -9.3722253740e-03 -1.7522693300e-04  1.8103842610e-03  4.5183264380e-03  2.8659955100e-04  8.4919066000e-05 -5.4744210000e-05 -3.0312906700e-04 -1.1085140000e-05  4.3528192000e-05  3.7519074600e-04 -2.3509119400e-04  7.3298806000e-05  2.3322294600e-04  1.0820931240e-03  4.9875536200e-04 -7.3344726400e-04 -3.9288743480e-03  8.2910906020e-03 -5.9102339900e-04  3.0791079340e-03 -4.0472901530e-03  2.7090878200e-04  1.2655686150e-03 -3.0868372000e-05  3.4760521000e-05 -8.2301656000e-05 -8.4713928000e-05  1.2961067000e-05  2.6139988000e-05  2.7646648000e-05 -3.5439884000e-05 -8.6169400000e-06 -8.3697180000e-06  3.3535423000e-05 -5.2037200000e-06  2.7505020000e-05  5.2277817000e-05 -3.7790227000e-05 -1.8387733600e-04 -1.7230126000e-04 -9.6608852000e-05  1.3469030900e-04  1.2866145200e-04 -8.8353929000e-05 -2.9326210000e-05 -7.2583514000e-05  5.0389172000e-05  5.5669255000e-05  1.2949241400e-04 -1.2616704900e-04  1.3054690100e-04

JOB 5
COORDS  1.5629998610e-01 -3.4854808534e-02 -3.0883769706e-02 -5.6199969631e-01 -1.1281619636e+00  5.4670565441e-01 -1.9821390617e+00 -1.0959512747e+00  5.6019955006e-01 -2.6779407464e+00  1.7605539055e-02  7.0423678805e-03 -1.9572377328e+00  1.1114099592e+00 -5.5427760517e-01 -5.3699133003e-01  1.0993847262e+00 -5.6066357971e-01  1.6821377862e+00 -2.6487037404e-02  6.5529572237e-03  2.4001246630e+00 -8.4468385528e-01 -8.3799117054e-01  2.3392978303e+00  8.6618472757e-01  8.2394373926e-01 -1.8676730397e-02 -1.9896599042e+00  9.8075202991e-01 -2.5443523087e+00 -1.9386857143e+00  1.0075477212e+00 -3.7857345014e+00  3.5181003639e-02  1.6961845941e-02 -2.5001297291e+00  1.9767514127e+00 -9.8199050434e-01  2.7052510694e-02  1.9479353318e+00 -9.9367288535e-01  3.4526774284e+00 -9.1560697587e-01 -8.2423880793e-01  1.8780384959e+00 -1.5083045217e+00 -1.4667506373e+00  3.3900763759e+00  9.4692452277e-01  8.6529323116e-01  1.7760860382e+00  1.4804979124e+00  1.4668323490e+00
ENERGY -3.765360289685e+02
GRADIENT  6.5959116500e-04 -1.6147511170e-03 -5.4865366330e-03 -1.3683271200e-04  3.0100300740e-03  2.9146928250e-03 -1.9773716600e-04 -5.9702880300e-04  1.5953031400e-04  2.7747436300e-04  5.6588861000e-05  5.3168321000e-05 -4.4486990400e-04  8.7645742300e-04 -4.9307329400e-04 -3.2557235700e-04 -1.1795232860e-03  4.9544204700e-04  5.0717068100e-04 -3.6462712280e-03  5.6025599660e-03  2.8204665000e-04  3.8467709050e-03 -2.5081594430e-03 -4.3026308300e-04  4.0661530000e-06 -6.5428934200e-04 -2.8186813000e-05  7.1171797000e-05 -1.4498751900e-04 -3.9900271000e-05 -3.4597679000e-05  2.2970651000e-05  3.9678185000e-05  1.9702108000e-05 -1.3501472000e-05 -1.0863001100e-04  3.3238321000e-05 -1.4659590000e-06 -5.4716629000e-05 -1.4875752700e-04  3.6508257000e-05  4.4232687000e-05 -4.9473298500e-04 -2.1586033700e-04  1.6316305000e-05  3.0107051000e-05  9.4616722000e-05 -5.1282051000e-05 -2.1467983200e-04  2.1421090000e-04  1.1854925000e-05 -6.4762290000e-06 -7.8874808000e-05

JOB 6
COORDS  1.5325491781e-01 -3.3439216850e-02 -3.1673798562e-02 -5.6185960262e-01 -1.1287792315e+00  5.4780132396e-01 -1.9818135110e+00 -1.0947149197e+00  5.6134147606e-01 -2.6785228468e+00  1.7379651147e-02  7.2521530803e-03 -1.9554185628e+00  1.1093683341e+00 -5.5403834132e-01 -5.3535259549e-01  1.1031224234e+00 -5.6327160783e-01  1.6789491995e+00 -2.7458906913e-02  4.6340010256e-03  2.3983951227e+00 -8.4518953538e-01 -8.3929692659e-01  2.3377928257e+00  8.6152850287e-01  8.2511869724e-01 -1.7820689009e-02 -1.9891957865e+00  9.8344237782e-01 -2.5440599597e+00 -1.9368113059e+00  1.0096934245e+00 -3.7863414142e+00  3.5482935558e-02  1.7029760857e-02 -2.4991365879e+00  1.9738227508e+00 -9.8227691773e-01  2.8279349765e-02  1.9520860557e+00 -9.9642726775e-01  3.4513716902e+00 -9.0758406817e-01 -8.1929469154e-01  1.8812746266e+00 -1.5099727354e+00 -1.4710603133e+00  3.3886759722e+00  9.4382237760e-01  8.6276034140e-01  1.7757193602e+00  1.4743695479e+00  1.4705417797e+00
ENERGY -3.765360335730e+02
GRADIENT -1.0861417490e-03 -1.1423701900e-03 -5.4773037910e-03  3.3589136700e-04  1.3963879650e-03  3.5342446140e-03  2.9250748300e-04  4.2674756200e-04 -2.9250704500e-04 -8.2866180400e-04  4.4161838000e-05  1.6201161000e-05  6.5185421200e-04 -1.0128469810e-03  4.6395413800e-04  6.5407119300e-04  1.0112630100e-03 -6.0881739800e-04  2.4546896600e-04 -3.5244152940e-03  5.3245248560e-03 -3.4548940000e-06  3.0994054300e-03 -3.0402632190e-03 -3.0911873300e-04 -5.6298732000e-05 -4.7494837400e-04 -2.3676088000e-05 -9.6639828000e-05  3.3069041000e-05  2.7376664000e-05  4.3808139000e-05 -2.2285980000e-05 -6.7762869000e-05 -4.4860651000e-05  2.6107736000e-05  7.3756185000e-05 -7.4743692000e-05  3.2005997000e-05  6.3213228000e-05  1.0512126100e-04 -4.1619677000e-05  9.2265961000e-05  1.2806878800e-04  3.5755577500e-04 -6.9333838000e-05 -9.1817080000e-05  3.3545523000e-05  2.8856889000e-05 -1.7604921500e-04  9.3206413000e-05 -5.4720064000e-05 -2.0765853000e-05  4.1945094000e-05

JOB 7
COORDS  1.5424215485e-01 -3.5930716315e-02 -3.3877288130e-02 -5.6224081965e-01 -1.1310807889e+00  5.4524250861e-01 -1.9821009172e+00 -1.0962384374e+00  5.5973720709e-01 -2.6766344171e+00  1.7662714635e-02  6.5232997737e-03 -1.9563572198e+00  1.1119142992e+00 -5.5382486838e-01 -5.3639170373e-01  1.1015948624e+00 -5.6143718469e-01  1.6794104059e+00 -2.7687041529e-02  6.8068801284e-03  2.3972152897e+00 -8.4824311204e-01 -8.3629483642e-01  2.3385504620e+00  8.6448160899e-01  8.2466675726e-01 -1.8481384022e-02 -1.9917512268e+00  9.8073321193e-01 -2.5452745955e+00 -1.9379880085e+00  1.0076373898e+00 -3.7844052661e+00  3.5933063112e-02  1.6937242177e-02 -2.4996756312e+00  1.9775848108e+00 -9.8027157849e-01  2.7997665297e-02  1.9510247547e+00 -9.9259361421e-01  3.4501333328e+00 -9.1089676116e-01 -8.2008525530e-01  1.8783774642e+00 -1.5132936810e+00 -1.4663218966e+00  3.3892065345e+00  9.5123097539e-01  8.5840817691e-01  1.7765878982e+00  1.4774132945e+00  1.4700756306e+00
ENERGY -3.765360450100e+02
GRADIENT  1.1045175000e-04 -1.4321899450e-03 -6.4090830940e-03 -5.0776038000e-05  1.6032143250e-03  3.4769088490e-03 -1.7657753000e-04 -1.7520458000e-05  4.8956493000e-05  5.8824105300e-04 -5.5591423000e-05  3.7364150000e-06 -2.1647505000e-04  2.9751498100e-04 -1.2635976800e-04 -1.7053288400e-04  4.8022170000e-06  7.6957320000e-06 -6.6053050000e-06 -3.5031389300e-03  5.8634941560e-03 -2.0736850200e-04  2.8389631190e-03 -3.2542736250e-03  1.1801876500e-04  3.4427083800e-04 -4.5848539000e-05 -2.3093899000e-05 -4.2291318000e-05  3.1092473000e-05  3.4417250000e-05 -2.1599480000e-05  1.9987561000e-05  4.3095374000e-05  1.3262100000e-05 -1.2970515000e-05  4.4127500000e-06  3.9675861000e-05 -1.9830347000e-05 -4.2494116000e-05  2.3647870000e-05 -1.7572152000e-05 -2.1918417000e-05  1.0132771100e-04  2.1461768500e-04  2.6705980000e-06 -1.1959966400e-04  3.2837157000e-05  3.1166772000e-05 -2.2982620000e-06  8.7963728000e-05  4.0776290000e-06 -6.0757841000e-05  9.5192380000e-05

JOB 8
COORDS  1.5555668639e-01 -3.5640467759e-02 -3.3358069407e-02 -5.6340134572e-01 -1.1293357606e+00  5.4496685822e-01 -1.9833878742e+00 -1.0957094300e+00  5.5915332234e-01 -2.6799657140e+00  1.7073351666e-02  6.0875702542e-03 -1.9565613280e+00  1.1098773123e+00 -5.5326163986e-01 -5.3640699436e-01  1.1007944615e+00 -5.6080542742e-01  1.6806503693e+00 -2.7664744366e-02  8.1247886363e-03  2.3983452301e+00 -8.4874049476e-01 -8.3457138946e-01  2.3398988402e+00  8.6402394891e-01  8.2622737528e-01 -2.0051526797e-02 -1.9899958517e+00  9.8084747258e-01 -2.5456790962e+00 -1.9380743665e+00  1.0070068413e+00 -3.7877810494e+00  3.5497704426e-02  1.5842520934e-02 -2.4991470950e+00  1.9757495101e+00 -9.8015922070e-01  2.7322947998e-02  1.9506534180e+00 -9.9191556544e-01  3.4511204357e+00 -9.1477390183e-01 -8.2432093975e-01  1.8766680681e+00 -1.5104465133e+00 -1.4656543365e+00  3.3905384816e+00  9.5098381674e-01  8.5860960545e-01  1.7782544806e+00  1.4790428478e+00  1.4698693765e+00
ENERGY -3.765360438719e+02
GRADIENT  7.5077397700e-04 -1.4409681540e-03 -6.4142197420e-03 -3.2810518900e-04  2.1835471200e-03  3.2101702660e-03  7.5764340000e-05  9.2924897000e-05 -1.6054281000e-05 -5.9908385700e-04 -1.4771490000e-06 -1.5341400000e-06  2.2573406900e-04 -3.0436573100e-04  1.6387586100e-04 -1.1396189500e-04 -1.1739203400e-04  6.6609715000e-05 -3.7097783700e-04 -3.5408866690e-03  5.7911726070e-03  2.9729741200e-04  3.2653877060e-03 -2.6955849490e-03  1.0227071600e-04  2.6258959000e-04 -4.3534119000e-05  2.1235997000e-05  5.7911492000e-05 -2.3429514000e-05 -5.1026187000e-05  4.0695063000e-05 -1.5882608000e-05 -4.3437778000e-05 -1.7905349000e-05  6.2701580000e-06 -2.5405617000e-05 -4.8568752000e-05  2.2833083000e-05  5.8671288000e-05 -4.8195725000e-05  2.3838739000e-05 -3.2757139000e-05 -2.9444072800e-04 -2.3411192600e-04  2.9023831000e-05 -1.4645950000e-05  7.5296468000e-05  6.6896700000e-06 -2.0326021000e-05  4.5612464000e-05  1.8108650000e-05 -4.3050904000e-05  3.5293868000e-05

JOB 9
COORDS  1.5402872215e-01 -3.5462819550e-02 -3.2236893118e-02 -5.6315038855e-01 -1.1298854139e+00  5.4669947751e-01 -1.9830510846e+00 -1.0957566738e+00  5.6025530487e-01 -2.6782848729e+00  1.7463662610e-02  6.2034175056e-03 -1.9564810128e+00  1.1107585328e+00 -5.5427103397e-01 -5.3637662363e-01  1.1010783253e+00 -5.6146010281e-01  1.6791917051e+00 -2.8250260147e-02  7.4694047285e-03  2.3974101331e+00 -8.4826649407e-01 -8.3559574066e-01  2.3386017223e+00  8.6152956373e-01  8.2711475598e-01 -1.9478263238e-02 -1.9902681434e+00  9.8276225460e-01 -2.5459653667e+00 -1.9377017076e+00  1.0081316583e+00 -3.7860812828e+00  3.5755867648e-02  1.5860387477e-02 -2.4993571823e+00  1.9761378568e+00 -9.8183165321e-01  2.7999304649e-02  1.9502565750e+00 -9.9308086288e-01  3.4503607082e+00 -9.1150131870e-01 -8.2336483050e-01  1.8774083369e+00 -1.5091497274e+00 -1.4689445712e+00  3.3892763348e+00  9.4804484530e-01  8.5927247428e-01  1.7771324466e+00  1.4770995915e+00  1.4703905645e+00
ENERGY -3.765360489030e+02
GRADIENT  1.0455616600e-04 -1.3207167250e-03 -6.1018721160e-03 -4.7439201000e-05  1.8633590350e-03  3.3410563630e-03  4.5940610000e-06 -3.1733115000e-05  1.0228211000e-05  1.0690713000e-05 -1.9031550000e-06  3.7446650000e-06 -8.0208130000e-06  3.1115392000e-05 -1.7120138000e-05  3.4745839000e-05 -2.7708741000e-05 -2.0505200000e-05 -2.1670869900e-04 -3.5074736820e-03  5.6541946750e-03  1.7937610500e-04  3.1358010930e-03 -2.7637528640e-03 -6.1997195000e-05  8.6747443000e-05 -1.3957151600e-04 -3.6380000000e-06  4.0680530000e-06  6.2711540000e-06  8.9657100000e-06 -8.5070220000e-06  1.7660270000e-06  3.4349190000e-06  5.5560700000e-07  8.5177000000e-07  5.5035350000e-06  2.1364000000e-06 -5.6530870000e-06  3.3476400000e-06  1.9826450000e-06  7.2878200000e-06  1.3643466000e-05 -1.1134933000e-04 -3.8490436000e-05 -3.8024920000e-06 -1.4833370000e-05  3.4151599000e-05 -2.8075310000e-06 -7.2957234000e-05  1.0484672000e-05 -2.3384900000e-06 -1.6023697000e-05  1.4574719000e-05

JOB 10
COORDS  1.5393875040e-01 -3.5850300198e-02 -3.2587691201e-02 -5.6375914390e-01 -1.1299351380e+00  5.4654538881e-01 -1.9836585605e+00 -1.0954339779e+00  5.6034289098e-01 -2.6789283447e+00  1.7725953271e-02  6.3250430363e-03 -1.9568313884e+00  1.1107117219e+00 -5.5423785629e-01 -5.3672866103e-01  1.1006933906e+00 -5.6159800518e-01  1.6791594342e+00 -2.8740218677e-02  7.2718457220e-03  2.3968925773e+00 -8.4927118701e-01 -8.3568852624e-01  2.3389460801e+00  8.6013597442e-01  8.2773254797e-01 -2.0315210913e-02 -1.9904195866e+00  9.8270839816e-01 -2.5466673076e+00 -1.9371878899e+00  1.0084488631e+00 -3.7867204721e+00  3.6236849902e-02  1.6156209582e-02 -2.4995278822e+00  1.9762279795e+00 -9.8174700820e-01  2.7600197227e-02  1.9498518463e+00 -9.9332164060e-01  3.4499464447e+00 -9.1010404110e-01 -8.2219302294e-01  1.8778868944e+00 -1.5097812726e+00 -1.4702574530e+00  3.3895187740e+00  9.4815479542e-01  8.5955396106e-01  1.7772188637e+00  1.4759305641e+00  1.4705707032e+00
ENERGY -3.765360491734e+02
GRADIENT  2.7408981500e-04 -1.3845420590e-03 -6.1831198740e-03 -1.3086197500e-04  1.8675462100e-03  3.3327013820e-03  7.8652840000e-06  2.1932750000e-05 -2.5022070000e-06 -3.0067713000e-05 -2.4002590000e-06 -1.9013250000e-06 -7.8332290000e-06 -1.4633000000e-06  7.5624860000e-06 -5.1229948000e-05 -6.1362737000e-05  2.8954000000e-06 -1.9504980000e-05 -3.3604646420e-03  5.6953840520e-03 -8.7263601000e-05  2.8344452610e-03 -2.9829388870e-03  6.6477468000e-05  3.9631419000e-05 -1.0016308300e-04  4.0481180000e-06  8.0975990000e-06  4.7596890000e-06 -2.1123820000e-06  4.3072110000e-06 -1.5861850000e-06 -1.6109070000e-06  1.0466070000e-06 -1.1444050000e-06 -5.3996310000e-06 -3.8924630000e-06 -1.0731570000e-06  3.3372750000e-06 -4.3702290000e-06  8.7355510000e-06  2.5725070000e-06  9.4169949000e-05  1.4883989500e-04 -2.2489750000e-06 -3.8220060000e-05 -2.5069100000e-06 -3.5020540000e-06  1.8381354000e-05  5.8740066000e-05  5.5003770000e-06 -1.9929990000e-05  1.5109265000e-05

