JOB 0
COORDS  1.5468590000e-01 -3.9090000000e-03 -7.2895000000e-03 -5.8416310000e-01 -5.3394810000e-01 -1.1236981000e+00 -2.0007353000e+00 -5.2736390000e-01 -1.1101948000e+00 -2.7053679000e+00  4.6616000000e-03  9.7199000000e-03 -1.9843916000e+00  5.3242630000e-01  1.1212082000e+00 -5.6774460000e-01  5.3058080000e-01  1.1177248000e+00  1.6642591000e+00 -8.0686000000e-03 -1.6367500000e-02  2.3924048000e+00  4.9666300000e-01  1.0467312000e+00  2.3766485000e+00 -5.1812020000e-01 -1.0875111000e+00 -6.8144600000e-02 -9.5448520000e-01 -2.0082421000e+00 -2.5580508000e+00 -9.3785560000e-01 -1.9746248000e+00 -3.8140358000e+00  7.9558000000e-03  1.6281400000e-02 -2.5289279000e+00  9.4617580000e-01  1.9922063000e+00 -3.8743900000e-02  9.4779530000e-01  1.9961460000e+00  3.4439441000e+00  4.9921750000e-01  1.0526321000e+00  1.9045749000e+00  8.9352980000e-01  1.8860461000e+00  3.4280178000e+00 -5.2171080000e-01 -1.1066453000e+00  1.8771782000e+00 -9.0854840000e-01 -1.9230005000e+00
ENERGY -3.765408624150e+02
GRADIENT  1.3275439000e-05 -3.6938575000e-05 -1.4398717000e-05  2.2790783000e-05  2.6482597000e-05 -3.2450160000e-06  1.3400030000e-05  6.6735840000e-06  2.4341494000e-05 -4.0401069000e-05  2.2802120000e-06 -4.7978000000e-08 -4.7783820000e-06  1.0840470000e-06  3.8966460000e-06  1.3238231000e-05 -9.9408260000e-06 -2.5307373000e-05 -1.0478413400e-04  5.2553187000e-05 -1.0673024000e-05  9.8678328000e-05 -4.9933826000e-05 -9.3249511000e-05 -3.8321555000e-05 -1.2403742600e-04  3.5081322000e-05  1.0859853000e-05 -4.9012880000e-06  2.0924520000e-06 -5.1989900000e-07  2.3481340000e-06  1.8305460000e-06 -3.3124290000e-06  1.1975020000e-06  2.1074780000e-06 -3.8755280000e-06 -1.6053090000e-06 -7.1113300000e-07  6.2396540000e-06 -3.4973780000e-06 -5.5327930000e-06  1.1940052000e-05  5.8802600000e-05  1.0551298700e-04 -2.3391360000e-06  1.3136400000e-07  7.7769500000e-07  2.4102090000e-06  4.9967219000e-05  7.8838940000e-06 -1.0326537000e-05  2.9316540000e-05 -3.0366421000e-05

JOB 1
COORDS  1.5488716707e-01 -3.2609607396e-02  6.4762409876e-03 -5.8367895972e-01 -5.1863882720e-01 -1.1300504954e+00 -2.0001484410e+00 -4.9830482006e-01 -1.1235219751e+00 -2.7047987917e+00  1.1493642198e-02  6.6321486650e-03 -1.9842788164e+00  5.0656526883e-01  1.1333352690e+00 -5.6774133397e-01  4.9061831142e-01  1.1367055463e+00  1.6645040709e+00 -2.9538110250e-02 -5.5632648014e-03  2.3910619171e+00  5.4466342829e-01  1.0226965633e+00  2.3775589262e+00 -5.6094997939e-01 -1.0658471134e+00 -6.7363350889e-02 -9.1691040921e-01 -2.0246579040e+00 -2.5570995563e+00 -8.7895095525e-01 -2.0017395144e+00 -3.8133893424e+00  2.6159027107e-02  7.8800719309e-03 -2.5290685837e+00  9.0741022255e-01  2.0101889796e+00 -3.9073831421e-02  8.8659780412e-01  2.0251044458e+00  3.4423577727e+00  5.6637178455e-01  1.0160644351e+00  1.9036901363e+00  9.7606926561e-01  1.8450619154e+00  3.4285971515e+00 -5.4592079709e-01 -1.0948424827e+00  1.8784065959e+00 -9.8912578796e-01 -1.8827991466e+00
ENERGY -3.765407875535e+02
GRADIENT  1.2763427300e-04 -1.5999794100e-03  6.7546768500e-04 -8.8434768000e-05  1.3924723030e-03 -4.5801580500e-04 -2.9731617000e-05 -4.8263670000e-05 -1.1288533900e-04  8.4833437000e-05  1.2686751000e-05  1.3821873000e-05 -1.2182943000e-05 -3.2541074000e-05  3.4513364000e-05 -3.8180850000e-05  3.4817347200e-04 -2.0142462100e-04  2.0294655200e-04 -2.8385604160e-03  1.4936538630e-03 -2.0614164400e-04  9.8322437600e-04 -3.5780682900e-04  5.0775745000e-05  6.3203500100e-04 -3.0517767900e-04 -5.8293440000e-05 -1.1951481000e-04  4.4700568000e-05 -1.0226843000e-05 -9.9092468000e-05  3.7303264000e-05  3.9195070000e-06  1.7319022000e-05 -1.4541417000e-05  1.8613710000e-06 -6.4598130000e-06  7.2022010000e-06 -5.3486330000e-05  5.7291784500e-04 -2.4450044500e-04 -3.0519457000e-05  1.8262336000e-04 -3.1035358500e-04  2.9676862000e-05  3.9008350000e-05 -1.2097850000e-05 -1.1949271000e-05 -3.5557531000e-05 -1.2454904000e-05  2.7881209000e-05  5.9337305100e-04 -2.7581882700e-04

JOB 2
COORDS  1.5481203571e-01 -3.8728637515e-02  8.9297519470e-03 -5.8275569229e-01 -4.9905397225e-01 -1.1388944129e+00 -1.9991617502e+00 -4.7405481485e-01 -1.1336199453e+00 -2.7040906370e+00  1.4075491949e-02  5.8909686003e-03 -1.9839199885e+00  4.8390178757e-01  1.1435816002e+00 -5.6744271759e-01  4.6446944496e-01  1.1484473289e+00  1.6643860609e+00 -3.0338961263e-02 -4.7759111102e-03  2.3897019457e+00  5.8527584828e-01  1.0001384041e+00  2.3781896058e+00 -5.9599971609e-01 -1.0466721164e+00 -6.5978167549e-02 -8.7720392046e-01 -2.0419413271e+00 -2.5560176818e+00 -8.3302470186e-01 -2.0209705401e+00 -3.8126383404e+00  3.1763873815e-02  5.8683006730e-03 -2.5289331797e+00  8.6734240187e-01  2.0280437224e+00 -3.8667620516e-02  8.3625713178e-01  2.0472010441e+00  3.4409944047e+00  6.0740105132e-01  9.9381806225e-01  1.9012322446e+00  1.0451297598e+00  1.8062819976e+00  3.4290212228e+00 -5.7540213112e-01 -1.0796598963e+00  1.8797619055e+00 -1.0660640094e+00 -1.8407340009e+00
ENERGY -3.765408673382e+02
GRADIENT -1.6661097000e-05 -2.1176143860e-03  7.2288069500e-04 -4.5990456000e-05  1.5518881270e-03 -6.4255957200e-04  7.4268528000e-05  3.4917110000e-05 -4.9826260000e-05  3.4400675000e-05 -2.3052702000e-05  2.9416450000e-05  3.5202534000e-05  3.5250680000e-06  8.4675880000e-06 -2.5579157000e-05  4.8943793900e-04 -1.9444475700e-04  6.9667329000e-05 -2.5793830480e-03  1.6170804080e-03 -8.2462848000e-05  1.0465737030e-03 -4.9011593400e-04  1.5762434700e-04  6.9217083900e-04 -2.9549271300e-04 -1.5188539800e-04 -3.3923695600e-04  6.9622343000e-05  4.6136630000e-06 -6.7930786000e-05  2.8342460000e-05 -3.6020190000e-06  4.1163630000e-06 -2.0863000000e-08  1.1062570000e-05  1.6282977000e-05 -2.2481030000e-06 -1.6498912200e-04  6.6342510000e-04 -2.1387377300e-04 -5.9994246000e-05  2.4736283900e-04 -3.5277741700e-04  1.1261147300e-04 -2.0874987800e-04  7.5307759000e-05 -2.8282714000e-05 -9.7107844000e-05  1.3120020000e-06  8.3456381000e-05  6.8004341000e-04 -3.1215246100e-04

JOB 3
COORDS  1.5501599502e-01 -4.3092841314e-02  9.2981646807e-03 -5.8178363701e-01 -4.6455454142e-01 -1.1535288324e+00 -1.9982245364e+00 -4.3553643453e-01 -1.1484334573e+00 -2.7024869569e+00  1.6834343985e-02  6.2143396858e-03 -1.9822470876e+00  4.4695016222e-01  1.1595626549e+00 -5.6572409275e-01  4.2503478676e-01  1.1642633585e+00  1.6641266439e+00 -3.0354110288e-02 -6.0442363576e-03  2.3849339908e+00  6.4692304727e-01  9.6189978454e-01  2.3790328575e+00 -6.5303762329e-01 -1.0140553554e+00 -6.3824920896e-02 -8.0730812485e-01 -2.0699513381e+00 -2.5554738855e+00 -7.6102306940e-01 -2.0483667676e+00 -3.8109784833e+00  3.7416676063e-02  6.0078012497e-03 -2.5271868677e+00  7.9998770653e-01  2.0566415827e+00 -3.5347273240e-02  7.5596970756e-01  2.0779788837e+00  3.4363373535e+00  6.6749962701e-01  9.6662094244e-01  1.8898456826e+00  1.1568764634e+00  1.7332666327e+00  3.4295234670e+00 -6.2450933383e-01 -1.0527733271e+00  1.8822961735e+00 -1.1876957329e+00 -1.7674616470e+00
ENERGY -3.765411436578e+02
GRADIENT  1.0141911100e-04 -2.4782134670e-03  7.0373093300e-04 -8.8563973000e-05  1.6897150580e-03 -3.8725992200e-04  1.0370626500e-04 -2.6164106000e-05 -1.7927249500e-04  5.1417254000e-05 -2.9380830000e-05  5.2072321000e-05  2.6453416000e-05  5.1561849000e-05  9.8613219000e-05  2.6361810000e-05  6.9186335700e-04 -4.3863074600e-04 -3.4185112900e-04 -2.2156893770e-03  1.5956233210e-03  2.5370990300e-04  9.1932112000e-04 -8.3164681500e-04  2.4366076900e-04  5.9072783300e-04 -4.4544672400e-04 -3.8761694100e-04 -5.2689753800e-04  3.2686999000e-05  7.1415200000e-06 -2.9204262000e-05  6.5635730000e-06 -4.8264250000e-06  9.9553800000e-07 -7.0041900000e-07  1.7796978000e-05  2.9783152000e-05 -6.8210800000e-07 -3.3667253800e-04  6.5341927100e-04 -1.3134844000e-04 -9.6934053000e-05  5.0610432100e-04 -1.5948016000e-05  2.8556072600e-04 -4.7427825200e-04  2.0093825900e-04 -7.1415054000e-05 -7.8338570000e-05  1.1368565600e-04  2.2524417400e-04  7.3051003000e-04 -3.7562255800e-04

JOB 4
COORDS  1.5376742978e-01 -1.5015424179e-02 -2.4550608408e-03 -5.7945930210e-01 -4.3913581803e-01 -1.1659742578e+00 -1.9962181382e+00 -4.2259572737e-01 -1.1549900997e+00 -2.6999449856e+00  1.0233192310e-02  7.5785019467e-03 -1.9805435603e+00  4.3000124587e-01  1.1654550503e+00 -5.6376589088e-01  4.2292806095e-01  1.1657504263e+00  1.6621075026e+00 -8.5067960728e-03 -1.6423143781e-02  2.3839434692e+00  6.7012368529e-01  9.4942265214e-01  2.3728628367e+00 -6.7571251346e-01 -9.9830833708e-01 -5.7897754576e-02 -7.6176302359e-01 -2.0877322775e+00 -2.5542166828e+00 -7.4222284385e-01 -2.0565572733e+00 -3.8085696018e+00  1.9873410357e-02  1.1512706494e-02 -2.5265094102e+00  7.6001109300e-01  2.0706397065e+00 -3.0242391631e-02  7.3064241554e-01  2.0858723025e+00  3.4354341487e+00  6.5933725555e-01  9.6924986156e-01  1.8903780985e+00  1.2124008509e+00  1.6998232489e+00  3.4237412354e+00 -6.6224597908e-01 -1.0375060806e+00  1.8701876241e+00 -1.2430839890e+00 -1.7237150571e+00
ENERGY -3.765414560932e+02
GRADIENT -8.5302316400e-04 -8.3943992500e-04  4.7448113700e-04  6.0745706400e-04  8.0117011000e-05 -4.9965478600e-04  5.7969844000e-05  7.2365336000e-05  1.2352092800e-04  2.4302234000e-05 -1.7731344000e-05 -1.0993080000e-05  8.2772425000e-05  1.2459573000e-05 -7.1284126000e-05  4.4872247900e-04  6.6710877700e-04  1.2095245300e-04 -2.4329442100e-04  2.7982175600e-04 -4.7023483300e-04 -2.4181538000e-04  4.7458280900e-04  1.5496709300e-04  2.0181330900e-04  1.7587531400e-04  1.5572052000e-04 -1.9891988500e-04 -5.7913412300e-04  2.8714571000e-05  7.6675930000e-05  6.3074753000e-05 -4.1044922000e-05 -1.4090320000e-06 -2.3509210000e-05  8.8439240000e-06  6.6555892000e-05  3.7756843000e-05 -4.6303000000e-08 -2.0204419700e-04  1.8084649700e-04  1.4339263900e-04 -2.7298465000e-05 -6.9802872000e-05 -2.9152099800e-04  1.4433391000e-04 -6.0532732300e-04  4.9267386800e-04 -4.8667338000e-05 -1.9075572600e-04 -7.9577814000e-05  1.1561057900e-04  2.8514086000e-04 -2.3923312200e-04

JOB 5
COORDS  1.5902069168e-01  2.7912454977e-02 -2.1691844735e-02 -5.8312494028e-01 -3.9590331858e-01 -1.1790448485e+00 -2.0002945246e+00 -4.0448350057e-01 -1.1625394246e+00 -2.7034114684e+00 -2.9423159662e-03  1.1512687605e-02 -1.9810371904e+00  4.0406176452e-01  1.1720422007e+00 -5.6396899446e-01  4.1978360981e-01  1.1586777053e+00  1.6672461777e+00  1.3764957222e-02 -2.9649642974e-02  2.3920199400e+00  6.9278606077e-01  9.3327598057e-01  2.3690067956e+00 -7.1190617490e-01 -9.7539433317e-01 -6.0586316989e-02 -6.8131289646e-01 -2.1123131123e+00 -2.5584484916e+00 -7.1826734991e-01 -2.0661455966e+00 -3.8119734508e+00 -1.1711454652e-02  2.3688630091e-02 -2.5246056383e+00  7.0050450065e-01  2.0902700513e+00 -2.6102370045e-02  6.9910981860e-01  2.0851197274e+00  3.4411080576e+00  6.4686924728e-01  9.9446256497e-01  1.8959911316e+00  1.2994969034e+00  1.6311872906e+00  3.4203725662e+00 -7.1632910961e-01 -1.0076491009e+00  1.8589703477e+00 -1.3179537855e+00 -1.6637957234e+00
ENERGY -3.765415495748e+02
GRADIENT  2.8543721240e-03  1.8977281070e-03 -1.7272149600e-04 -1.2820728360e-03 -9.6671929400e-04  3.1421240760e-03 -6.6478492900e-04 -4.3048038800e-04 -8.0880975400e-04  6.2615803000e-05  8.2162120000e-05 -1.1033534600e-04 -3.6761631500e-04  1.7333271100e-04  7.4906100000e-04 -1.3670182120e-03 -5.3986964100e-04 -2.4723516940e-03  3.9338685300e-04  2.4511893170e-03 -1.7886522790e-03  9.9525273800e-04 -1.5276214970e-03 -4.5066714700e-04 -1.1739973500e-04 -4.7600563300e-04  2.7286920900e-04 -1.9901060800e-04  2.9626383000e-05  3.3552770500e-04 -2.0708362300e-04  6.5920839000e-05 -8.4289250000e-06  1.1503592000e-05  1.9083220000e-06 -2.0168867000e-05 -1.9394884900e-04 -2.9671054000e-05 -1.7848685000e-05 -8.8289580000e-05 -5.1441824500e-04 -1.4147739200e-04 -2.2286096000e-05  2.1655397700e-04  9.9080629500e-04  5.9679736000e-05 -5.7099303200e-04  1.6975544500e-04 -2.3287500000e-07  1.8925455600e-04  2.2294657800e-04  1.2322844400e-04 -5.5231561000e-05  1.0705374600e-04

JOB 6
COORDS  1.5274966880e-01  3.4404205289e-02 -2.3944642975e-02 -5.7608459119e-01 -3.9142057900e-01 -1.1892684265e+00 -1.9926424999e+00 -4.0304365798e-01 -1.1643762952e+00 -2.6943882140e+00 -7.3790309010e-03  1.2800109439e-02 -1.9747722964e+00  4.0095932756e-01  1.1746849335e+00 -5.5813827807e-01  4.2372674074e-01  1.1649969986e+00  1.6594954604e+00  1.2555499743e-02 -2.7681968445e-02  2.3813901107e+00  6.9162785505e-01  9.3718100030e-01  2.3595601359e+00 -7.1739769949e-01 -9.7150160361e-01 -4.9758780686e-02 -6.6703042006e-01 -2.1237561062e+00 -2.5532474735e+00 -7.1659030131e-01 -2.0664607357e+00 -3.8029050470e+00 -2.0694488626e-02  2.5972131480e-02 -2.5207889090e+00  6.9292068533e-01  2.0928350629e+00 -1.6416960984e-02  7.0391431794e-01  2.0891866211e+00  3.4302672557e+00  6.3784548720e-01  9.9552698621e-01  1.8891851102e+00  1.3199021480e+00  1.6188604956e+00  3.4108681839e+00 -7.2683833953e-01 -1.0059873221e+00  1.8458631516e+00 -1.3239675050e+00 -1.6568793313e+00
ENERGY -3.765416038769e+02
GRADIENT -1.8679988670e-03  2.5746489720e-03 -1.5772657600e-04  1.1397911040e-03 -2.6908362750e-03 -8.9202895900e-04  3.1718426800e-04  1.6309570100e-04  8.6918717700e-04 -1.3426421400e-04  7.2665478000e-05 -9.0140468000e-05  2.9721945400e-04 -3.1139753500e-04 -5.2096697300e-04  8.9741405700e-04  6.3974462400e-04  1.3053358780e-03 -3.7846720000e-05  1.3758145140e-03 -1.6150875790e-03 -5.4469981500e-04 -7.9328264300e-04  6.1218768800e-04 -3.2124680900e-04 -4.2447299800e-04 -6.9531416000e-05  1.0901227600e-04  4.7126175000e-05 -2.1224819700e-04  1.5636665500e-04 -7.3317900000e-06 -2.2396900000e-07 -1.7986837000e-05  4.5479537000e-05  7.2729820000e-06  1.2104420900e-04 -3.6530571000e-05  1.6105643000e-05  1.5181003000e-04 -1.3971030900e-04  2.4752940800e-04 -5.2583768000e-05 -4.3393648500e-04  3.0333189900e-04 -1.7225146500e-04 -1.8817254600e-04  2.4289508400e-04  1.0099584000e-05  1.0166596000e-04  1.5576071000e-05 -5.5400687000e-05  2.1980540000e-06 -6.1121895000e-05

JOB 7
COORDS  1.5385774894e-01  2.4080186579e-02 -1.6737175323e-02 -5.7804580442e-01 -3.9961956487e-01 -1.1809614905e+00 -1.9948017947e+00 -4.0719919726e-01 -1.1640954452e+00 -2.6984575041e+00 -5.4786325030e-03  9.9021605114e-03 -1.9808689757e+00  4.0624593188e-01  1.1718572459e+00 -5.6400510502e-01  4.2222164484e-01  1.1651903839e+00  1.6615489421e+00  8.3119047519e-03 -2.0231527457e-02  2.3895498060e+00  6.8386659596e-01  9.4284592846e-01  2.3623399824e+00 -7.0707349414e-01 -9.7468890228e-01 -5.1247042167e-02 -6.8390318292e-01 -2.1124566500e+00 -2.5527555235e+00 -7.2202951019e-01 -2.0674282981e+00 -3.8070319851e+00 -1.5063262148e-02  1.9888582209e-02 -2.5281674816e+00  7.0693624354e-01  2.0864517107e+00 -2.6444795520e-02  7.1129573654e-01  2.0889086888e+00  3.4398353547e+00  6.3789281397e-01  9.7746520500e-01  1.9050766736e+00  1.3034239571e+00  1.6377857890e+00  3.4134459338e+00 -7.1481792702e-01 -1.0142334598e+00  1.8481116106e+00 -1.3047829350e+00 -1.6673118891e+00
ENERGY -3.765416412043e+02
GRADIENT -2.7755959200e-04  1.6103411090e-03 -6.8400085900e-04  2.0542137000e-05 -1.5688521250e-03  6.5956420900e-04 -2.1374671500e-04 -8.7773114000e-05 -2.7344295700e-04  3.3120455700e-04 -1.5226080000e-05 -2.2127569000e-05 -6.8097723000e-05  4.6046401000e-05  1.2752587500e-04  6.6936620000e-06 -1.7777570000e-06  8.3073194000e-05  1.5803671400e-04  1.0779028670e-03 -7.4321471000e-04  2.4498520000e-06 -3.4147013300e-04  7.8877660400e-04  1.5032623400e-04  2.3616994400e-04  4.9434106400e-04  4.8154974000e-05 -2.7663096000e-05  1.2224173000e-05  2.5301380000e-06 -1.8554483000e-05 -2.8390536000e-05  2.7387972000e-05  9.4207800000e-07 -6.2937570000e-06  2.3217705000e-05  1.6148107000e-05  2.4345878000e-05 -9.5349750000e-05 -3.6312060000e-05  7.2452698000e-05 -3.9007900000e-07 -6.7584908400e-04 -3.7192832800e-04 -5.4504286000e-05 -1.9571916000e-04  1.8515071400e-04  2.7099180000e-06 -1.3671837700e-04 -2.3224898200e-04 -6.8334782000e-05  1.1514418700e-04 -8.3666313000e-05

JOB 8
COORDS  1.5617416682e-01  1.9028199575e-02 -1.9371894944e-02 -5.8036166628e-01 -4.0137046957e-01 -1.1818205520e+00 -1.9971507368e+00 -4.0518029946e-01 -1.1612943703e+00 -2.7003514820e+00 -3.2840296732e-03  1.2944312378e-02 -1.9781593043e+00  4.0664986997e-01  1.1725795573e+00 -5.6117758940e-01  4.1883474858e-01  1.1621594648e+00  1.6638517236e+00  4.1832498205e-03 -2.4549317033e-02  2.3838306542e+00  6.8100291703e-01  9.4400597426e-01  2.3691010513e+00 -7.0812368027e-01 -9.7828437300e-01 -5.7283894103e-02 -6.8693303052e-01 -2.1149591278e+00 -2.5570169319e+00 -7.1799557440e-01 -2.0641195455e+00 -3.8089563109e+00 -1.0697521544e-02  2.4604008219e-02 -2.5222443292e+00  7.0936085439e-01  2.0884145148e+00 -2.1508664359e-02  7.0897917442e-01  2.0842586135e+00  3.4344128111e+00  6.5248323339e-01  9.8697413477e-01  1.8888849765e+00  1.2983046976e+00  1.6334914231e+00  3.4204495409e+00 -7.1107145774e-01 -1.0109143745e+00  1.8606375786e+00 -1.3091322235e+00 -1.6722657659e+00
ENERGY -3.765416511667e+02
GRADIENT  5.9793332100e-04  1.6872784360e-03 -1.5538410300e-04 -2.0868315600e-04 -1.3856845420e-03  7.1785546300e-04  2.4615469600e-04  1.2741170200e-04  2.3285682500e-04 -5.3351116600e-04 -3.3091752000e-05  3.0847856000e-05 -1.0995040000e-06  3.4916576000e-05  1.5222397000e-05 -1.9654163200e-04 -2.5482225500e-04 -4.2842832300e-04  1.8068450700e-04  1.0022748580e-03 -1.2749143610e-03 -1.1857445200e-04 -8.2496623200e-04  5.9474220600e-04  1.3912756900e-04 -3.6950311900e-04 -1.7014535400e-04 -5.2389114000e-05  1.4685047000e-05  2.5199757000e-05 -3.1199782000e-05  1.6529564000e-05  4.3755327000e-05 -3.9915725000e-05 -6.1898300000e-07  2.3594937000e-05 -6.3830339000e-05  5.6826080000e-06 -4.1146938000e-05  7.4193734000e-05  6.8085960000e-05 -1.2086507800e-04 -5.7027061000e-05 -1.6813316000e-05  3.1019843000e-04  1.3350020000e-06 -2.3807829500e-04  1.9233633600e-04 -2.0652131000e-05  8.3528053000e-05  3.0412459000e-05  7.6710457000e-05  8.1291140000e-05 -2.5715878000e-05

JOB 9
COORDS  1.5469188671e-01  2.3995736286e-02 -1.9009924527e-02 -5.7921964556e-01 -3.9638427859e-01 -1.1831461598e+00 -1.9959175457e+00 -4.0352368960e-01 -1.1646719588e+00 -2.6977129756e+00 -5.1956853544e-03  1.1582069886e-02 -1.9781812843e+00  4.0323295547e-01  1.1734561539e+00 -5.6132547566e-01  4.1906528642e-01  1.1649600300e+00  1.6620662146e+00  6.9099975881e-03 -2.3400756136e-02  2.3866881244e+00  6.8156518209e-01  9.4314410840e-01  2.3636192416e+00 -7.1181150738e-01 -9.7477805292e-01 -5.3720669685e-02 -6.7719153813e-01 -2.1163995775e+00 -2.5552662345e+00 -7.1525949364e-01 -2.0682195671e+00 -3.8062718500e+00 -1.4783139254e-02  2.3235006773e-02 -2.5241408061e+00  7.0131705410e-01  2.0896980299e+00 -2.1888757288e-02  7.0576185483e-01  2.0882916752e+00  3.4373789692e+00  6.5173215531e-01  9.8360788858e-01  1.8957802961e+00  1.3117712916e+00  1.6238134078e+00  3.4149757434e+00 -7.1836729141e-01 -1.0076052209e+00  1.8524707297e+00 -1.3174388517e+00 -1.6628524537e+00
ENERGY -3.765416630978e+02
GRADIENT -1.2532485000e-05  1.7322548230e-03 -5.5624416100e-04 -1.6735554200e-04 -1.5829577500e-03  8.6786812400e-04 -1.9391587100e-04 -1.0603666200e-04 -3.6904620100e-04  3.3048174600e-04  2.0597400000e-06  2.7062202000e-05 -5.0559702000e-05  2.3138419000e-05  6.7708710000e-06  1.0495778800e-04 -5.6633292000e-05  1.3453301200e-04 -1.8170595300e-04  1.4509757070e-03 -9.5793880900e-04  3.9774154900e-04 -1.3109361780e-03  3.4580106400e-04 -1.7259954900e-04 -2.5027898500e-04 -4.3985580000e-06 -4.9355097000e-05  2.6256705000e-05 -7.9653270000e-06 -1.8829181000e-05 -7.3363370000e-06 -2.8860586000e-05  2.4718846000e-05 -1.5578083000e-05 -2.3702881000e-05  2.1448711000e-05  7.4687770000e-06  1.6070277000e-05  7.0076000000e-07  1.7560364000e-05 -5.3062130000e-06 -2.3514127000e-05  7.6240689000e-05  4.4054507800e-04  3.4441200000e-07 -2.1581736300e-04  4.3458906000e-05  1.4981600000e-07  1.6620864700e-04  1.1796618600e-04 -1.7348839000e-05  4.1506508000e-05 -4.5483241000e-05

JOB 10
COORDS  1.5440084276e-01  2.7832266349e-02 -1.9344874674e-02 -5.7701749435e-01 -3.9153037718e-01 -1.1852726706e+00 -1.9936972010e+00 -4.0024554879e-01 -1.1648721717e+00 -2.6982243629e+00 -6.5197701067e-03  1.1334985595e-02 -1.9794557951e+00  3.9942108712e-01  1.1744888983e+00 -5.6263638349e-01  4.1775969903e-01  1.1658014846e+00  1.6615353531e+00  8.7157054302e-03 -2.1992721407e-02  2.3868637620e+00  6.8171673027e-01  9.4505795178e-01  2.3618586687e+00 -7.1489853676e-01 -9.7053719317e-01 -5.0361320706e-02 -6.6756889853e-01 -2.1193549481e+00 -2.5524483380e+00 -7.1041002151e-01 -2.0692891542e+00 -3.8067903796e+00 -1.8140984091e-02  2.2124610181e-02 -2.5259602027e+00  6.9306497333e-01  2.0918385485e+00 -2.3386797317e-02  7.0080121956e-01  2.0903606313e+00  3.4379446007e+00  6.4992034497e-01  9.7353443336e-01  1.9024756522e+00  1.3290587218e+00  1.6144520028e+00  3.4131521188e+00 -7.2730857774e-01 -1.0048018264e+00  1.8479840051e+00 -1.3255287124e+00 -1.6521942383e+00
ENERGY -3.765416674506e+02
GRADIENT -2.8614184500e-04  2.0018084570e-03 -5.4692289200e-04  2.9823571500e-04 -1.9826585590e-03  2.1457453700e-04  2.4977320900e-04  1.4634706100e-04  4.7765242900e-04 -2.3351618400e-04  1.0465733000e-05 -2.0085987000e-05  5.5409086000e-05 -2.1968424000e-05 -3.8820781000e-05 -4.2815984000e-05 -5.1146960000e-05  8.3559932000e-05  3.0547209200e-04  1.3661523950e-03 -1.1630499400e-03 -2.9838386000e-04 -1.0363354420e-03  1.0744702790e-03  2.4224665000e-05  6.2420040000e-06  2.4625121400e-04  9.7832122000e-05  5.7860814000e-05 -4.1440305000e-05  3.6672771000e-05  5.3466620000e-06  2.7124398000e-05 -2.0264575000e-05  1.2839294000e-05  2.9928521000e-05 -1.2176959000e-05 -2.1590128000e-05 -4.6012940000e-06 -6.9177841000e-05 -2.9395970000e-05  4.7966141000e-05 -4.0802143000e-05 -4.3021496900e-04 -2.7495342400e-04 -1.5835405000e-05 -6.1932236000e-05  1.8213462000e-05 -6.7545090000e-06 -1.6187063000e-05 -1.1354211300e-04 -4.8175098000e-05  4.4380364000e-05 -1.4804379000e-05

JOB 11
COORDS  1.5480698705e-01  2.3758169000e-02 -1.8166347838e-02 -5.7834866687e-01 -3.9379717434e-01 -1.1837796538e+00 -1.9950705162e+00 -4.0076642230e-01 -1.1655284157e+00 -2.6974411169e+00 -5.1503025576e-03  1.1329814110e-02 -1.9781663741e+00  4.0047581151e-01  1.1743864955e+00 -5.6129869746e-01  4.1653124002e-01  1.1664919349e+00  1.6619884950e+00  6.2225203127e-03 -2.2178387574e-02  2.3851299687e+00  6.7902383086e-01  9.4700479991e-01  2.3638885048e+00 -7.1324104075e-01 -9.7285841858e-01 -5.2121274388e-02 -6.7212770934e-01 -2.1173693404e+00 -2.5541891514e+00 -7.1026164709e-01 -2.0699811305e+00 -3.8060093695e+00 -1.4673736220e-02  2.2524254982e-02 -2.5244609920e+00  6.9622904368e-01  2.0911829784e+00 -2.1646832644e-02  7.0069450450e-01  2.0904817278e+00  3.4365673118e+00  6.5733949862e-01  9.7326889133e-01  1.8977604273e+00  1.3250687651e+00  1.6155770973e+00  3.4152358212e+00 -7.2468828373e-01 -1.0058391981e+00  1.8516313221e+00 -1.3240589533e+00 -1.6555546648e+00
ENERGY -3.765416746626e+02
GRADIENT -5.9348378000e-05  1.8300790810e-03 -3.3561733000e-04 -5.6251952000e-05 -1.6015034130e-03  7.1977441100e-04 -1.4177374000e-04 -8.6062283000e-05 -2.4557087400e-04  2.0585690500e-04  1.0394984000e-05  2.1239435000e-05 -1.2553724000e-05 -1.1429362000e-05 -3.5824573000e-05  1.0917754200e-04 -8.3748440000e-06  1.5352052100e-04  1.8376484400e-04  1.2654800470e-03 -1.2348520880e-03 -3.0751320600e-04 -1.1604808750e-03  1.0931462440e-03  1.0005946700e-04 -6.8869645000e-05  9.6416298000e-05 -2.2013856000e-05  3.3280165000e-05 -6.8664550000e-06 -9.7784610000e-06 -7.7911940000e-06 -1.9453470000e-05  1.5912022000e-05 -8.6979540000e-06 -2.3448334000e-05  2.1991901000e-05 -3.5967470000e-06  1.2604643000e-05  1.2194030000e-05  3.0354807000e-05  1.0159968000e-05 -2.5997689000e-05 -1.9536711700e-04 -1.3302540300e-04 -1.2551295000e-05 -2.8937270000e-05  5.5990902000e-05 -9.9995550000e-06 -3.4816288000e-05 -1.1863463000e-04  1.4911550000e-06  4.6340110000e-05 -7.9748730000e-06

JOB 12
COORDS  1.5490365492e-01  1.9750175734e-02 -1.7335432814e-02 -5.7820721061e-01 -3.9643143680e-01 -1.1834547468e+00 -1.9949636208e+00 -4.0042834376e-01 -1.1643819066e+00 -2.6985558807e+00 -3.5545402238e-03  1.1363381733e-02 -1.9788808106e+00  4.0135110580e-01  1.1744032656e+00 -5.6197040596e-01  4.1462400190e-01  1.1661916776e+00  1.6621917060e+00  4.6826837672e-03 -2.1490765712e-02  2.3872020318e+00  6.7581247489e-01  9.4792204642e-01  2.3641605134e+00 -7.1128073774e-01 -9.7463941507e-01 -5.2596606266e-02 -6.7725852881e-01 -2.1166536941e+00 -2.5541760136e+00 -7.0914814005e-01 -2.0690174807e+00 -3.8071603601e+00 -1.1279919071e-02  2.1677132088e-02 -2.5247032880e+00  6.9899030580e-01  2.0908727100e+00 -2.2314708575e-02  6.9912392606e-01  2.0900470210e+00  3.4389357439e+00  6.6478724408e-01  9.7170628835e-01  1.8983838080e+00  1.3220241414e+00  1.6152887090e+00  3.4156282527e+00 -7.2147973272e-01 -1.0043997768e+00  1.8536670382e+00 -1.3232407986e+00 -1.6576946954e+00
ENERGY -3.765416742792e+02
GRADIENT -6.1556385000e-05  1.3994443970e-03 -5.3267603800e-04  5.9586176000e-05 -1.5410826870e-03  3.7635688300e-04  1.3772393500e-04  9.9857900000e-05  1.9683344000e-04 -1.7588231400e-04 -2.5415628000e-05 -1.1735125000e-05 -9.7410710000e-06  4.5755026000e-05  5.4598234000e-05 -2.9667909000e-05 -7.7566095000e-05 -9.0261002000e-05 -3.2961038600e-04  1.5258306690e-03 -9.9455438200e-04  5.4866222900e-04 -1.7118596400e-03  6.3247657800e-04 -1.5512583500e-04 -7.7348644000e-05  4.1730086000e-05  2.6245751000e-05 -3.6304323000e-05 -5.2858770000e-06  9.3914250000e-06  1.3599579000e-05  1.6439871000e-05 -1.2511374000e-05 -4.0976400000e-07  2.3784411000e-05 -1.4552358000e-05  3.7105040000e-06 -5.9324090000e-06 -2.9655402000e-05  2.7011250000e-05 -1.6965842000e-05  2.5975616000e-05  2.6025159700e-04  2.9572790400e-04  2.2950808000e-05 -4.6913950000e-05 -4.2413351000e-05  8.9941510000e-06  1.1757262500e-04  1.0964571900e-04 -2.9128011000e-05  2.3767473000e-05 -4.5971886000e-05

