JOB 0
COORDS  1.6694190000e-01  2.5491000000e-03 -1.5683100000e-02 -5.5765530000e-01 -1.2362127000e+00 -1.2035950000e-01 -1.9745784000e+00 -1.2313134000e+00 -1.1865240000e-01 -2.6865963000e+00 -1.1035000000e-03  1.0728000000e-03 -1.9753907000e+00  1.2297221000e+00  1.1882330000e-01 -5.5847010000e-01  1.2385157000e+00  1.1283220000e-01  1.6740630000e+00  2.7074000000e-03  4.9002000000e-03  2.3835493000e+00 -1.1632772000e+00  2.3335580000e-01  2.3895935000e+00  1.1607705000e+00 -2.4256960000e-01 -2.4067200000e-02 -2.1980627000e+00 -2.4628540000e-01 -2.5265738000e+00 -2.1865504000e+00 -2.1489100000e-01 -3.7952698000e+00 -1.9365000000e-03  5.1568000000e-03 -2.5286081000e+00  2.1832393000e+00  2.2438500000e-01 -2.5871900000e-02  2.2006176000e+00  2.4175650000e-01  3.4351171000e+00 -1.1931173000e+00  2.2900710000e-01  1.8789762000e+00 -2.0344714000e+00  5.3031940000e-01  3.4407410000e+00  1.1895269000e+00 -2.1421830000e-01  1.8894306000e+00  2.0377393000e+00 -5.2957480000e-01
ENERGY -3.765416722448e+02
GRADIENT  1.0513366400e-04  2.1472269000e-05 -3.4481964470e-03 -9.0380285000e-05 -4.6654302000e-05  1.7105291950e-03 -8.2386276000e-05 -7.9811299000e-05 -6.3214200000e-06 -1.4215508300e-04 -6.0674630000e-06  3.1143590000e-06  1.6787693500e-04 -3.0431610100e-04 -2.0347378000e-05  9.6173784000e-05  1.9682949500e-04  5.2284298000e-05 -5.2425370800e-04  5.1997717500e-04  3.5572835700e-03  2.4010696200e-04  3.8988956000e-05 -1.7236104050e-03  1.5717483100e-04 -8.8467698000e-05 -1.4454161600e-04  4.6858366000e-05  6.0974997000e-05  3.8444000000e-05 -2.6759262000e-05  7.2473100000e-06 -1.6711247000e-05 -1.4526277000e-05 -2.9472447000e-05  1.2035990000e-06  1.8111222000e-05 -2.0715029000e-05 -2.1489440000e-06  6.0070087000e-05 -4.3391090000e-06  7.6845760000e-06 -2.4712376000e-05 -4.7145672700e-04  3.3086564000e-05 -9.0657620000e-06  4.1709654000e-05 -8.1012456000e-05  6.9544600000e-07  1.9075865700e-04 -2.0281190000e-06  1.2723026000e-05 -2.7659013000e-05  4.0953051000e-05

JOB 1
COORDS  1.6558338978e-01 -5.6682286317e-03 -4.5143667220e-03 -5.6158549320e-01 -1.2387297154e+00 -1.5004020406e-01 -1.9784006837e+00 -1.2259404944e+00 -1.4873109452e-01 -2.6864847632e+00  3.2386992591e-03  2.2554883173e-03 -1.9737425879e+00  1.2300028348e+00  1.4851591879e-01 -5.5682789364e-01  1.2300934867e+00  1.4347770046e-01  1.6730468825e+00 -5.9960620464e-03 -6.9472249490e-03  2.3917672711e+00 -1.1526029108e+00  2.8180751968e-01  2.3822808925e+00  1.1472416067e+00 -2.9130509985e-01 -3.2079250614e-02 -2.1985450138e+00 -3.0570264217e-01 -2.5344126356e+00 -2.1757562857e+00 -2.7165443003e-01 -3.7951384812e+00  5.2029514565e-03  4.9314864070e-03 -2.5234854886e+00  2.1832314047e+00  2.7350789148e-01 -2.0474832145e-02  2.1875338159e+00  2.8997468621e-01  3.4437457522e+00 -1.1605089976e+00  2.7772599111e-01  1.9002143678e+00 -2.0134811947e+00  6.2701578342e-01  3.4333893109e+00  1.1774519189e+00 -2.6332711134e-01  1.8797097300e+00  2.0127656169e+00 -6.0755150777e-01
ENERGY -3.765419205492e+02
GRADIENT  3.3977794600e-04  3.0271009900e-04  1.6956578200e-04 -2.2606185100e-04 -2.2422865300e-04  5.7397882000e-04  3.3398857700e-04  8.1578358000e-05 -8.0369613000e-05  4.5446084200e-04  2.6966013000e-05  3.1848488000e-05 -4.0009856000e-04  1.0290706310e-03 -1.5629937000e-05 -5.9667202800e-04 -8.5019548400e-04 -2.6916430800e-04  6.5527781600e-04 -8.0595660500e-04 -9.4569002900e-04  2.0257381700e-04 -6.7929928300e-04 -2.3028670500e-04 -1.2361588500e-04  3.4077188200e-04  3.9809494000e-04 -5.3147235200e-04 -1.5796074000e-04 -1.7870001300e-04  5.3285632000e-05 -2.4004263000e-05  6.1171759000e-05  2.0295351000e-05  8.1046262000e-05  1.6170407000e-05 -7.2233188000e-05  5.4167456000e-05 -2.1016780000e-06 -3.7305277800e-04  9.9123851000e-05 -2.0640448100e-04 -8.4355154000e-05  8.6516628300e-04 -7.4567920000e-06  3.1365690100e-04  1.5969809000e-04  1.3539174300e-04 -1.2276035400e-04 -3.7049953200e-04  1.4071837500e-04  1.5622460400e-04  7.0532816000e-05  4.1309845200e-04

JOB 2
COORDS  1.6635153497e-01  2.2160203837e-03  3.0657004654e-03 -5.5333494423e-01 -1.2309310709e+00 -1.7077851997e-01 -1.9703779322e+00 -1.2275940276e+00 -1.7216598846e-01 -2.6816666916e+00 -3.5166461433e-03  2.5273912792e-03 -1.9703869928e+00  1.2213101180e+00  1.7330406377e-01 -5.5337916688e-01  1.2363953516e+00  1.7003097242e-01  1.6724919056e+00  2.7858283193e-03 -8.6615321170e-03  2.3732344524e+00 -1.1439439954e+00  3.2078700506e-01  2.3873559385e+00  1.1422481694e+00 -3.3210191406e-01 -1.4871728956e-02 -2.1828580655e+00 -3.4429542604e-01 -2.5220055281e+00 -2.1770335043e+00 -3.1604596231e-01 -3.7903369323e+00 -3.9863792678e-03  3.8390113348e-03 -2.5256363261e+00  2.1687638117e+00  3.1589065511e-01 -1.9511432829e-02  2.1921766438e+00  3.3616507226e-01  3.4246506179e+00 -1.1824918796e+00  3.1777413220e-01  1.8613455140e+00 -1.9825117322e+00  6.9137489117e-01  3.4386693451e+00  1.1738973141e+00 -3.0838209713e-01  1.8858316071e+00  1.9949477418e+00 -6.8353060008e-01
ENERGY -3.765420461140e+02
GRADIENT -5.6821827400e-04 -1.3157955520e-03  1.8123176710e-03  1.3767791000e-04  1.3634076100e-04  1.6008036000e-05  5.1616594000e-05 -4.4850521400e-04 -1.8228537800e-04 -4.9015816200e-04  1.1281134000e-04  5.6906087000e-05  8.8748797100e-04 -1.3082683360e-03 -3.2490727000e-04  1.0853881500e-03  1.8555997890e-03 -1.4262031700e-04 -7.1520663000e-04  9.1077518100e-04 -2.0148790930e-03 -9.0786673000e-04 -4.4033465900e-04 -2.0990183500e-04  6.9394989100e-04  5.9170556700e-04  2.7703167200e-04 -3.0654477600e-04 -2.3331821300e-04  3.3494190000e-06 -1.0770669000e-05 -1.5589658000e-05  6.5194527000e-05 -5.3995457000e-05 -1.2834807200e-04 -5.5757680000e-06  1.8113102300e-04 -4.8733598000e-05 -1.8521703000e-05 -3.2505377700e-04  3.2524249200e-04 -4.4863727000e-05 -1.5164190800e-04 -1.0787143400e-04  3.7220197500e-04  2.7114572900e-04 -8.1729381000e-05  7.7129859000e-05 -1.2267790100e-04  2.3052429600e-04 -2.5874838000e-05  3.4840939600e-04 -3.4477593000e-05  2.8845581300e-04

JOB 3
COORDS  1.6697220841e-01 -3.2401138659e-03  1.3132432031e-02 -5.5200900082e-01 -1.2285434200e+00 -2.0444309011e-01 -1.9694857038e+00 -1.2179079725e+00 -2.1013708966e-01 -2.6797875466e+00  1.3979255571e-03  3.7470383008e-04 -1.9708543376e+00  1.2214555734e+00  2.1080386072e-01 -5.5339028298e-01  1.2253103746e+00  2.0866795287e-01  1.6727772810e+00 -2.4635759826e-03 -5.7057562762e-03  2.3819362858e+00 -1.1248333159e+00  3.8350839139e-01  2.3768987359e+00  1.1236582264e+00 -3.9025732243e-01 -1.1353029266e-02 -2.1736599745e+00 -4.0638853420e-01 -2.5237995514e+00 -2.1600574290e+00 -3.8765097314e-01 -3.7883961285e+00  1.5155282349e-03 -2.7126298258e-03 -2.5238816380e+00  2.1659059109e+00  3.8023940774e-01 -1.2562060022e-02  2.1713950969e+00  4.0482204426e-01  3.4332061125e+00 -1.1720499340e+00  3.7365273520e-01  1.8693408233e+00 -1.9427336526e+00  7.9756901904e-01  3.4281205480e+00  1.1681183601e+00 -3.7296920469e-01  1.8646723274e+00  1.9468388865e+00 -7.9410595765e-01
ENERGY -3.765420949469e+02
GRADIENT  6.9359451200e-04 -3.0570635000e-04  3.1432796510e-03  4.9841233900e-04  2.1712276200e-04 -8.3082400100e-04  1.7188693400e-04  5.5143915000e-05  4.2323063000e-05  2.7456545000e-04 -3.4693979000e-05  2.8904095000e-05 -4.8764773100e-04  1.2139784140e-03  2.0502422000e-04 -3.1598966700e-04 -1.0403739930e-03 -1.0002408330e-03 -2.3102867610e-03 -2.4377580300e-04 -2.6213843050e-03  1.2083490260e-03  9.9648068000e-04 -2.7413118400e-04  5.3471524700e-04 -4.2725190800e-04  6.0359548900e-04 -1.7540321900e-04 -9.2744810000e-05 -1.4986220900e-04  6.5374885000e-05 -1.4932013000e-05  3.9242882000e-05  1.7376878000e-05  9.6977729000e-05 -1.4637134000e-05 -7.1895303000e-05  5.5250580000e-05  5.7341550000e-06 -4.4719759800e-04  5.7419069000e-05  3.5911311000e-05 -5.6004004000e-05 -9.7615299800e-04  7.5610646100e-04  2.6142753100e-04  1.7423420300e-04  7.1122407000e-05 -9.5983799000e-05  3.4638453400e-04 -8.5565522000e-05  2.5085329600e-04 -7.5344873000e-05  4.6443795000e-05

JOB 4
COORDS  1.6561664143e-01 -6.6351055057e-04  1.0309659364e-02 -5.5362670110e-01 -1.2254618766e+00 -2.0969870572e-01 -1.9712229202e+00 -1.2176715241e+00 -2.1808891421e-01 -2.6803521008e+00  1.1040177754e-03 -2.2660694440e-03 -1.9683775180e+00  1.2179814167e+00  2.1662250425e-01 -5.5083831140e-01  1.2278199706e+00  2.1596284735e-01  1.6718581224e+00 -2.4578191690e-03  1.5743857293e-03  2.3793905223e+00 -1.1228743760e+00  3.9691137794e-01  2.3743450584e+00  1.1187157989e+00 -3.9880122873e-01 -9.7547755016e-03 -2.1687237073e+00 -4.1154231141e-01 -2.5251292518e+00 -2.1591289119e+00 -4.0065465970e-01 -3.7889549858e+00  2.8491089688e-03 -5.8111774497e-03 -2.5223291775e+00  2.1606427657e+00  3.9251543566e-01 -7.4894345028e-03  2.1709374085e+00  4.2023882673e-01  3.4311011966e+00 -1.1547886035e+00  3.7283863227e-01  1.8736726383e+00 -1.9423677114e+00  8.1701811074e-01  3.4259223091e+00  1.1585443767e+00 -3.8244474011e-01  1.8621033938e+00  1.9353987467e+00 -8.1648940624e-01
ENERGY -3.765421348895e+02
GRADIENT -4.3925082000e-05  2.1069142600e-04  1.5464515050e-03  3.1358139000e-05  4.8985646000e-04 -6.0314724200e-04 -1.9444601200e-04 -2.8445620600e-04  4.7677760000e-05 -3.9556622300e-04 -4.4089500000e-06 -5.7967250000e-06  3.6941595300e-04 -6.6858353900e-04 -1.9170606000e-05  5.1686640400e-04  5.0409980200e-04 -4.6331788800e-04  5.8218782700e-04  2.4788989100e-04 -8.1348125400e-04 -3.8850941300e-04 -9.0563137400e-04  4.1620876600e-04 -4.4267899000e-04  1.0766700000e-06  5.1924643000e-05 -6.0201352000e-05 -8.4227010000e-06 -2.9759932000e-05 -4.1781271000e-05  6.9223700000e-06 -1.1317278000e-05 -3.0587902000e-05 -7.3104805000e-05 -3.2110865000e-05  6.3729457000e-05 -3.4754353000e-05 -2.3995459000e-05  5.3003715000e-05  4.5176027000e-05  1.1503439000e-04  2.1874827000e-05  8.9002217400e-04 -1.7591000000e-04 -1.3438068000e-05 -1.5647517400e-04  8.1153909000e-05 -1.5625672000e-05 -3.6089664600e-04  1.0919347900e-04  6.2194800000e-06  1.0241287200e-04 -1.8944167900e-04

JOB 5
COORDS  1.6590346349e-01 -1.1319018875e-03  5.8851063582e-03 -5.5123235444e-01 -1.2275171266e+00 -2.1243017509e-01 -1.9686909008e+00 -1.2172987614e+00 -2.1959516233e-01 -2.6779409023e+00  1.1186573576e-03 -1.8969693384e-03 -1.9688964508e+00  1.2191781529e+00  2.1878077786e-01 -5.5145484782e-01  1.2262297096e+00  2.1671039526e-01  1.6725772380e+00 -7.4412448582e-04  4.9696908313e-06  2.3761765276e+00 -1.1215298935e+00  4.0035075665e-01  2.3752703821e+00  1.1202868306e+00 -4.0148956795e-01 -6.8784519790e-03 -2.1706106977e+00 -4.1384349527e-01 -2.5233599865e+00 -2.1583418217e+00 -4.0192234839e-01 -3.7865177094e+00  1.5558863919e-03 -4.3323803697e-03 -2.5230404833e+00  2.1613223817e+00  3.9706279125e-01 -6.7034751612e-03  2.1684314753e+00  4.2133314782e-01  3.4274745633e+00 -1.1658764630e+00  3.7771368482e-01  1.8632443561e+00 -1.9367613587e+00  8.1985820603e-01  3.4266580729e+00  1.1660912022e+00 -3.8503891764e-01  1.8601837291e+00  1.9351655598e+00 -8.1903043997e-01
ENERGY -3.765421528703e+02
GRADIENT -1.7903124400e-04 -8.9467685000e-05  9.2842732900e-04  1.9493706900e-04 -3.9048456900e-04 -5.4626750700e-04 -1.9728491000e-05  1.8551578900e-04  5.2565082000e-05  2.6313171600e-04 -6.7196087000e-05 -3.0100729000e-05 -1.5486213400e-04  2.4070712200e-04  9.0003151000e-05 -1.8982776000e-05 -3.3226160000e-05 -1.5450517700e-04  1.7289065000e-05  7.4050893000e-05 -6.6114839200e-04 -3.3266952600e-04 -2.3286340100e-04  1.6858193400e-04  7.6498823000e-05  3.8990889000e-05  1.1131713500e-04  6.2865670000e-05 -2.4239950000e-05  7.1870338000e-05  4.3796666000e-05 -8.7158660000e-06 -1.9148129000e-05  1.9376680000e-05  3.0963041000e-05  1.5808629000e-05  4.7548290000e-06  3.4144873000e-05 -2.4143997000e-05  1.4423324000e-05 -3.0770360000e-06  7.6308301000e-05  4.4367790000e-06  1.6731900400e-04  2.4503412000e-05 -2.0367819000e-05 -3.1595928000e-05  9.3750845000e-05  2.5201502000e-05  1.1519840700e-04 -9.7089478000e-05  1.5792310000e-05 -5.1301620000e-06 -1.0035511000e-04

JOB 6
COORDS  1.6680396132e-01 -7.6706339222e-04  3.3531953814e-03 -5.5374192710e-01 -1.2254217238e+00 -2.1321507831e-01 -1.9712214196e+00 -1.2173885018e+00 -2.1933086620e-01 -2.6809400168e+00  6.2096451538e-04 -1.1834398603e-03 -1.9690731062e+00  1.2172283763e+00  2.1827646374e-01 -5.5157308337e-01  1.2258295058e+00  2.1540402407e-01  1.6739241799e+00 -1.3857508594e-03 -1.2962006519e-03  2.3797989654e+00 -1.1200674623e+00  4.0078689288e-01  2.3761164032e+00  1.1204655840e+00 -4.0113568534e-01 -1.0337957645e-02 -2.1688588862e+00 -4.1530479590e-01 -2.5252671237e+00 -2.1590208745e+00 -4.0058030358e-01 -3.7895378445e+00  1.7281561605e-03 -2.2993297470e-03 -2.5226821660e+00  2.1595211691e+00  3.9728276000e-01 -7.6439597205e-03  2.1687988795e+00  4.1846823222e-01  3.4308629425e+00 -1.1699655967e+00  3.7893315105e-01  1.8651402203e+00 -1.9349405758e+00  8.1857882562e-01  3.4274268743e+00  1.1665823497e+00 -3.8241802631e-01  1.8608649310e+00  1.9363670825e+00 -8.1628074970e-01
ENERGY -3.765421503724e+02
GRADIENT  4.6026859500e-04  1.3154393400e-04  6.0382119600e-04 -4.5734343000e-04  5.3571410500e-04 -2.9598589500e-04 -6.6676620000e-06 -1.4734229500e-04 -2.4760573000e-05 -3.7478918700e-04  4.2697523000e-05 -1.0329129000e-05  2.2966080400e-04 -4.0842883100e-04 -6.5502473000e-05 -1.4103259300e-04  3.2019552000e-05  4.1808314000e-05 -4.1034603300e-04 -4.5286537900e-04 -5.9916980000e-04  6.3556618400e-04  6.7907711200e-04 -1.1466122800e-04  6.9753343000e-05 -3.9007739000e-05  1.7863338700e-04 -2.2208144000e-05  7.8349829000e-05  4.0500600000e-05 -6.7099076000e-05  2.2478601000e-05  2.3752820000e-06 -2.7424928000e-05 -4.1272878000e-05  2.5106710000e-06 -1.3770886000e-05 -4.5137579000e-05 -2.2507356000e-05  8.4846317000e-05 -5.7874671000e-05 -7.6891180000e-06  1.0104433000e-05 -4.8735816500e-04  2.5572734000e-04  2.9791661000e-05  1.7565281500e-04  9.0112542000e-05  2.5216097000e-05  3.0939175000e-05 -6.5437559000e-05 -8.2657280000e-06 -4.8605961000e-05 -9.0454510000e-06

JOB 7
COORDS  1.6588341992e-01 -9.8679766843e-04  3.5836051780e-03 -5.5261164945e-01 -1.2266851538e+00 -2.1327216213e-01 -1.9700595108e+00 -1.2175472715e+00 -2.1904671418e-01 -2.6793346012e+00  8.1165075077e-04 -9.0348234516e-04 -1.9691443011e+00  1.2184601031e+00  2.1834686160e-01 -5.5168425267e-01  1.2262030104e+00  2.1513987658e-01  1.6727536992e+00 -1.2236941516e-03 -1.1187678040e-03  2.3774857798e+00 -1.1205691640e+00  4.0109427258e-01  2.3753694301e+00  1.1203046766e+00 -4.0096000962e-01 -8.8958515113e-03 -2.1699188312e+00 -4.1573315899e-01 -2.5245445108e+00 -2.1589345985e+00 -4.0018429435e-01 -3.7879205985e+00  1.4587186289e-03 -2.1090034396e-03 -2.5230285421e+00  2.1606340954e+00  3.9722242675e-01 -7.4401197785e-03  2.1690658400e+00  4.1786199785e-01  3.4286861262e+00 -1.1666086812e+00  3.7794973606e-01  1.8641327274e+00 -1.9369696006e+00  8.1764173834e-01  3.4266963578e+00  1.1650701446e+00 -3.8115786632e-01  1.8611075669e+00  1.9367229923e+00 -8.1636107331e-01
ENERGY -3.765421571154e+02
GRADIENT -1.0321123000e-05 -2.7485656000e-05  7.1891383600e-04 -2.1472499000e-05  6.9666859000e-05 -3.8791096100e-04  1.3884706000e-05 -2.8901359000e-05  3.4839980000e-06  3.3994058000e-05  1.5296191000e-05 -8.5856360000e-06 -7.9257840000e-06  1.5096764000e-05  6.1565350000e-06 -2.1680508000e-05  2.7790799000e-05 -2.8055270000e-06  4.2390820000e-05 -2.2372929300e-04 -6.9205357100e-04  4.5925757000e-05  1.1927667500e-04  1.5237264600e-04 -9.2927172000e-05  1.3158918400e-04  7.3342712000e-05  5.0163760000e-06  8.9730400000e-07  1.5229686000e-05  2.5949340000e-06 -4.7226740000e-06  1.8333320000e-06  3.8149870000e-06  3.9312800000e-07  1.8684550000e-06 -1.7922200000e-07  2.3851040000e-06 -4.1311850000e-06  6.9672830000e-06 -7.0151150000e-06 -3.8712800000e-07  5.1051160000e-06 -3.7222182000e-05  8.3691965000e-05  1.0070180000e-05  4.1969103000e-05  8.5052567000e-05  2.9193570000e-06 -8.5791706000e-05 -9.4968150000e-06 -1.8112970000e-06 -8.8690040000e-06 -3.6248862000e-05

JOB 8
COORDS  1.6585198075e-01 -1.0399841427e-03  3.3279119455e-03 -5.5278802528e-01 -1.2266680431e+00 -2.1335565899e-01 -1.9702721358e+00 -1.2173108461e+00 -2.1895549227e-01 -2.6798499242e+00  8.3928872874e-04 -7.1649234864e-04 -1.9693936393e+00  1.2183672807e+00  2.1830878471e-01 -5.5191611080e-01  1.2259927975e+00  2.1491400518e-01  1.6727335989e+00 -1.2753394909e-03 -9.2555059521e-04  2.3769643939e+00 -1.1206755466e+00  4.0189174681e-01  2.3758263768e+00  1.1199138999e+00 -4.0093326846e-01 -9.2476871852e-03 -2.1699528916e+00 -4.1606471288e-01 -2.5247435308e+00 -2.1587131645e+00 -4.0002361314e-01 -3.7884399262e+00  1.4481598047e-03 -1.8012339632e-03 -2.5231310236e+00  2.1606095923e+00  3.9727149359e-01 -7.7538451033e-03  2.1689450205e+00  4.1743990586e-01  3.4281508072e+00 -1.1662021645e+00  3.7739263250e-01  1.8636849914e+00 -1.9381488465e+00  8.1642953549e-01  3.4270521793e+00  1.1667546716e+00 -3.8054467802e-01  1.8609825789e+00  1.9362545394e+00 -8.1573664114e-01
ENERGY -3.765421576381e+02
GRADIENT  4.1110240000e-05 -7.6885618000e-05  7.1010954400e-04  3.4799600000e-06  5.0458212000e-05 -3.6717664100e-04  4.7990331000e-05  7.3050763000e-05  1.3871010000e-05 -9.2465678000e-05 -2.3371870000e-06 -1.1471280000e-06  1.8688439000e-05 -8.9883540000e-06 -7.0143260000e-06 -2.8670465000e-05 -3.9381670000e-05 -1.3780310000e-06 -1.2922050000e-06 -1.0127175300e-04 -7.0714898700e-04 -9.7965452000e-05  3.5531480000e-06  2.4514646300e-04  1.0290402400e-04 -6.0215387000e-05  1.3441090400e-04  1.5386040000e-05  4.8607840000e-06  6.8137900000e-06 -1.3076750000e-06  8.9285660000e-06  5.0307600000e-06 -5.9605950000e-06  4.9520010000e-06  3.7995300000e-07 -7.9277600000e-06 -6.0350920000e-06 -2.3887350000e-06  4.1804720000e-06 -9.9162970000e-06 -6.2103300000e-06  7.0999580000e-06  8.6870085000e-05  2.1644354000e-05  2.2064930000e-06  9.3063610000e-06  6.4996811000e-05  3.0328580000e-06  9.6768669000e-05 -7.3022200000e-05  5.4769600000e-06 -3.3096327000e-05 -3.6679232000e-05

