JOB 0
COORDS  1.5168750000e-01  5.1327400000e-02  3.7770900000e-02 -5.4995290000e-01 -9.1174050000e-01  8.3086280000e-01 -1.9696070000e+00 -9.3506160000e-01  7.9358700000e-01 -2.6797261000e+00 -1.0814600000e-02 -2.5667600000e-02 -1.9731030000e+00  9.3520710000e-01 -8.2316460000e-01 -5.5318690000e-01  9.6222490000e-01 -8.1105350000e-01  1.6771753000e+00  2.7271700000e-02  1.8001800000e-02  2.3426379000e+00 -4.6595900000e-01 -1.0833289000e+00  2.3867787000e+00  4.1668190000e-01  1.1329155000e+00  6.0052000000e-03 -1.6325512000e+00  1.4611537000e+00 -2.5203563000e+00 -1.6786827000e+00  1.4019649000e+00 -3.7873351000e+00 -3.1124700000e-02 -4.6475000000e-02 -2.5280904000e+00  1.6505336000e+00 -1.4608293000e+00 -1.0579000000e-03  1.6942945000e+00 -1.4317138000e+00  3.3943124000e+00 -4.7555500000e-01 -1.1650612000e+00  1.7847573000e+00 -7.7555630000e-01 -1.9206972000e+00  3.4384114000e+00  3.6709900000e-01  1.1967249000e+00  1.8647552000e+00  7.9850130000e-01  1.9633894000e+00
ENERGY -3.765360630098e+02
GRADIENT -1.2239906300e-04  1.9128025210e-03  5.0644101150e-03 -9.9979579000e-05 -2.3372128160e-03 -3.0758279070e-03 -1.0583973100e-04 -1.6246112800e-04  1.4163591800e-04  1.1475374000e-05  1.3042230000e-05 -1.5216571000e-05  1.1240562100e-04 -1.5850818600e-04  1.4476858400e-04  2.1371596800e-04  2.0260695400e-04 -1.5852728200e-04  1.5569861100e-04  4.2169193370e-03 -3.7408626810e-03 -1.2950050400e-04 -3.7644208410e-03  1.5541636200e-03 -3.0400289000e-05 -5.1559236000e-05 -4.5906992000e-05 -2.2501582000e-05  1.3925848000e-05  3.9397520000e-06 -1.7937139000e-05 -9.4134840000e-06  4.2136180000e-06  1.6789710000e-06 -2.2493418000e-05  2.2805342000e-05  2.6729407000e-05 -7.4584820000e-06  2.4731830000e-06  2.0127540000e-05  2.2655476000e-05 -6.9560700000e-07  1.5276317000e-05  5.5577770000e-05  8.4346694000e-05 -1.1790629000e-05  2.0632034000e-05 -1.9367522000e-05  1.5406220000e-06  3.7018289000e-05  3.0627602000e-05  4.1494360000e-06  1.4156077000e-05 -1.7395914000e-05

JOB 1
COORDS  1.5313685542e-01  7.1969473069e-02  5.2418543558e-02 -5.4477665244e-01 -9.2191253960e-01  8.0988834342e-01 -1.9640143691e+00 -9.5395195431e-01  7.6367077539e-01 -2.6804850615e+00 -1.5353075696e-02 -3.3435329901e-02 -1.9787512932e+00  9.5481895632e-01 -8.0550272132e-01 -5.5912438075e-01  9.8970625399e-01 -7.8311187126e-01  1.6783501422e+00  4.6809524334e-02  1.9640259724e-02  2.3298178137e+00 -5.1410403805e-01 -1.0574590559e+00  2.3986591320e+00  4.6216112991e-01  1.1182480895e+00  1.3349158956e-02 -1.6578959665e+00  1.4204737201e+00 -2.5110532978e+00 -1.7190096562e+00  1.3482994176e+00 -3.7877601376e+00 -4.5348203015e-02 -5.9642768481e-02 -2.5355158041e+00  1.6796762965e+00 -1.4307887136e+00 -1.0174930299e-02  1.7375481482e+00 -1.3875043678e+00  3.3804923260e+00 -5.4647891381e-01 -1.1458054305e+00  1.7613451457e+00 -8.5854855114e-01 -1.8738076683e+00  3.4496432920e+00  3.9723044312e-01  1.1788936928e+00  1.8866906742e+00  8.7957688470e-01  1.9377942197e+00
ENERGY -3.765350657197e+02
GRADIENT  2.3434197980e-03  1.8952505560e-03  7.6773274730e-03 -5.3430944700e-04 -2.4306921540e-03 -3.2765727080e-03  4.4896720800e-04  1.7731575000e-04 -1.8800656800e-04 -1.8369638500e-04 -3.5211852000e-05  6.0051273000e-05 -1.6961186300e-04  6.0468324000e-04 -5.2798650100e-04 -7.8790054500e-04 -1.4901283470e-03 -3.3885426600e-04 -6.9474126000e-04  7.0969267240e-03 -6.0981390350e-03 -8.7392202000e-05 -4.1525447070e-03  2.0314364800e-03  6.9599640000e-06 -8.0913412500e-04  8.0213984800e-04  9.9654569000e-05 -1.0446637300e-04 -1.9475204900e-04 -2.0018757000e-05  3.0099460000e-05 -5.5917464000e-05 -3.4258931000e-05  6.8286448000e-05 -6.8598827000e-05 -1.1429102300e-04  5.2734836000e-05  4.0481948000e-05 -4.6781847000e-05 -1.0287977900e-04 -3.6342580000e-06 -1.7084263000e-04 -2.0821010000e-06 -1.0614854500e-04  6.4594268000e-05 -3.0108966900e-04  2.4273629800e-04 -1.6564020000e-04 -2.6731575100e-04 -6.8767360000e-06  6.2590519000e-05 -2.3535818700e-04  1.6687000000e-08

JOB 2
COORDS  1.5074906761e-01  7.6970417173e-02  5.7051378082e-02 -5.4446587687e-01 -9.3578782075e-01  7.9169646631e-01 -1.9635776902e+00 -9.7019767800e-01  7.4394806630e-01 -2.6797647339e+00 -1.6915007374e-02 -3.5490186469e-02 -1.9787523226e+00  9.6944903446e-01 -7.8733267956e-01 -5.5929780534e-01  1.0096074400e+00 -7.6359309719e-01  1.6767792286e+00  4.8424788677e-02  1.9848564814e-02  2.3254628551e+00 -5.5230506935e-01 -1.0373138813e+00  2.4008619935e+00  4.9733049017e-01  1.1025588169e+00  1.5023440057e-02 -1.6823632213e+00  1.3880422037e+00 -2.5096485138e+00 -1.7479890483e+00  1.3124756385e+00 -3.7869024422e+00 -4.8431066107e-02 -6.4200077593e-02 -2.5368015377e+00  1.7041539978e+00 -1.3997833050e+00 -1.0969101787e-02  1.7697430296e+00 -1.3531185281e+00  3.3760090601e+00 -5.9319542637e-01 -1.1251075922e+00  1.7549657292e+00 -9.1887817038e-01 -1.8426446111e+00  3.4520856230e+00  4.3357182570e-01  1.1624152118e+00  1.8919221583e+00  9.4513806137e-01  1.9079645460e+00
ENERGY -3.765345684937e+02
GRADIENT  1.7594666070e-03  2.1465476150e-03  8.6357067700e-03 -5.4376465400e-04 -2.4829942670e-03 -3.0649304200e-03  3.6485653800e-04 -2.7951106000e-05 -9.7651155000e-05 -1.1537939100e-04 -1.0078607000e-05  6.4033062000e-05  2.5032001700e-04  1.1691103400e-04 -1.3186483400e-04 -3.4739265600e-04 -9.3400633900e-04 -1.4937258690e-03 -1.4727649550e-03  7.1469405880e-03 -6.9103733820e-03  2.8616339900e-04 -3.9638842330e-03  2.1768295540e-03  4.3311480000e-05 -1.1477430310e-03  9.2195058200e-04  4.7307735000e-05 -1.5835525800e-04 -1.4450434400e-04 -5.7058880000e-06 -8.3903150000e-06 -5.1821662000e-05 -3.3033329000e-05  1.8139336000e-05 -1.1011731000e-05 -1.5557684000e-05  4.4568719000e-05  5.5959039000e-05  8.8920380000e-06  1.1864952000e-05 -3.7346621000e-05 -1.4533381600e-04  5.3000720000e-06 -1.9197107700e-04  4.7019283000e-05 -2.4258613400e-04  2.5514121100e-04 -1.7380638000e-04 -3.7378301100e-04  5.4917257000e-05  4.5786101000e-05 -1.4095366500e-04 -3.2455168000e-05

JOB 3
COORDS  1.5065648782e-01  7.7969942976e-02  6.0574292635e-02 -5.4696676933e-01 -9.5976523279e-01  7.5690906529e-01 -1.9663524524e+00 -9.9492798391e-01  7.1039059254e-01 -2.6825968678e+00 -1.7288918004e-02 -3.7471537141e-02 -1.9811294802e+00  9.9339775291e-01 -7.5520176670e-01 -5.6148169479e-01  1.0354188887e+00 -7.2860368300e-01  1.6788204947e+00  4.5835273483e-02  1.9774652529e-02  2.3243092821e+00 -6.1514102228e-01 -1.0025607031e+00  2.4082063904e+00  5.5521783684e-01  1.0714671567e+00  1.2394688327e-02 -1.7244835860e+00  1.3297661603e+00 -2.5111053212e+00 -1.7915151871e+00  1.2536528385e+00 -3.7896248020e+00 -4.8711294208e-02 -6.8384407185e-02 -2.5391893286e+00  1.7465030433e+00 -1.3448483639e+00 -1.4384676818e-02  1.8153710060e+00 -1.2927421449e+00  3.3752819734e+00 -6.6230752175e-01 -1.0839740693e+00  1.7541860895e+00 -1.0194089024e+00 -1.7901582495e+00  3.4604146074e+00  5.0254585255e-01  1.1282509452e+00  1.9021672722e+00  1.0497030506e+00  1.8511702958e+00
ENERGY -3.765340141199e+02
GRADIENT  2.8330680180e-03  2.5401267630e-03  9.2117479260e-03 -1.2817777950e-03 -1.3658146080e-03 -3.4500541110e-03 -1.3421499600e-04 -4.7598924100e-04  1.5653239000e-04  3.6254959000e-05 -1.3993940000e-06  8.3447376000e-05  2.3356969100e-04  1.6335258000e-05 -5.9294800000e-06 -8.3560106700e-04 -1.6682672510e-03 -1.9346152040e-03 -1.1990372530e-03  6.7442311580e-03 -7.3005952220e-03  2.0309991800e-04 -3.7095035120e-03  1.8962774810e-03  4.4556966800e-04 -1.8025340130e-03  9.2396836700e-04  9.7627320000e-06 -9.7076460000e-06 -1.5884317400e-04 -1.0842216900e-04 -4.2552853000e-05 -6.8712529000e-05 -2.1525704000e-05 -3.5343307000e-05  2.8455231000e-05 -6.5575994000e-05  1.1527266000e-05  7.3058478000e-05  7.2386139000e-05 -1.7131326000e-05  9.3230167000e-05 -5.4164660000e-05  3.5479950700e-04  1.4866725200e-04 -5.2438750000e-06 -1.5602103700e-04  1.4432100100e-04 -1.4574992200e-04 -3.6035017500e-04  2.9495733500e-04  3.5613933000e-05 -1.0931293000e-05 -1.2531213200e-04

JOB 4
COORDS  1.4457845604e-01  5.1764204334e-02  4.8379089127e-02 -5.4650559852e-01 -9.8982396146e-01  7.4414327285e-01 -1.9662724225e+00 -1.0038516418e+00  6.9968544249e-01 -2.6772863287e+00 -1.1219649208e-02 -3.4024491742e-02 -1.9740557683e+00  1.0068213674e+00 -7.3957985274e-01 -5.5410083924e-01  1.0377877388e+00 -7.1636128284e-01  1.6743231239e+00  2.4652610305e-02  2.3107938064e-02  2.3299915846e+00 -6.3867827513e-01 -9.9099876731e-01  2.3928510435e+00  5.8490527052e-01  1.0559638251e+00  9.9351913781e-03 -1.7619412464e+00  1.3100988486e+00 -2.5180876572e+00 -1.7991082326e+00  1.2375758039e+00 -3.7846232827e+00 -3.3864632783e-02 -5.9811724419e-02 -2.5291208593e+00  1.7737272128e+00 -1.3140641070e+00 -1.3143841519e-04  1.8240483687e+00 -1.2648990141e+00  3.3810668031e+00 -6.7903289222e-01 -1.0761009912e+00  1.7632122034e+00 -1.0570882379e+00 -1.7736877863e+00  3.4466900691e+00  5.6416149782e-01  1.1055176946e+00  1.8777103299e+00  1.0929676009e+00  1.8210476181e+00
ENERGY -3.765343418254e+02
GRADIENT -2.1821275470e-03  2.3970924170e-03  5.9959111130e-03  1.5720667320e-03 -4.0668112400e-03 -4.4618957900e-04  9.5140910200e-04  1.2758490050e-03 -8.6380557000e-04  2.8473390000e-06 -8.8105163000e-05  1.7141871000e-05  1.7775493600e-04  2.5453228400e-04 -9.3840654000e-05  3.5384858600e-04 -1.3468835000e-05 -2.3566721750e-03 -1.6479821630e-03  3.1846694700e-03 -4.4852770920e-03  4.4603617400e-04 -2.6206267550e-03  1.6048849690e-03 -9.8157790000e-06 -8.9465449000e-04  1.1930068210e-03  9.6473928000e-05 -1.9288331900e-04  2.7453528400e-04  2.9341546500e-04 -2.9410899000e-05 -3.1603649000e-05 -1.7290762000e-05  9.8236423000e-05 -6.1798156000e-05  6.5919592000e-05  3.8734065000e-05 -7.2474090000e-06 -8.6115830000e-05  3.0775614200e-04  3.7946934000e-05 -5.2548899000e-05  6.9575475000e-05 -4.8834775000e-04  4.2149680000e-05  2.3070206400e-04 -1.0810253200e-04 -1.8450573000e-05 -2.4716778500e-04 -5.7533069000e-05  3.6689172000e-05  3.0395315400e-04 -1.2293505200e-04

JOB 5
COORDS  1.5039803066e-01  1.2647041789e-03  1.0139775051e-02 -5.6780824328e-01 -1.0287922681e+00  6.9249355490e-01 -1.9893441885e+00 -1.0270768967e+00  6.8090242102e-01 -2.6869014284e+00 -9.4396862333e-05 -1.7023527855e-02 -1.9662354651e+00  1.0257252735e+00 -6.9326760338e-01 -5.4461728876e-01  1.0356896343e+00 -6.8647087329e-01  1.6848672841e+00 -1.7025546937e-02  2.6313911707e-02  2.3654917027e+00 -6.8808814353e-01 -9.6459695341e-01  2.3748731173e+00  6.4739121032e-01  1.0147065238e+00 -1.9650008621e-02 -1.8205026952e+00  1.2380970807e+00 -2.5459222381e+00 -1.8239081885e+00  1.2118610071e+00 -3.7945935206e+00  2.7676733820e-03 -3.0306111766e-02 -2.5124267131e+00  1.8241556535e+00 -1.2322082674e+00  1.3615130154e-02  1.8368568411e+00 -1.2079080226e+00  3.4182677902e+00 -7.0981773616e-01 -1.0369010201e+00  1.8161026892e+00 -1.1479566686e+00 -1.7365582667e+00  3.4284857521e+00  6.9497727736e-01  1.0553038930e+00  1.8343365667e+00  1.1753776681e+00  1.7483553180e+00
ENERGY -3.765345415023e+02
GRADIENT  5.6277966500e-04  1.8870482890e-03 -1.5972841140e-03 -9.3264662500e-04  2.7631122150e-03 -2.7929172960e-03 -1.7473550220e-03 -2.1193951270e-03  1.8405106120e-03  1.1233733100e-04  5.3721288000e-05 -3.4562959800e-04  1.5901545000e-04 -3.8285257400e-04  5.9454797500e-04  9.5803533000e-05 -1.2945677790e-03  3.3046259100e-04  2.2978802800e-03 -2.2501484090e-03  2.1686825860e-03 -4.7070003200e-04 -5.0537223600e-04  5.6760894200e-04 -6.4417743000e-05 -2.4698148800e-04  7.7975172000e-05 -1.9380120200e-04  6.2187587200e-04  1.2411380500e-04 -3.4492208500e-04 -8.8130011000e-05  6.3362004000e-05  6.3261508000e-05 -2.4220767100e-04  1.4823912300e-04 -3.5195259000e-05 -1.0763607100e-04 -5.7059270000e-06  2.3651024000e-04 -5.5011105000e-05  4.4621958200e-04  6.3587503000e-05  1.9936923600e-04 -5.6497905500e-04  2.7349800000e-05  7.4653057000e-04 -5.9703419500e-04  1.4938472400e-04  4.2308228900e-04 -1.7742338000e-04  3.7817870000e-06  5.9222039700e-04 -2.7185916700e-04

JOB 6
COORDS  1.4806197860e-01 -1.4282765797e-03  8.1064502772e-03 -5.6027412457e-01 -1.0326001557e+00  6.9973513867e-01 -1.9812265690e+00 -1.0167821852e+00  6.8308625980e-01 -2.6870413777e+00  6.4950256086e-03 -1.2193435466e-02 -1.9722170455e+00  1.0295030441e+00 -6.9774296425e-01 -5.5100822589e-01  1.0300120726e+00 -6.9159763524e-01  1.6806194830e+00 -1.0121639220e-02  1.3774325576e-02  2.3716314321e+00 -6.7716525808e-01 -9.7244920873e-01  2.3671501885e+00  6.4214439372e-01  1.0124094494e+00 -1.2926478054e-02 -1.8272094283e+00  1.2425710554e+00 -2.5391089674e+00 -1.8107602648e+00  1.2165541908e+00 -3.7948677959e+00  7.5633965473e-03 -1.8770118274e-02 -2.5180728623e+00  1.8270110808e+00 -1.2385104198e+00  7.6385803446e-03  1.8251459441e+00 -1.2218659280e+00  3.4254489374e+00 -6.9193746259e-01 -1.0276244445e+00  1.8336283151e+00 -1.1546221801e+00 -1.7416352655e+00  3.4203774297e+00  6.8566828176e-01  1.0619309082e+00  1.8230053244e+00  1.1509166983e+00  1.7566809836e+00
ENERGY -3.765346818406e+02
GRADIENT  9.1681190000e-05  1.0747213410e-03 -3.2093881000e-05  6.3852413000e-04 -8.9073465200e-04  9.2287244000e-05  6.8778190900e-04  1.2319714750e-03 -6.7981658700e-04 -6.6445710700e-04 -1.1523710600e-04 -2.6866365000e-05 -5.6371305700e-04  8.5505992600e-04 -4.7007865500e-04 -8.8832749400e-04 -1.7034927510e-03  9.3835051900e-04  8.2078594100e-04 -2.7081044800e-04  1.8023196300e-04 -5.1200627000e-05 -9.0676949300e-04  5.1593305200e-04  1.5731259000e-05 -9.1103522800e-04 -4.4602801700e-04  1.6692798700e-04  1.4738642000e-04  1.4669303200e-04  5.5350076000e-05  8.7989294000e-05 -7.1840266000e-05 -4.6912286000e-05  1.5609830500e-04 -1.0854651700e-04 -1.9969438600e-04 -3.0508856000e-05 -2.5062112000e-05 -1.0677574900e-04 -2.8929434000e-05  2.0390287400e-04  1.3045827600e-04  5.8125863600e-04  1.4584372100e-04 -9.1616438000e-05  2.3842294200e-04 -2.3582136100e-04  1.9340311000e-05  3.7908963800e-04 -5.0632552000e-05 -3.4060255000e-05  1.0105733100e-04 -7.6040978000e-05

JOB 7
COORDS  1.4430126474e-01  6.7176190950e-03  5.2485880600e-03 -5.5718950376e-01 -1.0270064371e+00  7.0195813109e-01 -1.9775438643e+00 -1.0208220915e+00  6.8977344797e-01 -2.6769405850e+00  4.1816368240e-03 -8.8784822288e-03 -1.9654985307e+00  1.0259290481e+00 -7.0051775699e-01 -5.4499184047e-01  1.0393492838e+00 -7.0386191249e-01  1.6744234278e+00  1.8416926237e-03  9.1113824056e-03  2.3643311397e+00 -6.6659221347e-01 -9.7728449313e-01  2.3606676854e+00  6.4016729341e-01  1.0176540459e+00 -4.3377681454e-03 -1.8204852668e+00  1.2410952507e+00 -2.5340581460e+00 -1.8150107851e+00  1.2245067942e+00 -3.7847392591e+00  5.8741029878e-03 -1.5463566969e-02 -2.5171226318e+00  1.8186447365e+00 -1.2422847776e+00  1.1943531607e-02  1.8311906971e+00 -1.2413948697e+00  3.4176876337e+00 -6.9655950484e-01 -1.0312999560e+00  1.8229804520e+00 -1.1508867207e+00 -1.7395867307e+00  3.4139487618e+00  6.6753981936e-01  1.0742489835e+00  1.8177404400e+00  1.1391678236e+00  1.7692742544e+00
ENERGY -3.765346527862e+02
GRADIENT -1.9635387710e-03 -4.4781660000e-05  9.2219343200e-04 -2.9095689000e-05 -8.7721497900e-04  3.4866987100e-04 -4.6474069400e-04 -8.3178943200e-04  5.0616211100e-04  1.1446636010e-03  6.7700396000e-05  2.2637444000e-05  7.1240733300e-04 -1.2007284580e-03  7.8676499600e-04  1.6351766710e-03  2.5109978390e-03 -1.7940268500e-03 -1.2311862300e-03  1.9848275800e-03 -1.7849442740e-03  2.1806802700e-04 -9.5718900500e-04  7.2478794800e-04 -2.1389012700e-04 -4.7116039400e-04  5.1404943600e-04 -2.2644559500e-04 -2.5744155300e-04  9.3551898000e-05  5.3409846000e-05 -1.1033686700e-04  5.7653508000e-05  5.3860713000e-05 -1.3634234200e-04  9.0705958000e-05  3.4944400900e-04  5.8949177000e-05 -2.8345758000e-05  2.4312396000e-05  3.0004605500e-04 -2.5501893900e-04 -5.7149174000e-05  1.0899790000e-04 -1.8604724200e-04  7.5275850000e-06 -3.0188599000e-05  6.5759296000e-05 -5.5528393000e-05  1.7078490000e-06 -1.6643165500e-04  2.3758711000e-05 -1.1555015100e-04  8.3286615000e-05

JOB 8
COORDS  1.4854527887e-01 -5.6551891318e-04  5.3220870267e-03 -5.5926240190e-01 -1.0324417448e+00  6.9677581553e-01 -1.9800361948e+00 -1.0207048475e+00  6.8305951804e-01 -2.6828279102e+00  5.7581413816e-03 -1.0413070786e-02 -1.9682501223e+00  1.0289811952e+00 -6.9635332662e-01 -5.4724149999e-01  1.0337162202e+00 -6.9432983253e-01  1.6798447151e+00 -4.0202430273e-03  1.3660005431e-02  2.3686135156e+00 -6.7229750368e-01 -9.7361047600e-01  2.3648058142e+00  6.4944807018e-01  1.0134670068e+00 -1.0214697266e-02 -1.8291189837e+00  1.2348797933e+00 -2.5372970140e+00 -1.8158086119e+00  1.2155994842e+00 -3.7906424253e+00  8.1738283508e-03 -1.6405171586e-02 -2.5158552076e+00  1.8265041110e+00 -1.2352467756e+00  1.0917169062e-02  1.8278639815e+00 -1.2267591153e+00  3.4217616539e+00 -7.0333858248e-01 -1.0316626444e+00  1.8251813625e+00 -1.1584990888e+00 -1.7332421518e+00  3.4180966128e+00  6.8419324803e-01  1.0671638341e+00  1.8206343968e+00  1.1549428147e+00  1.7598928010e+00
ENERGY -3.765347285548e+02
GRADIENT  1.0037848300e-04 -1.1886920800e-04 -4.9101782000e-05 -1.8458028000e-05 -1.6422413300e-04  1.4827387000e-05  9.5884306000e-05  7.3321521000e-05 -2.4265791000e-05 -2.2466961000e-05  7.0027270000e-06 -5.1211490000e-06 -7.3952511000e-05  4.4257653000e-05  1.0621400000e-07  5.3369672000e-05 -5.9836234000e-05  2.2176237000e-05 -1.6718842400e-04  5.9426272200e-04 -3.9351450700e-04  6.7957214000e-05 -5.0688613400e-04  5.2575594200e-04 -5.4687264000e-05 -1.0668745400e-04  5.2730462500e-04  8.6052190000e-06 -1.1599279000e-05 -5.3692900000e-06  3.9403300000e-06  4.7008060000e-06 -4.0686030000e-06 -3.8295160000e-06  1.1048107000e-05 -1.2826764000e-05  4.8072340000e-06  6.3013120000e-06 -1.5444310000e-06 -2.6038447000e-05  6.2186660000e-06 -1.6435960000e-05 -8.0839126000e-05 -3.9532356000e-05 -4.0186329000e-04  5.5380575000e-05  1.3690101100e-04 -5.3486972000e-05 -2.4046000000e-06  7.4705962000e-05 -1.1841437800e-04  3.8717197000e-05  4.7488126000e-05 -2.3030070000e-06

JOB 9
COORDS  1.4789633336e-01 -2.9575277248e-03  3.4700585056e-03 -5.6053997439e-01 -1.0345133761e+00  6.9446564736e-01 -1.9813854472e+00 -1.0214089063e+00  6.8282524638e-01 -2.6836576898e+00  7.0087866682e-03 -8.2266474680e-03 -1.9684891751e+00  1.0306107898e+00 -6.9303494445e-01 -5.4747988872e-01  1.0340589277e+00 -6.9246305725e-01  1.6795482002e+00 -7.7106276102e-03  1.1145824068e-02  2.3727299582e+00 -6.7409025521e-01 -9.7403849666e-01  2.3631294989e+00  6.5193945055e-01  1.0073977248e+00 -1.1764519913e-02 -1.8324940208e+00  1.2308854372e+00 -2.5388227083e+00 -1.8165902874e+00  1.2150726020e+00 -3.7914695983e+00  1.0825546802e-02 -1.2896219320e-02 -2.5158459665e+00  1.8297523722e+00 -1.2297792348e+00  1.1071989531e-02  1.8286595379e+00 -1.2237805646e+00  3.4266538293e+00 -7.0043819640e-01 -1.0206593335e+00  1.8359886224e+00 -1.1667631127e+00 -1.7343592902e+00  3.4162455805e+00  6.8882900045e-01  1.0633875036e+00  1.8168920131e+00  1.1581746437e+00  1.7518230985e+00
ENERGY -3.765347323290e+02
GRADIENT -9.8979611000e-05  5.7593172000e-05 -2.2617744000e-05 -1.2461655000e-05  7.8679197000e-05 -5.2240600000e-07  6.0978880000e-06 -2.4887554000e-05  5.1784690000e-06 -2.8780180000e-05  2.4915972000e-05 -1.6598576000e-05 -4.1194406000e-05 -1.2540359000e-05 -8.0543120000e-06  2.6484577000e-05 -3.1301155000e-05  1.1325720700e-04  2.3428219000e-04  1.1897833000e-04 -1.3507982000e-05 -1.2523509900e-04 -4.6227873900e-04  5.3232303000e-05  2.3831412000e-05 -3.6942320400e-04 -1.7375913500e-04  6.0920310000e-06  1.7722593000e-05  3.3111020000e-06 -6.5388540000e-06 -1.2295660000e-06 -2.1022490000e-06  1.1815100000e-07  1.2290280000e-06  5.8175680000e-06 -1.9990280000e-06 -5.0913090000e-06 -4.3217020000e-06 -4.8521010000e-06 -9.4908000000e-07  1.0205309000e-05  7.5021856000e-05  3.2576891900e-04  2.2459514100e-04 -5.1200978000e-05  1.0060465900e-04 -1.2689582500e-04  5.8562200000e-06  1.1909974300e-04  3.0204030000e-06 -2.8902296000e-05  6.0413371000e-05 -5.1144073000e-05

JOB 10
COORDS  1.4843219768e-01 -2.2700158814e-03  3.8660536143e-03 -5.5974296655e-01 -1.0344000973e+00  6.9428644969e-01 -1.9805861685e+00 -1.0217224837e+00  6.8216379327e-01 -2.6829913273e+00  6.6821197972e-03 -8.7209731894e-03 -1.9680986336e+00  1.0306590492e+00 -6.9328357894e-01 -5.4714173190e-01  1.0345577406e+00 -6.9234709534e-01  1.6799240491e+00 -6.0995674746e-03  1.1668968878e-02  2.3720961272e+00 -6.7216461774e-01 -9.7449929557e-01  2.3637095120e+00  6.5382230262e-01  1.0077433640e+00 -1.0877592692e-02 -1.8326066532e+00  1.2302935161e+00 -2.5379201968e+00 -1.8172553539e+00  1.2139877052e+00 -3.7908059529e+00  1.0090265770e-02 -1.3653274779e-02 -2.5156495940e+00  1.8296756723e+00 -1.2300215916e+00  1.1352042102e-02  1.8291845495e+00 -1.2236942369e+00  3.4257388362e+00 -7.0394887853e-01 -1.0231557558e+00  1.8329652626e+00 -1.1676159937e+00 -1.7312514090e+00  3.4168661521e+00  6.8828770628e-01  1.0642473712e+00  1.8179386063e+00  1.1585025450e+00  1.7535483382e+00
ENERGY -3.765347369016e+02
GRADIENT -3.9759200000e-06 -6.5090896000e-05  8.5219080000e-06 -2.2472393000e-05  4.9347358000e-05  2.8799345000e-05  6.4289250000e-06 -1.0005000000e-05 -1.2135118000e-05  5.7696360000e-06  1.7317785000e-05 -3.5932740000e-06 -2.3008140000e-05  5.8329800000e-07 -2.0400515000e-05 -5.0362120000e-06  1.2938558000e-05  7.0601964000e-05 -2.3877800000e-05  1.5449541600e-04 -1.2218932700e-04  5.4105681000e-05 -2.0965993200e-04  1.9475889100e-04  5.6533740000e-06 -1.7979958900e-04 -1.1645684000e-05  4.6982020000e-06 -4.0893810000e-06 -1.3905309000e-05 -1.8538660000e-06  1.0354300000e-06  7.5255400000e-07 -3.3760600000e-07  8.0908900000e-07  2.8524540000e-06 -2.4756930000e-06  1.0792060000e-06 -3.5572800000e-07 -6.2143750000e-06 -9.2253570000e-06 -8.6913590000e-06  1.7806595000e-05  9.2618698000e-05 -2.5821908000e-05 -1.5696070000e-05  6.9821662000e-05 -4.3248688000e-05  1.5354080000e-06  5.0099592000e-05 -1.7406733000e-05 -1.3253236000e-05  2.6281701000e-05 -2.7246573000e-05

JOB 11
COORDS  1.4918835238e-01 -1.4837323107e-03  4.4063915630e-03 -5.5874730461e-01 -1.0344645686e+00  6.9379659967e-01 -1.9796049224e+00 -1.0222386328e+00  6.8110097099e-01 -2.6822456007e+00  6.1973008901e-03 -9.4529154764e-03 -1.9673710203e+00  1.0307636168e+00 -6.9321730613e-01 -5.4644713573e-01  1.0353462121e+00 -6.9184479464e-01  1.6805772896e+00 -4.8177244663e-03  1.2442806611e-02  2.3706876060e+00 -6.7056791526e-01 -9.7541713721e-01  2.3651051626e+00  6.5629109777e-01  1.0073779948e+00 -9.8332693886e-03 -1.8328136988e+00  1.2295503182e+00 -2.5368087679e+00 -1.8182942303e+00  1.2122724161e+00 -3.7900632100e+00  9.1564651951e-03 -1.4857887836e-02 -2.5150781382e+00  1.8297891750e+00 -1.2297812567e+00  1.2008636788e-02  1.8303694660e+00 -1.2226519418e+00  3.4241915292e+00 -7.0702050664e-01 -1.0230678354e+00  1.8300833542e+00 -1.1700004465e+00 -1.7284791225e+00  3.4183118894e+00  6.8817115148e-01  1.0642542558e+00  1.8201230576e+00  1.1596193495e+00  1.7546654013e+00
ENERGY -3.765347381931e+02
GRADIENT  3.9571678000e-05 -1.5103466300e-04 -7.3102198000e-05  1.2916285000e-05 -1.7360051000e-05  4.2004159000e-05  2.7448556000e-05  4.4455503000e-05 -3.3736886000e-05 -6.2482649000e-05 -4.3122200000e-07  6.1848270000e-06  4.1111914000e-05 -3.0829928000e-05  1.8630906000e-05  2.6350630000e-06  6.6521158000e-05 -1.8734074000e-05  1.1509417500e-04  1.4080371000e-04  1.0201654000e-05 -1.8347207400e-04 -1.4195236800e-04 -8.7876619000e-05 -5.4244350000e-06  7.8045884000e-05  1.6759871900e-04  4.2968400000e-06 -1.6550649000e-05 -1.6326064000e-05  1.7264970000e-06  6.1342920000e-06  1.4223670000e-06 -7.5186700000e-06 -2.2174490000e-06 -1.1972080000e-06 -1.4591040000e-06 -7.9171000000e-07  6.7099150000e-06  3.0204520000e-06 -8.7882730000e-06 -1.7531239000e-05 -2.8736330000e-05  4.5841537000e-05  3.0815647000e-05  1.7357139000e-05 -1.9109000000e-06 -1.8325623000e-05 -8.4812410000e-06 -1.2228800000e-05 -2.0200848000e-05  1.0257523000e-05  2.3811300000e-06  3.6941030000e-06

JOB 12
COORDS  1.4938591476e-01 -1.2171932261e-03  4.5387400303e-03 -5.5853126044e-01 -1.0344367605e+00  6.9358777457e-01 -1.9793962320e+00 -1.0225022283e+00  6.8108612860e-01 -2.6817921760e+00  6.1926935913e-03 -9.3234619139e-03 -1.9673159236e+00  1.0311906230e+00 -6.9288002881e-01 -5.4639613170e-01  1.0357097139e+00 -6.9139516806e-01  1.6808562005e+00 -5.1111527245e-03  1.1908665500e-02  2.3722612900e+00 -6.6984220523e-01 -9.7574213200e-01  2.3652483263e+00  6.5695663686e-01  1.0061859919e+00 -9.5359004269e-03 -1.8327560965e+00  1.2292896724e+00 -2.5365677068e+00 -1.8187308418e+00  1.2120422778e+00 -3.7896027529e+00  9.0762986568e-03 -1.4744599459e-02 -2.5151477071e+00  1.8302801649e+00 -1.2292321555e+00  1.2059174496e-02  1.8309789754e+00 -1.2218271268e+00  3.4257565796e+00 -7.0830646564e-01 -1.0224791898e+00  1.8319031720e+00 -1.1713300741e+00 -1.7276012042e+00  3.4184270625e+00  6.8843115664e-01  1.0639209389e+00  1.8199829401e+00  1.1596731031e+00  1.7536810659e+00
ENERGY -3.765347383065e+02
GRADIENT  2.2171932000e-05 -3.7065620000e-06  6.0450748000e-05 -1.4732330000e-05  5.2056986000e-05 -1.5562136000e-05 -5.9242494000e-05 -6.0499235000e-05  2.7033553000e-05  1.0602644200e-04 -7.8391990000e-06  1.1469345000e-05 -3.2282487000e-05  6.9474880000e-05 -5.8053919000e-05 -4.8458236000e-05 -2.1842148000e-05  2.4975525000e-05 -1.3540840400e-04 -4.9317647000e-05 -4.4676536000e-05  1.4596330000e-04  1.1656927700e-04  8.9475389000e-05  1.3533043000e-05  1.2631120000e-06 -6.4467896000e-05 -7.2213740000e-06 -1.5335320000e-06 -4.1615080000e-06 -3.5242700000e-07 -7.0418440000e-06  5.5514140000e-06  7.9019260000e-06  2.4121900000e-07  4.8856900000e-07 -5.0642920000e-06  6.7020480000e-06 -3.3994080000e-06 -3.7464750000e-06 -5.2696560000e-06  1.5657300000e-07  4.8807200000e-07 -6.6518045000e-05 -7.3641286000e-05 -3.4363210000e-06 -3.4693100000e-07  2.7965567000e-05 -8.3575500000e-07 -1.0552636000e-05  1.6543703000e-05 -7.4941560000e-06 -1.1689896000e-05 -5.3459000000e-07

