JOB 0
COORDS  1.5481640000e-01 -3.3909200000e-02  3.4063600000e-02 -5.6179960000e-01 -1.1481402000e+00 -5.0669570000e-01 -1.9817379000e+00 -1.1157360000e+00 -5.2148470000e-01 -2.6779224000e+00  1.5317900000e-02 -6.2001000000e-03 -1.9570211000e+00  1.1278961000e+00  5.1608270000e-01 -5.3691130000e-01  1.1195766000e+00  5.2352340000e-01  1.6800235000e+00 -2.6661800000e-02 -6.1891000000e-03  2.3988983000e+00 -8.1664410000e-01  8.6452460000e-01  2.3386761000e+00  8.3430190000e-01 -8.5673940000e-01 -1.7487500000e-02 -2.0226356000e+00 -9.1287160000e-01 -2.5439412000e+00 -1.9730911000e+00 -9.4005790000e-01 -3.7857322000e+00  3.2338300000e-02 -1.6469100000e-02 -2.5005979000e+00  2.0071169000e+00  9.1345090000e-01  2.6628000000e-02  1.9837386000e+00  9.2547710000e-01  3.4519984000e+00 -8.7713740000e-01  8.5265750000e-01  1.8807106000e+00 -1.4557659000e+00  1.5212823000e+00  3.3892002000e+00  9.2164800000e-01 -8.9178720000e-01  1.7763720000e+00  1.4267778000e+00 -1.5206471000e+00
ENERGY -3.765360491250e+02
GRADIENT  2.6495028300e-04 -1.1480676270e-03  6.2048860260e-03 -1.3574690200e-04  1.7868324770e-03 -3.3815805880e-03 -2.9827409000e-05 -3.5659923000e-05 -2.2058165000e-05  4.2457883000e-05 -4.0265940000e-06  1.2399030000e-06 -3.1624630000e-05  3.8862093000e-05  1.3163190000e-05 -4.9773384000e-05 -7.5671268000e-05 -6.7970890000e-06  8.1390650000e-06 -3.5959941390e-03 -5.5677593430e-03 -5.9958452000e-05  2.9778296370e-03  2.8751003060e-03  1.4275691000e-05  7.1858194000e-05  9.9236087000e-05 -2.2094850000e-06  9.5163030000e-06 -5.4388120000e-06 -1.7908920000e-06 -2.5316420000e-06 -1.2190980000e-06  4.5507400000e-06 -2.8478800000e-07 -1.4200000000e-10 -3.6155960000e-06  1.2659760000e-06  4.0964360000e-06  8.8183500000e-07 -4.7861290000e-06 -9.6934180000e-06  6.8029570000e-06  7.3898210000e-05 -1.4656244300e-04 -5.3856930000e-06 -3.9827797000e-05 -1.2157190000e-06 -1.7156960000e-06 -2.1199391000e-05 -3.3720408000e-05  1.7187680000e-06 -1.9055179000e-05 -1.9852783000e-05

JOB 1
COORDS  1.5545988551e-01 -5.1851916822e-02  4.5778782179e-02 -5.6709990808e-01 -1.1430058468e+00 -5.3297575525e-01 -1.9867325797e+00 -1.1011804871e+00 -5.5130037674e-01 -2.6780010141e+00  2.0116455682e-02 -8.9212411989e-03 -1.9509954840e+00  1.1152472207e+00  5.4091584277e-01 -5.3101560571e-01  1.0974519913e+00  5.5238096465e-01  1.6800536396e+00 -4.2761202123e-02 -1.1691894742e-02  2.4080639667e+00 -7.7697658304e-01  8.9936808380e-01  2.3274277023e+00  7.9833016863e-01 -8.9032305749e-01 -2.7202440273e-02 -2.0082945147e+00 -9.6403090680e-01 -2.5526747142e+00 -1.9430470749e+00 -9.9547329741e-01 -3.7856383435e+00  4.4717040617e-02 -2.2477282517e-02 -2.4898377388e+00  1.9894504707e+00  9.5541193650e-01  3.6581623417e-02  1.9503928837e+00  9.7222713580e-01  3.4618351140e+00 -8.2561482821e-01  8.9586396320e-01  1.8955102287e+00 -1.3868900872e+00  1.5875125342e+00  3.3766713050e+00  8.9921235384e-01 -9.2745320547e-01  1.7575510887e+00  1.3612261290e+00 -1.5732394930e+00
ENERGY -3.765350696727e+02
GRADIENT  1.9945689440e-03 -1.2483755800e-03  9.1688749240e-03 -3.7637807100e-04  1.8822843480e-03 -3.5189228220e-03  2.6767104400e-04 -4.0332180000e-06 -1.2696253900e-04 -2.2246463500e-04  1.9439622000e-05  7.0442826000e-05  1.8678871600e-04  1.6160989100e-04 -2.5432070000e-06 -5.2399516600e-04  2.8602503000e-04 -1.0920899480e-03 -1.2657740120e-03 -6.1697923900e-03 -8.4257764950e-03  4.5535519000e-05  3.5805389980e-03  2.9423018000e-03  1.3990474700e-04  1.0111254560e-03  5.5128577900e-04  2.3300605000e-05  9.5690200000e-05 -1.7811561000e-04 -1.6182679000e-05  1.9450675000e-05 -1.8959526000e-05 -3.8606982000e-05 -6.2550770000e-06  8.8014200000e-07 -4.6039519000e-05 -5.1153111000e-05  3.8051638000e-05  2.1092573000e-05  8.1592700000e-06 -4.8708160000e-05 -1.6537924500e-04 -1.4155557600e-04  9.8264822000e-05  7.5600294000e-05  3.3699909900e-04  1.3627010200e-04 -1.4766726000e-04  1.6592228400e-04  1.9118537500e-04  6.8389845000e-05  7.8848508000e-05  1.8881863900e-04

JOB 2
COORDS  1.5325825827e-01 -5.8988821017e-02  5.2039283062e-02 -5.6917326769e-01 -1.1353938794e+00 -5.5370178205e-01 -1.9886791421e+00 -1.0892526998e+00 -5.7460452385e-01 -2.6775967389e+00  2.3405309687e-02 -1.2084556260e-02 -1.9493232027e+00  1.1055945871e+00  5.6106322253e-01 -5.2943080350e-01  1.0840930931e+00  5.7726670686e-01  1.6788124004e+00 -4.8089226223e-02 -8.1952127693e-03  2.4137067837e+00 -7.4539122882e-01  9.2603191206e-01  2.3204767196e+00  7.6681745151e-01 -9.1506464320e-01 -3.0041751681e-02 -1.9933701024e+00 -1.0000774651e+00 -2.5559334039e+00 -1.9203213084e+00 -1.0370418944e+00 -3.7850721511e+00  5.1833668493e-02 -2.8519470522e-02 -2.4870778720e+00  1.9736241765e+00  9.8969272293e-01  3.9634432886e-02  1.9272853243e+00  1.0144954109e+00  3.4679327178e+00 -7.8630865037e-01  9.2441631107e-01  1.9059769615e+00 -1.3373909277e+00  1.6332368756e+00  3.3693409085e+00  8.7010165523e-01 -9.5890075445e-01  1.7465679655e+00  1.3029921489e+00 -1.6160110875e+00
ENERGY -3.765345759347e+02
GRADIENT  1.5996553990e-03 -1.3355148790e-03  9.6190255610e-03 -3.1443593200e-04  1.5920190330e-03 -3.6378928150e-03  2.8847116100e-04 -5.6172639000e-05 -1.2570746900e-04 -1.0884028100e-04  8.5639600000e-06  5.7160024000e-05  3.5373926400e-04  4.4692370000e-06 -1.4142883000e-05 -3.3337909400e-04  1.0717131020e-03 -1.4471608380e-03 -2.0134732800e-03 -6.5340176700e-03 -8.3652002190e-03  5.6009019400e-04  3.6501542030e-03  2.5905017400e-03  1.4575305400e-04  1.1878200210e-03  8.3487610800e-04  1.6855250000e-05  5.9971206000e-05 -2.0933368600e-04  3.5779610000e-06  1.6136897000e-05 -3.4012027000e-05 -3.3355253000e-05 -1.5145696000e-05 -9.7062350000e-06 -3.4151770000e-06 -5.0581253000e-05  5.5258159000e-05  3.1723135000e-05  4.9142445000e-05  7.3525320000e-06 -1.3170726100e-04 -2.7206584100e-04  1.8273914200e-04  4.9951592000e-05  3.5610971200e-04  7.1450690000e-05 -1.5032837600e-04  2.3915156200e-04  2.7455073700e-04  4.8650303000e-05  2.3878418000e-05  1.3738672300e-04

JOB 3
COORDS  1.5389962924e-01 -6.5923243659e-02  5.6557057799e-02 -5.7258568341e-01 -1.1162678437e+00 -5.8816573741e-01 -1.9922869363e+00 -1.0674698260e+00 -6.1076475896e-01 -2.6814965128e+00  2.6917810494e-02 -1.4723553628e-02 -1.9522002701e+00  1.0871782907e+00  5.9587653087e-01 -5.3217373551e-01  1.0586579660e+00  6.1586483447e-01  1.6817933582e+00 -5.0831414999e-02 -3.2044545978e-03  2.4204174818e+00 -6.8893603753e-01  9.6917064742e-01  2.3207845428e+00  7.1356807856e-01 -9.5470820709e-01 -3.5281531770e-02 -1.9615078428e+00 -1.0601278754e+00 -2.5593298246e+00 -1.8821932036e+00 -1.1016690588e+00 -3.7887808159e+00  5.8612434660e-02 -3.4124420979e-02 -2.4880783098e+00  1.9433938929e+00  1.0499312211e+00  3.6662280612e-02  1.8860839730e+00  1.0823050360e+00  3.4752632647e+00 -7.1531308328e-01  9.6430463027e-01  1.9203636334e+00 -1.2517888557e+00  1.7053953790e+00  3.3697441338e+00  8.1257050131e-01 -1.0093133818e+00  1.7448481027e+00  1.2053211297e+00 -1.6861139536e+00
ENERGY -3.765340333162e+02
GRADIENT  3.3109897290e-03 -1.9210079670e-03  9.7361495340e-03 -1.1302178840e-03  2.3728534540e-03 -2.8055042470e-03  6.7408084000e-05 -1.0948036000e-04 -1.4952647000e-04 -3.1709758000e-05 -4.4739652000e-05  1.7667890000e-06 -4.1035457000e-05  4.2139806700e-04  2.9710224100e-04 -1.3413694250e-03  3.5587649200e-04 -2.7916169850e-03 -1.0002683010e-03 -6.4016376330e-03 -8.0611575840e-03  9.3953942000e-05  3.0894806430e-03  2.8400220230e-03  4.3210779900e-04  1.6486677450e-03  1.1789669240e-03  6.7040539000e-05  1.7062665300e-04 -8.3355277000e-05 -9.4725472000e-05  6.5360043000e-05 -4.6698122000e-05 -2.4758373000e-05  2.3988286000e-05  2.3904050000e-06 -1.4114621200e-04 -5.3241842000e-05  4.9512219000e-05  3.1891954000e-05 -1.3937621000e-04 -2.6227324000e-05 -1.0160133100e-04  7.4500281000e-05 -5.8964177500e-04  4.9933640000e-06  1.9456464100e-04  1.2756719600e-04 -1.3136212600e-04  3.3108241900e-04  2.7448969900e-04  4.1743556000e-05 -7.6170297000e-05  5.5642037000e-05

JOB 4
COORDS  1.4634054676e-01 -4.5090665387e-02  4.1458364332e-02 -5.6229042043e-01 -1.1022937339e+00 -6.1084488140e-01 -1.9822005881e+00 -1.0623607315e+00 -6.2393759146e-01 -2.6735434247e+00  2.1152411939e-02 -1.0376987937e-02 -1.9514941238e+00  1.0776197501e+00  6.1581286394e-01 -5.3138836928e-01  1.0656943543e+00  6.3620745630e-01  1.6757507216e+00 -3.0776527600e-02 -5.5890493974e-04  2.4022934294e+00 -6.6536537096e-01  9.8296744341e-01  2.3254854635e+00  6.8972580008e-01 -9.7842367108e-01 -1.7509617757e-02 -1.9393518014e+00 -1.0890132686e+00 -2.5469661779e+00 -1.8759787620e+00 -1.1192030091e+00 -3.7810644467e+00  4.5074128366e-02 -2.4222197790e-02 -2.4947112921e+00  1.9203567987e+00  1.0858917851e+00  3.5101779623e-02  1.8856825898e+00  1.1187383356e+00  3.4566485654e+00 -7.0785889815e-01  9.9834841104e-01  1.8860963581e+00 -1.2131174196e+00  1.7194744310e+00  3.3762194466e+00  7.6296174457e-01 -1.0418310807e+00  1.7565213647e+00  1.1654761710e+00 -1.7258799850e+00
ENERGY -3.765343405172e+02
GRADIENT -2.9384518870e-03 -1.8869780370e-03  6.1358495200e-03  8.2930765400e-04 -6.0556582300e-04 -3.4969433860e-03  3.8662178800e-04  2.4160836300e-04  2.2544490100e-04  1.0273676000e-04  4.5906860000e-06 -6.2543673000e-05  9.5166767300e-04 -1.2205080600e-03 -5.2138529200e-04  1.6993130830e-03  3.8750617350e-03 -6.8455943000e-05 -2.5215547520e-03 -3.4546773310e-03 -4.2584209490e-03  9.9093886300e-04  2.8550911910e-03  1.1566160270e-03  4.0435039000e-05  1.3783974860e-03  4.7172523200e-04 -6.1658541000e-05 -3.3095369300e-04 -8.7810227000e-05  1.7564224100e-04 -9.9200250000e-06 -6.6651329000e-05 -1.3172138000e-05 -5.5002796000e-05 -3.1017408000e-05  2.9357026700e-04  2.3637500000e-06  3.4372195000e-05  5.1111744000e-05  2.3086405700e-04  3.5889911800e-04 -1.4975210000e-05 -7.1519497500e-04  4.7323145200e-04  2.1894911000e-05 -1.6146733900e-04 -2.1445884000e-04 -5.2821870000e-06  1.0335749800e-04  1.4559634200e-04  2.2662700000e-05 -2.4616632600e-04 -1.9693394500e-04

JOB 5
COORDS  1.5288524976e-01 -5.5658799045e-03  7.2242068798e-03 -5.5435536987e-01 -1.0596068169e+00 -6.4725427795e-01 -1.9758303919e+00 -1.0452949731e+00 -6.4208705789e-01 -2.6823931944e+00  9.8784019912e-03  3.0166510412e-03 -1.9713151479e+00  1.0583334916e+00  6.5403840258e-01 -5.4991415921e-01  1.0556258319e+00  6.5748088237e-01  1.6868044839e+00  6.1609603070e-03  4.3201792999e-05  2.3810643642e+00 -6.2327364524e-01  1.0086138103e+00  2.3628342046e+00  6.4082347002e-01 -1.0177349741e+00 -4.3360542896e-03 -1.8821259059e+00 -1.1435640119e+00 -2.5310662408e+00 -1.8604651496e+00 -1.1456107306e+00 -3.7901719011e+00  1.4055968921e-02  8.2951457213e-04 -2.5196519293e+00  1.8786355751e+00  1.1569998594e+00  7.1772551891e-03  1.8657765010e+00  1.1659260975e+00  3.4342815795e+00 -6.8227355291e-01  1.0441734119e+00  1.8413179750e+00 -1.1379395789e+00  1.7522785862e+00  3.4155182035e+00  6.6164611001e-01 -1.0905008917e+00  1.8112397365e+00  1.0954599470e+00 -1.7911054977e+00
ENERGY -3.765346144096e+02
GRADIENT  2.2664236100e-04 -2.1753080650e-03 -9.5939870000e-05 -1.1971700700e-04  1.6437116120e-03  1.9604269000e-05 -2.0615296000e-04 -2.2313058600e-04  8.0374974000e-05  1.1806336600e-04 -2.9810858000e-05 -1.8616033600e-04 -1.0213098010e-03  1.2846263920e-03  9.5627697600e-04 -3.3983281800e-04 -1.6248219220e-03 -1.5497599220e-03  1.6960730660e-03  1.9889589690e-03  8.3871059400e-04 -1.5323968700e-04  9.7133307800e-04  2.5704620000e-04 -2.3494173600e-04  5.2294921400e-04 -1.6697600100e-04  1.2206513800e-04 -1.3913509000e-05  5.1204511200e-04 -7.8003772000e-05  4.7644742000e-05 -3.9415080000e-06  5.4203100000e-05  1.1124333000e-04  9.0705964000e-05 -1.9368431900e-04  1.0729293800e-04 -3.3141815000e-05 -8.8144125000e-05 -4.2380379000e-04  1.3456127400e-04  5.2338944000e-05 -6.4579097400e-04  1.8422195300e-04  3.7467366000e-05 -7.8206208200e-04 -3.9478664500e-04  8.3757554000e-05 -2.7776352300e-04 -2.4297118400e-04  2.8236438000e-05 -4.7923617200e-04 -3.8928454300e-04

JOB 6
COORDS  1.5094933415e-01 -2.0591680260e-03  2.8803283134e-03 -5.5732552423e-01 -1.0585778489e+00 -6.4858701764e-01 -1.9784316732e+00 -1.0484572179e+00 -6.4253649090e-01 -2.6828948802e+00  6.1667447960e-03  4.8295328085e-03 -1.9663687881e+00  1.0538482664e+00  6.5101277725e-01 -5.4533421961e-01  1.0618383851e+00  6.5628271872e-01  1.6833014354e+00 -2.3250550112e-03 -3.3027264292e-03  2.3774214599e+00 -6.2942862765e-01  1.0064016390e+00  2.3639542243e+00  6.3562289027e-01 -1.0153637235e+00 -7.1889009874e-03 -1.8785385257e+00 -1.1492029053e+00 -2.5332292619e+00 -1.8646619743e+00 -1.1448952066e+00 -3.7907383754e+00  1.0951305263e-02  6.6569248129e-03 -2.5156996716e+00  1.8728973448e+00  1.1546061449e+00  1.0952566826e-02  1.8755943127e+00  1.1603290522e+00  3.4313203750e+00 -6.7782636811e-01  1.0331239731e+00  1.8431546419e+00 -1.1298340915e+00  1.7635511844e+00  3.4168364744e+00  6.5785974129e-01 -1.0830694558e+00  1.8155148646e+00  1.1063171075e+00 -1.7812282999e+00
ENERGY -3.765346915083e+02
GRADIENT -3.7166840500e-04 -7.6543876300e-04 -2.3956906800e-04 -4.2660492000e-04  1.1642988450e-03  1.9837911500e-04 -2.2380760300e-04 -3.8620068000e-04 -8.3659808000e-05 -8.6877110400e-04  9.2327758000e-05 -3.7009889000e-05  7.4153001500e-04 -1.2997910380e-03 -6.6688876100e-04  7.3615851900e-04  1.0252637940e-03  3.9674982300e-04  1.3793718670e-03  1.7856872800e-04 -9.3165758000e-05 -6.9118154800e-04  5.9366243400e-04  1.0251046860e-03 -2.5788591800e-04  3.0938256700e-04  4.9577795000e-04 -6.6797055000e-05 -4.3604432000e-05  1.8084589200e-04 -1.2686897000e-04  3.3525297000e-05  1.1127646000e-05 -7.0528643000e-05 -1.1875750600e-04 -8.1145560000e-05  6.9270718000e-05 -8.1455413000e-05 -8.5870083000e-05  1.4381365200e-04 -5.2188036000e-05  1.1493580900e-04  9.2972883000e-05  6.0814168000e-05 -8.3566417700e-04 -5.7050861000e-05 -3.4511032000e-04 -3.5130244000e-05  1.4953282000e-05 -2.6710485500e-04 -1.7550269700e-04 -3.6510211000e-05 -9.8518572000e-05 -8.2719591000e-05

JOB 7
COORDS  1.4884797528e-01 -5.4354458840e-03 -4.0985474894e-03 -5.5422727801e-01 -1.0671276394e+00 -6.5416557076e-01 -1.9747068665e+00 -1.0495080452e+00 -6.3987107711e-01 -2.6756694819e+00  5.8560767169e-03  1.0556813028e-02 -1.9658222034e+00  1.0591491671e+00  6.5436905337e-01 -5.4528533570e-01  1.0602958400e+00  6.5005372306e-01  1.6794145631e+00 -1.0310668329e-02 -1.0598149037e-02  2.3727964424e+00 -6.3532930799e-01  1.0011407368e+00  2.3634256983e+00  6.3483382651e-01 -1.0159141312e+00 -5.8420366089e-03 -1.8851925940e+00 -1.1601778983e+00 -2.5337206154e+00 -1.8644457472e+00 -1.1395191594e+00 -3.7834614746e+00  8.0148600501e-03  1.5029283517e-02 -2.5139514946e+00  1.8785570916e+00  1.1588892675e+00  1.4916487578e-02  1.8757874881e+00  1.1469757345e+00  3.4262603012e+00 -6.7808579872e-01  1.0436481981e+00  1.8337486232e+00 -1.1212568038e+00  1.7639976021e+00  3.4165307902e+00  6.6648534193e-01 -1.0742253736e+00  1.8175564912e+00  1.1169295236e+00 -1.7763782118e+00
ENERGY -3.765346858658e+02
GRADIENT -7.6126090900e-04  5.1685094100e-04  1.5107488500e-04  9.4682793800e-04 -1.5666177650e-03 -1.0233423340e-03  3.0730544700e-04  6.8823596600e-04  4.3495271900e-04  1.4518011930e-03 -7.1162148000e-05 -3.0278433000e-05 -7.5015223800e-04  1.1976808700e-03  7.6443166400e-04 -5.7514071100e-04 -1.1941775200e-04 -4.6808305000e-05 -9.3181110900e-04 -2.1553504540e-03 -1.0444653490e-03  3.6428680200e-04  1.1216770490e-03  1.6943690700e-04 -5.6351866000e-05  3.0182979200e-04  6.9213019900e-04 -6.1046770000e-06 -1.6947868400e-04 -2.2512301000e-04  2.4722065000e-04 -7.3836753000e-05 -4.2733501000e-05  8.7618667000e-05  1.2917794800e-04  5.9274390000e-05 -2.2643741000e-05  9.8119153000e-05  8.5678820000e-05 -2.1887300600e-04  1.4982597200e-04 -1.7067420000e-06 -2.1079122000e-05 -2.2778354300e-04  7.6726000000e-08 -1.7464501000e-05  1.4313137900e-04 -2.2648245000e-05 -2.5315745000e-05 -1.0098814100e-04 -7.6494860000e-05 -3.9144813000e-05  1.3711924000e-04  1.5718444500e-04

JOB 8
COORDS  1.5187043452e-01 -2.0889554750e-04 -3.2700354856e-03 -5.5535469761e-01 -1.0587064888e+00 -6.5366667454e-01 -1.9762697534e+00 -1.0484368878e+00 -6.4193004374e-01 -2.6802283855e+00  3.4309360324e-03  1.0818818268e-02 -1.9661236186e+00  1.0532545328e+00  6.5604183150e-01 -5.4524679090e-01  1.0604722447e+00  6.5452615247e-01  1.6831427589e+00 -3.7161706945e-03 -1.0597925579e-02  2.3724840954e+00 -6.3190730640e-01  1.0021951035e+00  2.3683833131e+00  6.3132307825e-01 -1.0219404084e+00 -5.6747767824e-03 -1.8749692353e+00 -1.1608662389e+00 -2.5321200963e+00 -1.8641961799e+00 -1.1438144601e+00 -3.7880507863e+00  5.1725762084e-03  1.6475426534e-02 -2.5149101314e+00  1.8705608378e+00  1.1631464562e+00  1.1992668799e-02  1.8756928120e+00  1.1551443813e+00  3.4254333435e+00 -6.7925428403e-01  1.0522762679e+00  1.8282068961e+00 -1.1158817336e+00  1.7625954303e+00  3.4216051412e+00  6.5909942544e-01 -1.0807943865e+00  1.8237854168e+00  1.1075735164e+00 -1.7870309440e+00
ENERGY -3.765347279725e+02
GRADIENT  2.3352681900e-04  1.8824952700e-04  1.4014912500e-04 -3.4599102000e-05  1.0603809600e-04  1.2224111900e-04 -6.3728798000e-05 -2.2795847000e-05 -4.4474238000e-05 -1.5930564500e-04 -8.4109530000e-06  1.6629718000e-05  1.8582942100e-04 -1.8269639300e-04 -1.4144111400e-04 -5.8781169000e-05  7.2194938000e-05  1.4417335600e-04 -5.2036640200e-04 -7.8895731800e-04 -3.2896047300e-04  3.9095477900e-04  8.3162277400e-04 -1.2823100800e-04  5.2789959000e-05  3.8310383400e-04  6.3559945000e-05 -3.1451193000e-05  1.4591274000e-05 -2.9971669000e-05 -1.1103516000e-05  4.4569320000e-06 -1.3811870000e-06 -1.4827739000e-05 -2.6454106000e-05 -1.4053592000e-05  4.0950880000e-06 -2.1025918000e-05 -9.8728740000e-06  2.7860936000e-05  1.3482298000e-05 -2.0015534000e-05 -8.0983659000e-05 -4.4381900200e-04  4.1677740000e-04  4.6368874000e-05 -2.6437000000e-05 -1.2714223000e-04  1.7483300000e-06 -7.9807176000e-05 -6.9428451000e-05  1.1135367000e-05 -1.1292452000e-05  1.1668053000e-05

JOB 9
COORDS  1.5121203112e-01  7.8401966712e-04 -2.4746743269e-03 -5.5473751482e-01 -1.0568492502e+00 -6.5538333963e-01 -1.9756849451e+00 -1.0465973933e+00 -6.4430159784e-01 -2.6801701316e+00  4.3041901690e-03  9.6302284599e-03 -1.9673501804e+00  1.0531630021e+00  6.5786868044e-01 -5.4637984435e-01  1.0596677278e+00  6.5737560473e-01  1.6828947969e+00 -1.7560031392e-03 -7.5003823728e-03  2.3722035914e+00 -6.3068084782e-01  1.0047088374e+00  2.3685176946e+00  6.2602923023e-01 -1.0229575909e+00 -4.2398181736e-03 -1.8724950723e+00 -1.1626516928e+00 -2.5312913612e+00 -1.8616442499e+00 -1.1476159987e+00 -3.7879854566e+00  5.8352954719e-03  1.4315621280e-02 -2.5165678181e+00  1.8694831142e+00  1.1661266094e+00  1.0640763009e-02  1.8733839282e+00  1.1606277065e+00  3.4259868586e+00 -6.6984625006e-01  1.0446033797e+00  1.8335151246e+00 -1.1148258062e+00  1.7691606739e+00  3.4217968266e+00  6.5235521057e-01 -1.0816684044e+00  1.8244635520e+00  1.0986146374e+00 -1.7907586320e+00
ENERGY -3.765347307596e+02
GRADIENT -1.1431903700e-04 -3.9828329000e-05 -1.0044261400e-04  4.7544283000e-05  6.1579418000e-05  8.8114325000e-05 -6.6892780000e-05 -5.6717204000e-05 -4.4098772000e-05 -1.6656882000e-05 -1.6561056000e-05 -1.0539719000e-05 -7.5478390000e-06  2.9471149000e-05  2.0568030000e-06  6.9199478000e-05 -7.7235267000e-05  3.2684823000e-05  7.5502751300e-04  1.9806568900e-04 -7.8601676000e-05 -6.2713953300e-04 -1.0762427200e-04  7.7513846800e-04 -8.0234003000e-05  2.0991773200e-04 -4.9863978000e-05 -4.0020380000e-06  5.8030230000e-06  2.0085160000e-05 -4.8757050000e-06 -1.3208670000e-06  9.9154400000e-07  3.0300600000e-06 -3.8307100000e-07  4.9431230000e-06  2.3096370000e-06  9.1450970000e-06  1.3501800000e-07  9.0418870000e-06 -1.4267652000e-05  2.4981600000e-07  3.9234347000e-05  2.0929685300e-04 -5.7328796700e-04 -2.2119936000e-05 -2.2250269400e-04  1.0901690000e-05 -1.3960390000e-06 -1.0185860700e-04  1.3429500000e-05 -2.6972180000e-06 -8.2950778000e-05 -9.0962995000e-05

JOB 10
COORDS  1.5141512631e-01 -1.2049619473e-04 -2.5927625765e-03 -5.5506261370e-01 -1.0575749498e+00 -6.5545919399e-01 -1.9759417916e+00 -1.0466383599e+00 -6.4416412889e-01 -2.6801582676e+00  4.4553120445e-03  9.7013832041e-03 -1.9668429837e+00  1.0532485687e+00  6.5739923913e-01 -5.4589418459e-01  1.0594276931e+00  6.5663933086e-01  1.6829312676e+00 -3.6262824124e-03 -8.0011144111e-03  2.3743595470e+00 -6.3230117683e-01  1.0029611085e+00  2.3680176670e+00  6.2555831166e-01 -1.0228642909e+00 -4.9746216797e-03 -1.8732497906e+00 -1.1631571779e+00 -2.5318889731e+00 -1.8615082873e+00 -1.1473878177e+00 -3.7879792053e+00  6.3117638993e-03  1.4493219676e-02 -2.5157390367e+00  1.8698857754e+00  1.1654801830e+00  1.1341704793e-02  1.8734421519e+00  1.1591919601e+00  3.4279384479e+00 -6.7128901629e-01  1.0477522023e+00  1.8346285397e+00 -1.1126900573e+00  1.7689429972e+00  3.4212142878e+00  6.5460371380e-01 -1.0816038267e+00  1.8231196818e+00  1.1006832125e+00 -1.7884612631e+00
ENERGY -3.765347367753e+02
GRADIENT -2.4668847000e-05  1.5452710500e-04 -1.3318008300e-04  4.5412190000e-06 -1.0696967000e-05  3.2010715000e-05  5.1524090000e-06  2.1099182000e-05  1.1717562000e-05 -5.4005430000e-05 -1.1216398000e-05 -2.4148250000e-06  1.7318375000e-05 -1.8864174000e-05 -1.3634405000e-05 -1.5717853000e-05 -4.5087796000e-05  2.3610625000e-05 -9.8983322000e-05 -1.9400047000e-04 -2.4669614000e-05  1.2528587500e-04  2.5640498500e-04  9.0648617000e-05  3.7599763000e-05  1.1544984000e-05  2.4038940800e-04 -1.2474420000e-06  1.3989276000e-05 -1.7083028000e-05 -3.1745410000e-06  6.1124900000e-07  6.7006210000e-06 -4.5894200000e-06  2.8113370000e-06 -4.3899400000e-07 -3.0504350000e-06 -5.2833520000e-06  2.0511920000e-06  6.0644350000e-06  6.4099040000e-06 -1.9036966000e-05  3.0400910000e-05 -5.0425862000e-05 -8.0536008000e-05 -2.6002077000e-05 -6.7540238000e-05 -4.8817479000e-05  1.6490000000e-09 -2.2748139000e-05 -5.3271671000e-05 -1.7240650000e-05 -4.0692151000e-05 -1.3126202000e-05

JOB 11
COORDS  1.5210153964e-01 -4.1802348001e-04 -3.0196308535e-03 -5.5446453222e-01 -1.0579708271e+00 -6.5577256212e-01 -1.9752924601e+00 -1.0472471641e+00 -6.4394353878e-01 -2.6789127452e+00  3.8661761189e-03  1.0541159627e-02 -1.9657193831e+00  1.0528384670e+00  6.5805113376e-01 -5.4479528279e-01  1.0591949849e+00  6.5663158537e-01  1.6834144958e+00 -3.5639839448e-03 -9.9756194062e-03  2.3725793097e+00 -6.3357783049e-01  1.0017463051e+00  2.3689032962e+00  6.2563250070e-01 -1.0247543537e+00 -4.4296725510e-03 -1.8734059763e+00 -1.1639271237e+00 -2.5314945509e+00 -1.8620095856e+00 -1.1470710322e+00 -3.7867289626e+00  5.6175386991e-03  1.5855355789e-02 -2.5145762839e+00  1.8693451954e+00  1.1663836796e+00  1.2608895268e-02  1.8733029096e+00  1.1588576936e+00  3.4259176836e+00 -6.7197270347e-01  1.0512201020e+00  1.8305457507e+00 -1.1099146517e+00  1.7685918829e+00  3.4221760022e+00  6.5556916598e-01 -1.0814243700e+00  1.8247959908e+00  1.1030385434e+00 -1.7894835120e+00
ENERGY -3.765347376348e+02
GRADIENT  8.2415195000e-05  5.4884568000e-05  1.3044228300e-04 -1.8135634000e-05 -5.1646219000e-05  3.0113039000e-05 -3.4766547000e-05 -4.4607951000e-05 -5.7950297000e-05  1.1782537200e-04 -3.6723480000e-06  1.2636321000e-05 -2.1133820000e-05  3.5129431000e-05 -5.4683680000e-06 -1.6628097000e-05  2.4807620000e-06  6.4329328000e-05 -4.3357268000e-05 -1.9919113500e-04 -1.8186709600e-04 -6.8313778000e-05  1.2192881600e-04  1.0448032700e-04 -3.2575270000e-06  1.7823377300e-04 -1.2942752500e-04 -1.2631114000e-05  3.4299520000e-06 -2.1533181000e-05  1.8425030000e-06 -9.4285790000e-06 -5.7561280000e-06  5.0861370000e-06 -4.0754970000e-06 -4.6017000000e-08  5.2660050000e-06  4.6953210000e-06  5.1461540000e-06 -4.5523670000e-06  1.4737443000e-05 -8.2005840000e-06 -4.8712425000e-05 -8.1147613000e-05  5.3686428000e-05  2.7061416000e-05 -9.4418800000e-07 -1.2001253000e-05 -7.6509590000e-06 -3.2811479000e-05  2.0898546000e-05  1.7660835000e-05  1.2899272000e-05 -2.0400200000e-07

